# # logMh LcMh -err(LcMh) +err(LcMh)
9.500000000000000000e+00 2.055962355297884869e+01 2.068516703123971823e+01 2.043408007471797916e+01
9.509018036072143687e+00 2.048074303282472997e+01 2.060628649415997415e+01 2.035519957148948578e+01
9.518036072144287374e+00 2.040182173723934866e+01 2.052736515436048848e+01 2.027627832011820885e+01
9.527054108216432837e+00 2.032284302210209503e+01 2.044838637822698502e+01 2.019729966597720505e+01
9.536072144288578301e+00 2.024379496085047947e+01 2.036933825091617933e+01 2.011825167078477961e+01
9.545090180360720211e+00 2.016466847740386470e+01 2.029021170903729754e+01 2.003912524577043186e+01
9.554108216432865675e+00 2.008545602910059458e+01 2.021099922270773064e+01 1.995991283549345852e+01
9.563126252505011138e+00 2.000615077067683245e+01 2.013169395818195540e+01 1.988060758317170951e+01
9.572144288577153048e+00 1.992674613031482878e+01 2.005228935225226294e+01 1.980120290837739461e+01
9.581162324649298512e+00 1.984723572878891318e+01 1.997277902962045104e+01 1.972169242795737532e+01
9.590180360721443975e+00 1.976761357273766961e+01 1.989315699443970331e+01 1.964207015103563592e+01
9.599198396793585886e+00 1.968787445308976558e+01 1.981341802722499423e+01 1.956233087895453693e+01
9.608216432865731349e+00 1.960801447967192601e+01 1.973355821833132140e+01 1.948247074101253062e+01
9.617234468937876812e+00 1.952803168302735060e+01 1.965357556919886406e+01 1.940248779685583713e+01
9.626252505010018723e+00 1.944792661447220539e+01 1.957347059256358790e+01 1.932238263638082287e+01
9.635270541082164186e+00 1.936770287541854785e+01 1.949324684283237374e+01 1.924215890800472195e+01
9.644288577154309650e+00 1.928736750699208002e+01 1.941291130782198948e+01 1.916182370616217057e+01
9.653306613226451560e+00 1.920693117097228964e+01 1.933247459306024751e+01 1.908138774888433176e+01
9.662324649298597024e+00 1.912640805308336667e+01 1.925195082984852135e+01 1.900086527631821198e+01
9.671342685370742487e+00 1.904581541966430791e+01 1.917135723828494775e+01 1.892027360104366807e+01
9.680360721442884397e+00 1.896517275874571951e+01 1.909071327644652882e+01 1.883963224104491019e+01
9.689378757515029861e+00 1.888450043656178678e+01 1.901003930692954924e+01 1.875896156619402433e+01
9.698396793587175324e+00 1.880381780052572793e+01 1.892935471194735442e+01 1.867828088910410145e+01
9.707414829659317235e+00 1.872314065969632324e+01 1.884867538818395261e+01 1.859760593120869387e+01
9.716432865731462698e+00 1.864247807376390043e+01 1.876801055260264661e+01 1.851694559492515424e+01
9.725450901803608161e+00 1.856182838158424175e+01 1.868735879040892911e+01 1.843629797275955440e+01
9.734468937875750072e+00 1.848117440028777025e+01 1.860670327636590571e+01 1.835564552420963480e+01
9.743486973947895535e+00 1.840047772599269393e+01 1.852600610066168940e+01 1.827494935132369847e+01
9.752505010020040999e+00 1.831967206715025753e+01 1.844520163052774109e+01 1.819414250377277398e+01
9.761523046092182909e+00 1.823865554154976820e+01 1.836418883880669028e+01 1.811312224429284612e+01
9.770541082164328373e+00 1.815738128085594738e+01 1.828291618166866783e+01 1.803184638004322693e+01
9.779559118236473836e+00 1.807600799246710466e+01 1.820154391222682833e+01 1.795047207270738099e+01
9.788577154308615746e+00 1.799453677996064016e+01 1.812007423637994918e+01 1.786899932354133114e+01
9.797595190380761210e+00 1.791296162840337658e+01 1.803850058173643234e+01 1.778742267507032082e+01
9.806613226452906673e+00 1.783127930536754135e+01 1.795681940868959003e+01 1.770573920204549268e+01
9.815631262525050360e+00 1.774948884938525495e+01 1.787502966343252453e+01 1.762394803533798537e+01
9.824649298597194047e+00 1.766759109658449489e+01 1.779313226992216457e+01 1.754204992324682522e+01
9.833667334669339510e+00 1.758558824497366402e+01 1.771112966042650072e+01 1.746004682952082732e+01
9.842685370741483197e+00 1.750348345584181686e+01 1.762902534428890888e+01 1.737794156739472484e+01
9.851703406813626884e+00 1.742128049174158022e+01 1.754682351454349742e+01 1.729573746893966302e+01
9.860721442885772348e+00 1.733898339052219129e+01 1.746452869201575808e+01 1.721343808902862449e+01
9.869739478957916035e+00 1.725659617487957931e+01 1.738214540654232110e+01 1.713104694321683752e+01
9.878757515030059722e+00 1.717412259689058729e+01 1.729967791494380336e+01 1.704856727883737122e+01
9.887775551102205185e+00 1.709156591699866823e+01 1.721712995538492663e+01 1.696600187861240983e+01
9.896793587174348872e+00 1.700892871691816310e+01 1.713450453775591598e+01 1.688335289608041023e+01
9.905811623246492559e+00 1.692621274592396929e+01 1.705180376970882605e+01 1.680062172213911253e+01
9.914829659318638022e+00 1.684341879999426794e+01 1.696902871798338452e+01 1.671780888200515136e+01
9.923847695390781709e+00 1.676054663327314032e+01 1.688617930465600736e+01 1.663491396189027327e+01
9.932865731462925396e+00 1.667759490132002398e+01 1.680325423794581852e+01 1.655193556469422944e+01
9.941883767535070859e+00 1.659456113561367374e+01 1.672025097721225961e+01 1.646887129401508787e+01
9.950901803607214546e+00 1.651144174877736859e+01 1.663716573177784852e+01 1.638571776577688865e+01
9.959919839679358233e+00 1.642823206999248242e+01 1.655399349321007918e+01 1.630247064677488567e+01
9.968937875751503697e+00 1.634492641006784197e+01 1.647072810069681736e+01 1.621912471943886658e+01
9.977955911823647384e+00 1.626151815563184400e+01 1.638736233914894314e+01 1.613567397211474486e+01
9.986973947895791071e+00 1.617799989191433596e+01 1.630388806966423232e+01 1.605211171416443960e+01
9.995991983967936534e+00 1.609436355358567994e+01 1.622029639198665762e+01 1.596843071518470225e+01
1.000501002004008022e+01 1.601060060312001454e+01 1.613657783859508399e+01 1.588462336764494509e+01
1.001402805611222391e+01 1.592670223614969771e+01 1.605272260005514440e+01 1.580068187224424925e+01
1.002304609218436937e+01 1.584265961327831107e+01 1.596872078126861538e+01 1.571659844528800676e+01
1.003206412825651306e+01 1.575846411781938627e+01 1.588456268825426321e+01 1.563236554738450934e+01
1.004108216432865675e+01 1.567410763892755909e+01 1.580023914509380667e+01 1.554797613276131152e+01
1.005010020040080221e+01 1.558958287958992628e+01 1.571574184067757329e+01 1.546342391850227926e+01
1.005911823647294590e+01 1.550488368894427182e+01 1.563106370488343799e+01 1.537870367300510566e+01
1.006813627254508958e+01 1.542000541839142080e+01 1.554619931382316445e+01 1.529381152295967716e+01
1.007715430861723505e+01 1.533494530096899844e+01 1.546114532379028894e+01 1.520874527814770794e+01
1.008617234468937873e+01 1.524970285345360388e+01 1.537590093354343423e+01 1.512350477336377352e+01
1.009519038076152242e+01 1.516428030065844723e+01 1.529046837455899066e+01 1.503809222675790380e+01
1.010420841683366788e+01 1.507868302139385897e+01 1.520485342888741087e+01 1.495251261390030706e+01
1.011322645290581157e+01 1.499292001555764209e+01 1.511906597424700394e+01 1.486677405686828024e+01
1.012224448897795526e+01 1.490700439182225523e+01 1.503312055598905772e+01 1.478088822765545274e+01
1.013126252505010072e+01 1.482095387538633169e+01 1.494703698556868332e+01 1.469487076520398006e+01
1.014028056112224441e+01 1.473479133525742846e+01 1.486084096515514652e+01 1.460874170535971039e+01
1.014929859719438809e+01 1.464854533053305552e+01 1.477456473801560399e+01 1.452252592305050705e+01
1.015831663326653356e+01 1.456225067514743188e+01 1.468824776430655987e+01 1.443625358598830388e+01
1.016733466933867724e+01 1.447589511114977157e+01 1.460189054914256346e+01 1.434989967315697967e+01
1.017635270541082093e+01 1.438941268016352737e+01 1.451541323055316646e+01 1.426341212977388828e+01
1.018537074148296639e+01 1.430279733522994867e+01 1.442880438525929421e+01 1.417679028520060314e+01
1.019438877755511008e+01 1.421604493037945360e+01 1.434205797055396836e+01 1.409003189020493885e+01
1.020340681362725377e+01 1.412915233673825099e+01 1.425516958387114208e+01 1.400313508960535991e+01
1.021242484969939923e+01 1.404211735655515270e+01 1.416813633635128866e+01 1.391609837675901673e+01
1.022144288577154292e+01 1.395493863421088498e+01 1.408095671879560129e+01 1.382892054962616868e+01
1.023046092184368661e+01 1.386761556479712709e+01 1.399363046115003506e+01 1.374160066844421912e+01
1.023947895791583207e+01 1.378014820085294367e+01 1.390615838666100679e+01 1.365413801504488056e+01
1.024849699398797576e+01 1.369253715784583036e+01 1.381854226184401924e+01 1.356653205384764149e+01
1.025751503006011944e+01 1.360478351898462179e+01 1.373078464340652616e+01 1.347878239456271743e+01
1.026653306613226491e+01 1.351688873995193774e+01 1.364288872326681457e+01 1.339088875663706091e+01
1.027555110220440859e+01 1.342885455414331375e+01 1.355485817281012118e+01 1.330285093547650632e+01
1.028456913827655228e+01 1.334068287900040772e+01 1.346669698752344502e+01 1.321466877047737043e+01
1.029358717434869774e+01 1.325237572402578579e+01 1.337840933315064795e+01 1.312634211490092362e+01
1.030260521042084143e+01 1.316393510106663101e+01 1.328999939450926071e+01 1.303787080762400130e+01
1.031162324649298512e+01 1.307536293745451772e+01 1.320147122811020957e+01 1.294925464679882587e+01
1.032064128256513058e+01 1.298666099258902307e+01 1.311282861972233427e+01 1.286049336545571187e+01
1.032965931863727427e+01 1.289783077855230076e+01 1.302407494802286614e+01 1.277158660908173538e+01
1.033867735470941795e+01 1.280887348534191972e+01 1.293521305547528044e+01 1.268253391520855899e+01
1.034769539078156342e+01 1.271978991130961845e+01 1.284624512757623904e+01 1.259333469504299785e+01
1.035671342685370711e+01 1.263058039939314980e+01 1.275717258161285983e+01 1.250398821717343978e+01
1.036573146292585079e+01 1.254124477972857576e+01 1.266799596607178913e+01 1.241449359338536240e+01
1.037474949899799626e+01 1.245178231923051548e+01 1.257871487184161907e+01 1.232484976661941189e+01
1.038376753507013994e+01 1.236219167872772928e+01 1.248932785635012976e+01 1.223505550110532880e+01
1.039278557114228363e+01 1.227247087824116534e+01 1.239983238177756775e+01 1.214510937470476293e+01
1.040180360721442909e+01 1.218261727099216785e+01 1.231022476848772484e+01 1.205500977349661085e+01
1.041082164328657278e+01 1.209262752672812269e+01 1.222050016481816570e+01 1.196475488863807968e+01
1.041983967935871647e+01 1.200249762495269046e+01 1.213065253437086533e+01 1.187434271553451559e+01
1.042885771543086193e+01 1.191222285864833097e+01 1.204067466194499225e+01 1.178377105535166969e+01
1.043787575150300562e+01 1.182179784907842368e+01 1.195055817925325492e+01 1.169303751890359244e+01
1.044689378757514930e+01 1.173121657225604864e+01 1.186029361156294470e+01 1.160213953294915257e+01
1.045591182364729477e+01 1.164047239766725284e+01 1.176987044640356572e+01 1.151107434893093995e+01
1.046492985971943845e+01 1.154955813983597679e+01 1.167927722548234648e+01 1.141983905418960710e+01
1.047394789579158214e+01 1.145846612331782133e+01 1.158850166094880230e+01 1.132843058568684036e+01
1.048296593186372760e+01 1.136718826171041741e+01 1.149753077715031679e+01 1.123684574627051802e+01
1.049198396793587129e+01 1.127571615126756122e+01 1.140635107901986167e+01 1.114508122351526076e+01
1.050100200400801498e+01 1.118404117970434442e+01 1.131494874823724395e+01 1.105313361117144488e+01
1.051002004008016044e+01 1.109215465078101204e+01 1.122330986830564825e+01 1.096099943325637582e+01
1.051903807615230413e+01 1.100004792525270503e+01 1.113142067968473192e+01 1.086867517082067813e+01
1.052805611222444782e+01 1.090771257877232792e+01 1.103926786612157684e+01 1.077615729142307899e+01
1.053707414829659328e+01 1.081514057733428658e+01 1.094683887332133665e+01 1.068344228134723650e+01
1.054609218436873697e+01 1.072232447084623885e+01 1.085412226109878020e+01 1.059052668059369751e+01
1.055511022044088065e+01 1.062925760541607900e+01 1.076110809015206016e+01 1.049740712068009785e+01
1.056412825651302612e+01 1.053593435494193642e+01 1.066778834460052039e+01 1.040408036528335245e+01
1.057314629258516980e+01 1.044235037259231191e+01 1.057415739142779820e+01 1.031054335375682562e+01
1.058216432865731349e+01 1.034850286276359910e+01 1.048021247797149158e+01 1.021679324755570661e+01
1.059118236472945895e+01 1.025439087410271277e+01 1.038595426860124959e+01 1.012282747960417595e+01
1.060020040080160264e+01 1.016001561418199373e+01 1.029138742172647802e+01 1.002864380663750943e+01
1.060921843687374633e+01 1.006538078641364642e+01 1.019652120827503516e+01 9.934240364552257674e+00
1.061823647294589179e+01 9.970492949791410098e+00 1.010137017278466764e+01 9.839615726798152551e+00
1.062725450901803548e+01 9.875361902046616791e+00 1.000595483824845289e+01 9.744768965844780695e+00
1.063627254509017916e+01 9.780001086805926391e+00 9.910302455855573456e+00 9.649699717756279327e+00
1.064529058116232463e+01 9.684428025338391421e+00 9.814447800769185548e+00 9.554408249907597295e+00
1.065430861723446831e+01 9.588664773479109726e+00 9.718434015082719313e+00 9.458895531875500140e+00
1.066332665330661200e+01 9.492738404316616752e+00 9.622313499095813683e+00 9.363163309537419821e+00
1.067234468937875747e+01 9.396681517231765923e+00 9.526148852051731453e+00 9.267214182411800394e+00
1.068136272545090115e+01 9.300532588247527599e+00 9.430010568584346942e+00 9.171054607910708256e+00
1.069038076152304662e+01 9.204325443901456794e+00 9.333828958953199972e+00 9.074821928849713615e+00
1.069939879759519030e+01 9.107975551356210175e+00 9.237485610522037760e+00 8.978465492190382591e+00
1.070841683366733399e+01 9.011390720404056864e+00 9.140928796680654500e+00 8.881852644127459229e+00
1.071743486973947945e+01 8.914577277886763795e+00 9.044154225861593233e+00 8.785000329911934358e+00
1.072645290581162314e+01 8.817540191952085493e+00 8.947158767021020864e+00 8.687921616883150122e+00
1.073547094188376683e+01 8.720283130813758277e+00 8.849940254198900291e+00 8.590626007428616262e+00
1.074448897795591229e+01 8.622808537572966614e+00 8.752497311189628704e+00 8.493119763956304524e+00
1.075350701402805598e+01 8.525117708925350257e+00 8.654829190782113102e+00 8.395406227068587413e+00
1.076252505010019966e+01 8.427210877284357693e+00 8.556935628087684265e+00 8.297486126481031121e+00
1.077154308617234513e+01 8.329087295852350081e+00 8.458816707475108387e+00 8.199357884229591775e+00
1.078056112224448881e+01 8.230745326170216813e+00 8.360472742631090526e+00 8.101017909709343101e+00
1.078957915831663250e+01 8.132182527676347306e+00 8.261904169264928655e+00 8.002460886087765957e+00
1.079859719438877796e+01 8.033395748806327674e+00 8.163111449976343081e+00 7.903680047636312267e+00
1.080761523046092165e+01 7.934381219164137633e+00 8.064094990805044105e+00 7.804667447523231161e+00
1.081663326653306711e+01 7.835134642295701113e+00 7.964855068980590147e+00 7.705414215610812079e+00
1.082565130260521080e+01 7.735651288596234743e+00 7.865391771391731623e+00 7.605910805800737862e+00
1.083466933867735449e+01 7.635926087881824031e+00 7.765704943293391338e+00 7.506147232470256725e+00
1.084368737474949995e+01 7.535953721156708696e+00 7.665794146770490869e+00 7.406113295542926522e+00
1.085270541082164364e+01 7.435728711107083555e+00 7.565658628477168079e+00 7.305798793736999031e+00
1.086172344689378733e+01 7.335245510852224093e+00 7.465297296169935315e+00 7.205193725534512872e+00
1.087074148296593279e+01 7.234498590484300884e+00 7.364708703553842106e+00 7.104288477414759662e+00
1.087975951903807648e+01 7.133482520927691972e+00 7.263891042960223032e+00 7.003073998895160912e+00
1.088877755511022016e+01 7.032192054648610302e+00 7.162842145374547442e+00 6.901541963922673162e+00
1.089779559118236563e+01 6.930622202746421934e+00 7.061559487333497032e+00 6.799684918159346836e+00
1.090681362725450931e+01 6.828768307957430395e+00 6.960040204209763104e+00 6.697496411705097685e+00
1.091583166332665300e+01 6.726626113102001980e+00 6.858281109403185027e+00 6.594971116800818933e+00
1.092484969939879846e+01 6.624191824506331372e+00 6.756278718957252849e+00 6.492104930055409895e+00
1.093386773547094215e+01 6.521462169929698405e+00 6.654029281119551165e+00 6.388895058739845645e+00
1.094288577154308584e+01 6.418434450528032187e+00 6.551528810364705357e+00 6.285340090691359016e+00
1.095190380761523130e+01 6.315106586385125453e+00 6.448773125398892248e+00 6.181440047371358659e+00
1.096092184368737499e+01 6.211477155142320683e+00 6.345757890664453171e+00 6.077196419620188195e+00
1.096993987975951867e+01 6.107545423257483286e+00 6.242478660863228335e+00 5.972612185651738237e+00
1.097895791583166414e+01 6.003311369424641164e+00 6.138930928017602540e+00 5.867691810831679788e+00
1.098797595190380783e+01 5.898775699685062435e+00 6.035110170587882017e+00 5.762441228782242852e+00
1.099699398797595151e+01 5.793939853760639025e+00 5.931011904164532389e+00 5.656867803356745661e+00
1.100601202404809698e+01 5.688806002140882612e+00 5.826631733254335366e+00 5.550980271027429858e+00
1.101503006012024066e+01 5.583377033454402394e+00 5.721965403679066142e+00 5.444788663229738646e+00
1.102404809619238435e+01 5.477656531655631156e+00 5.617008855105198428e+00 5.338304208206063883e+00
1.103306613226452981e+01 5.371648742558199352e+00 5.511758273223737348e+00 5.231539211892661356e+00
1.104208416833667350e+01 5.265358529245740549e+00 5.406210141098730659e+00 5.124506917392750438e+00
1.105110220440881719e+01 5.158791315890960405e+00 5.300361289203015858e+00 5.017221342578904952e+00
1.106012024048096265e+01 5.051953019514336063e+00 5.194208943660252764e+00 4.909697095368419362e+00
1.106913827655310634e+01 4.944849969213249707e+00 5.087750772211863115e+00 4.801949166214636300e+00
1.107815631262525002e+01 4.837488812392347626e+00 4.980984927427325459e+00 4.693992697357369792e+00
1.108717434869739549e+01 4.729876407526557358e+00 4.873910086677019748e+00 4.585842728376094968e+00
1.109619238476953917e+01 4.622019702987493872e+00 4.766525488386083254e+00 4.477513917588904491e+00
1.110521042084168286e+01 4.513925601464118031e+00 4.658830964087878890e+00 4.369020238840357173e+00
1.111422845691382832e+01 4.405600809509004456e+00 4.550826965796131773e+00 4.260374653221877139e+00
1.112324649298597201e+01 4.297051671741024315e+00 4.442514588214319105e+00 4.151588755267729525e+00
1.113226452905811570e+01 4.188283989235253912e+00 4.333895585300817643e+00 4.042672393169690181e+00
1.114128256513026116e+01 4.079302821631473286e+00 4.224972380708920561e+00 3.933633262554025567e+00
1.115030060120240485e+01 3.970112272492105188e+00 4.115748071620302539e+00 3.824476473363907836e+00
1.115931863727454854e+01 3.860715257440319181e+00 4.006226425490387655e+00 3.715204089390250708e+00
1.116833667334669400e+01 3.751113254609777403e+00 3.896411869224832625e+00 3.605814639994722182e+00
1.117735470941883769e+01 3.641306036936746260e+00 3.786309470305567526e+00 3.496302603567924994e+00
1.118637274549098137e+01 3.531291385825425788e+00 3.675924909385011929e+00 3.386657862265839647e+00
1.119539078156312684e+01 3.421064785717859102e+00 3.565264443867500521e+00 3.276865127568217684e+00
1.120440881763527052e+01 3.310619099099237239e+00 3.454334861996528616e+00 3.166903336201945862e+00
1.121342685370741421e+01 3.199944221469387173e+00 3.343143426966292076e+00 3.056745015972482271e+00
1.122244488977955967e+01 3.089026715811847179e+00 3.231697810576680041e+00 2.946355621047014317e+00
1.123146292585170336e+01 2.977849426091312868e+00 3.120006015950229195e+00 2.835692836232396541e+00
1.124048096192384705e+01 2.866391069310273210e+00 3.008076288829579781e+00 2.724705849790966639e+00
1.124949899799599251e+01 2.754625805656209181e+00 2.895917016974556724e+00 2.613334594337861638e+00
1.125851703406813620e+01 2.642519492061329522e+00 2.783478144724405912e+00 2.501560839398253133e+00
1.126753507014027988e+01 2.530030622878118862e+00 2.670676177552391728e+00 2.389385068203845996e+00
1.127655310621242535e+01 2.417114656987892740e+00 2.557479695367010475e+00 2.276749618608775005e+00
1.128557114228456904e+01 2.303721534583980546e+00 2.443855379582183129e+00 2.163587689585777962e+00
1.129458917835671272e+01 2.189841741504960471e+00 2.329814349468176449e+00 2.049869133541744493e+00
1.130360721442885819e+01 2.075458520697390785e+00 2.215360460413561050e+00 1.935556580981220742e+00
1.131262525050100187e+01 1.960704593196535672e+00 2.100551479981926928e+00 1.820857706411144417e+00
1.132164328657314556e+01 1.845630508907236900e+00 1.985410526021030631e+00 1.705850491793443169e+00
1.133066132264529102e+01 1.730219332970240664e+00 1.869932352365724526e+00 1.590506313574756803e+00
1.133967935871743471e+01 1.614457682665476623e+00 1.754113954935755171e+00 1.474801410395198076e+00
1.134869739478957840e+01 1.498335349213034462e+00 1.637954276250103147e+00 1.358716422175965777e+00
1.135771543086172386e+01 1.381844935697441379e+00 1.521453889885417521e+00 1.242235981509465237e+00
1.136673346693386755e+01 1.264981511165261807e+00 1.404614671278616722e+00 1.125348351051906892e+00
1.137575150300601123e+01 1.147742280946022042e+00 1.287439454148734619e+00 1.008045107743309465e+00
1.138476953907815670e+01 1.030126273247106816e+00 1.169931683284305635e+00 8.903208632099079978e-01
1.139378757515030038e+01 9.121340420726319342e-01 1.052095072331859393e+00 7.721730118134044751e-01
1.140280561122244407e+01 7.937673865163101805e-01 9.339332631277651453e-01 6.536015099048552157e-01
1.141182364729458953e+01 6.750290864789445511e-01 8.154494973656245538e-01 5.346086755922645484e-01
1.142084168336673322e+01 5.559226548605685769e-01 6.966463047586473056e-01 4.151990049624898482e-01
1.142985971943887691e+01 4.364521062772315219e-01 5.775252130177790377e-01 2.953789995366840615e-01
1.143887775551102237e+01 3.166217423530803821e-01 4.580864849670103767e-01 1.751569997391503875e-01
1.144789579158316606e+01 1.964359536377438542e-01 3.383288881166576223e-01 5.454301915883008611e-02
1.145691382765530975e+01 7.589903819903315307e-02 2.182495020153918941e-01 -6.645142561732558795e-02
1.146593186372745521e+01 -4.498496305841015452e-02 9.784356870245236593e-02 -1.878134948192726750e-01
1.147494989979959890e+01 -1.662124142984925945e-01 -2.289560841919011103e-02 -3.095292201777950503e-01
1.148396793587174258e+01 -2.877802158330765026e-01 -1.439767119679027374e-01 -4.315837196982502677e-01
1.149298597194388805e+01 -4.096859183247719138e-01 -2.654103989053144264e-01 -5.539614377442294568e-01
1.150200400801603173e+01 -5.319278200630974673e-01 -3.872092244742549871e-01 -6.766464156519399475e-01
1.151102204408817542e+01 -6.545050472640080441e-01 -5.093874964319705656e-01 -7.996225980960455226e-01
1.152004008016032088e+01 -7.774176173421448732e-01 -6.319610542571660883e-01 -9.228741804271236582e-01
1.152905811623246457e+01 -9.006664851057881727e-01 -7.549469680100919788e-01 -1.046386002201484366e+00
1.153807615230460826e+01 -1.024253571824523146e+00 -8.783631515248969679e-01 -1.170143992124149435e+00
1.154709418837675372e+01 -1.148181777118957747e+00 -1.002227884612825193e+00 -1.294135669625090301e+00
1.155611222444889741e+01 -1.272454973622488161e+00 -1.126559238955449294e+00 -1.418350708289527029e+00
1.156513026052104109e+01 -1.397077984365112435e+00 -1.251374402367191330e+00 -1.542781566363033541e+00
1.157414829659318656e+01 -1.522056542828634784e+00 -1.376688896105668469e+00 -1.667424189551601099e+00
1.158316633266533024e+01 -1.647397235623253131e+00 -1.502515679909113056e+00 -1.792278791337393207e+00
1.159218436873747393e+01 -1.773107427735537200e+00 -1.628864139440049819e+00 -1.917350716031024582e+00
1.160120240480961940e+01 -1.899195170297133917e+00 -1.755738950813835242e+00 -2.042651389780432591e+00
1.161022044088176308e+01 -2.025669090824194107e+00 -1.883138816891252842e+00 -2.168199364757135150e+00
1.161923847695390677e+01 -2.152538265877526058e+00 -2.011055070014382107e+00 -2.294021461740670009e+00
1.162825651302605223e+01 -2.279812076092815776e+00 -2.139470135864338207e+00 -2.420154016321293344e+00
1.163727454909819592e+01 -2.407500043530907519e+00 -2.268355853120049836e+00 -2.546644233941765201e+00
1.164629258517033961e+01 -2.535611651298150804e+00 -2.397671643597350855e+00 -2.673551658998950753e+00
1.165531062124248507e+01 -2.664156145386148644e+00 -2.527362527546918702e+00 -2.800949763225378586e+00
1.166432865731462876e+01 -2.793142318680901681e+00 -2.657356978790270219e+00 -2.928927658571533144e+00
1.167334669338677244e+01 -2.922578334328851390e+00 -2.787565629967051706e+00 -3.057591038690651075e+00
1.168236472945891791e+01 -3.052482795859654541e+00 -2.918079749272221690e+00 -3.186885842447087391e+00
1.169138276553106159e+01 -3.182877033134183797e+00 -3.049036466050327299e+00 -3.316717600218040296e+00
1.170040080160320528e+01 -3.313776176823643560e+00 -3.180462599582842387e+00 -3.447089754064444733e+00
1.170941883767535074e+01 -3.445194848821025335e+00 -3.312378067613465316e+00 -3.578011630028585355e+00
1.171843687374749443e+01 -3.577147059197752110e+00 -3.444796591545856934e+00 -3.709497526849647286e+00
1.172745490981963812e+01 -3.709646097395400854e+00 -3.577726424608167033e+00 -3.841565770182634676e+00
1.173647294589178358e+01 -3.842704417436463959e+00 -3.711171094727867548e+00 -3.974237740145060371e+00
1.174549098196392727e+01 -3.976333516938772128e+00 -3.845130153861103572e+00 -4.107536880016440684e+00
1.175450901803607096e+01 -4.110543809718223862e+00 -3.979599925520756365e+00 -4.241487693915691359e+00
1.176352705410821642e+01 -4.245344491763774819e+00 -4.114574235217318687e+00 -4.376114748310230951e+00
1.177254509018036011e+01 -4.380743400369280671e+00 -4.250045148681838469e+00 -4.511441652056722873e+00
1.178156312625250557e+01 -4.516746866206922562e+00 -4.386003665351356773e+00 -4.647490067062488350e+00
1.179058116232464926e+01 -4.653359558125909956e+00 -4.522440331678565961e+00 -4.784278784573253951e+00
1.179959919839679294e+01 -4.790584320461690915e+00 -4.659345889346549363e+00 -4.921822751576832466e+00
1.180861723446893841e+01 -4.928422002639397448e+00 -4.796711857364280185e+00 -5.060132147914514711e+00
1.181763527054108209e+01 -5.066871280856197757e+00 -4.934531005831780170e+00 -5.199211555880615343e+00
1.182665330661322578e+01 -5.205928471627205845e+00 -5.072797801052268518e+00 -5.339059142202143171e+00
1.183567134268537124e+01 -5.345586943247546685e+00 -5.211508371594120170e+00 -5.479665514900973200e+00
1.184468937875751493e+01 -5.485826956079464800e+00 -5.350650827383998553e+00 -5.621003084774931047e+00
1.185370741482965862e+01 -5.626631562286545041e+00 -5.490221554412832994e+00 -5.763041570160257088e+00
1.186272545090180408e+01 -5.767985038872025072e+00 -5.630223950871169336e+00 -5.905746126872880808e+00
1.187174348697394777e+01 -5.909867801126789999e+00 -5.770663543779070537e+00 -6.049072058474509461e+00
1.188076152304609145e+01 -6.052256177182222530e+00 -5.911547858765302976e+00 -6.192964495599142083e+00
1.188977955911823692e+01 -6.195122173207128213e+00 -6.052886164494609034e+00 -6.337358181919647393e+00
1.189879759519038060e+01 -6.338433229077772069e+00 -6.194689083531668139e+00 -6.482177374623875998e+00
1.190781563126252607e+01 -6.482151964349991857e+00 -6.336968061430290788e+00 -6.627335867269692926e+00
1.191683366733466976e+01 -6.626235914361508605e+00 -6.479734685835528474e+00 -6.772737142887488737e+00
1.192585170340681344e+01 -6.770637256293975170e+00 -6.622999847387824879e+00 -6.918274665200125462e+00
1.193486973947895891e+01 -6.915335172584409662e+00 -6.766786842354446385e+00 -7.063883502814372939e+00
1.194388777555110259e+01 -7.060485833075546225e+00 -6.911195138107698810e+00 -7.209776528043393640e+00
1.195290581162324628e+01 -7.206148389511253249e+00 -7.056280735344898858e+00 -7.356016043677607641e+00
1.196192384769539174e+01 -7.352352141424807641e+00 -7.202083766957881217e+00 -7.502620515891734065e+00
1.197094188376753543e+01 -7.499119005023770157e+00 -7.348636595391838888e+00 -7.649601414655701426e+00
1.197995991983967912e+01 -7.646463830279981444e+00 -7.495962135184072395e+00 -7.796965525375890493e+00
1.198897795591182458e+01 -7.794394739114806292e+00 -7.644071973768709505e+00 -7.944717504460903079e+00
1.199799599198396827e+01 -7.942913480300538787e+00 -7.792964280516461173e+00 -8.092862680084616400e+00
1.200701402805611195e+01 -8.092015796698843744e+00 -7.942621082781679220e+00 -8.241410510616008267e+00
1.201603206412825742e+01 -8.241691800456363737e+00 -8.093006688987243180e+00 -8.390376911925484293e+00
1.202505010020040110e+01 -8.391926351778359106e+00 -8.244064412235852402e+00 -8.539788291320865810e+00
1.203406813627254479e+01 -8.542699436901285637e+00 -8.395713272033807684e+00 -8.689685601768763590e+00
1.204308617234469025e+01 -8.693986540884395708e+00 -8.547844892690010354e+00 -8.840128189078781062e+00
1.205210420841683394e+01 -8.845759010841300451e+00 -8.700319931635103643e+00 -8.991198090047497260e+00
1.206112224448897763e+01 -8.997984405232344329e+00 -8.852964225770293183e+00 -9.143004584694395476e+00
1.207014028056112309e+01 -9.150636577287924567e+00 -9.005737683762914614e+00 -9.295535470812934520e+00
1.207915831663326678e+01 -9.303709754815345789e+00 -9.158974401336413607e+00 -9.448445108294277972e+00
1.208817635270541047e+01 -9.457179932498876340e+00 -9.312687538384446739e+00 -9.601672326613305941e+00
1.209719438877755593e+01 -9.611022235059337504e+00 -9.466868024580751495e+00 -9.755176445537923513e+00
1.210621242484969962e+01 -9.765212623645528112e+00 -9.621505657157968017e+00 -9.908919590133088207e+00
1.211523046092184330e+01 -9.919728380274866808e+00 -9.776588856957848961e+00 -1.006286790359188466e+01
1.212424849699398877e+01 -1.007454857848735941e+01 -9.932104619496287867e+00 -1.021699253747843095e+01
1.213326653306613245e+01 -1.022965453511293354e+01 -1.008803863820072344e+01 -1.037127043202514365e+01
1.214228456913827614e+01 -1.038503023805241199e+01 -1.024437557697761214e+01 -1.052568489912721184e+01
1.215130260521042160e+01 -1.054066274497131239e+01 -1.040109946926662587e+01 -1.068022602067599891e+01
1.216032064128256529e+01 -1.069654254780663827e+01 -1.055819422073921032e+01 -1.083489087487406621e+01
1.216933867735470898e+01 -1.085266389798688635e+01 -1.071564419279918567e+01 -1.098968360317458703e+01
1.217835671342685444e+01 -1.100902508726441908e+01 -1.087343484404199323e+01 -1.114461533048684494e+01
1.218737474949899813e+01 -1.116562867906049661e+01 -1.103155340683036201e+01 -1.129970395129063121e+01
1.219639278557114181e+01 -1.132248168522298037e+01 -1.118998957614384970e+01 -1.145497379430211105e+01
1.220541082164328728e+01 -1.147959568309608613e+01 -1.134873618785911020e+01 -1.161045517833306207e+01
1.221442885771543096e+01 -1.163698686780231917e+01 -1.150778986361846812e+01 -1.176618387198617022e+01
1.222344689378757465e+01 -1.179467603463668723e+01 -1.166715159944437374e+01 -1.192220046982900072e+01
1.223246492985972012e+01 -1.195268848647251048e+01 -1.182682727525652133e+01 -1.207854969768849962e+01
1.224148296593186380e+01 -1.211105386107902682e+01 -1.198682806244926091e+01 -1.223527965970879272e+01
1.225050100200400749e+01 -1.226980587325082972e+01 -1.214716938066120377e+01 -1.239244236584045566e+01
1.225951903807615295e+01 -1.242898196664849664e+01 -1.230787429740729522e+01 -1.255008963588969806e+01
1.226853707414829664e+01 -1.258862287025057825e+01 -1.246897126319723981e+01 -1.270827447730391668e+01
1.227755511022044033e+01 -1.274877205431701555e+01 -1.263049379924673232e+01 -1.286705030938729877e+01
1.228657314629258579e+01 -1.290947508076331118e+01 -1.279248042003167640e+01 -1.302646974149494596e+01
1.229559118236472948e+01 -1.307077884284564462e+01 -1.295497394833838634e+01 -1.318658373735290290e+01
1.230460921843687316e+01 -1.323273068905699290e+01 -1.311802056833378316e+01 -1.334744080978020264e+01
1.231362725450901863e+01 -1.339537742613359228e+01 -1.328166859380468345e+01 -1.350908625846250111e+01
1.232264529058116231e+01 -1.355876419607191075e+01 -1.344596692871598620e+01 -1.367156146342783529e+01
1.233166332665330600e+01 -1.372293322205622701e+01 -1.361096319723764836e+01 -1.383490324687480566e+01
1.234068136272545146e+01 -1.388792241819608364e+01 -1.377670152038933082e+01 -1.399914331600283646e+01
1.234969939879759515e+01 -1.405376385797389105e+01 -1.394321991645280256e+01 -1.416430779949497953e+01
1.235871743486973884e+01 -1.422048209630265347e+01 -1.411054730230166498e+01 -1.433041689030364196e+01
1.236773547094188430e+01 -1.438809234009322324e+01 -1.427870007279764231e+01 -1.449748460738880418e+01
1.237675350701402799e+01 -1.455659846223118237e+01 -1.444767823540311369e+01 -1.466551868905925105e+01
1.238577154308617168e+01 -1.472599085386353046e+01 -1.461746107715989851e+01 -1.483452063056716241e+01
1.239478957915831714e+01 -1.489624410989440761e+01 -1.478800234118311785e+01 -1.500448587860569738e+01
1.240380761523046083e+01 -1.506731454259006142e+01 -1.495922488982014364e+01 -1.517540419535997920e+01
1.241282565130260451e+01 -1.523913751819317319e+01 -1.513101483162438932e+01 -1.534726020476195707e+01
1.242184368737474998e+01 -1.541162461144582707e+01 -1.530321508929299412e+01 -1.552003413359866002e+01
1.243086172344689366e+01 -1.558466057292127260e+01 -1.547561838571819415e+01 -1.569370276012435106e+01
1.243987975951903735e+01 -1.575810010406463135e+01 -1.564795962530231321e+01 -1.586824058282694949e+01
1.244889779559118281e+01 -1.593176517635130907e+01 -1.581992066827693577e+01 -1.604360968442568236e+01
1.245791583166332650e+01 -1.610547345716413759e+01 -1.599168853136771418e+01 -1.621925838296056099e+01
1.246693386773547019e+01 -1.627900115172211315e+01 -1.616335851507012578e+01 -1.639464378837410052e+01
1.247595190380761565e+01 -1.645207071508542640e+01 -1.633477590457067663e+01 -1.656936552560017617e+01
1.248496993987975934e+01 -1.662436044470731744e+01 -1.650577015378062384e+01 -1.674295073563401104e+01
1.249398797595190302e+01 -1.679550052160150742e+01 -1.667615249823144197e+01 -1.691484854497157286e+01
1.250300601202404849e+01 -1.696509079787705332e+01 -1.684572306707406142e+01 -1.708445852868004522e+01
1.251202404809619217e+01 -1.713390394821870899e+01 -1.701479094712242102e+01 -1.725301694931499696e+01
1.252104208416833586e+01 -1.730241999697125621e+01 -1.718353791993314417e+01 -1.742130207400936825e+01
1.253006012024048133e+01 -1.747051095489252148e+01 -1.735188330337167883e+01 -1.758913860641336413e+01
1.253907815631262501e+01 -1.763806448838737140e+01 -1.751975316821525297e+01 -1.775637580855948983e+01
1.254809619238476870e+01 -1.780498155973291929e+01 -1.768707868325708432e+01 -1.792288443620875427e+01
1.255711422845691416e+01 -1.797117416962428749e+01 -1.785379456337497217e+01 -1.808855377587360280e+01
1.256613226452905785e+01 -1.813656320500687968e+01 -1.801983762109952991e+01 -1.825328878891422946e+01
1.257515030060120154e+01 -1.830107639516122120e+01 -1.818514542221743824e+01 -1.841700736810500416e+01
1.258416833667334700e+01 -1.846464637900544759e+01 -1.834965504594415364e+01 -1.857963771206674153e+01
1.259318637274549069e+01 -1.862720888658139984e+01 -1.851330195020134184e+01 -1.874111582296145784e+01
1.260220440881763437e+01 -1.878870103769043709e+01 -1.867601894253445849e+01 -1.890138313284641569e+01
1.261122244488977984e+01 -1.894905976064400122e+01 -1.883773525720487996e+01 -1.906038426408312247e+01
1.262024048096192352e+01 -1.910822033409488796e+01 -1.899837573899183951e+01 -1.921806492919793641e+01
1.262925851703406721e+01 -1.926611505491541720e+01 -1.915786013423968015e+01 -1.937436997559115426e+01
1.263827655310621267e+01 -1.942267203508734852e+01 -1.931610248968465982e+01 -1.952924158049003722e+01
1.264729458917835636e+01 -1.957781413056979858e+01 -1.947301065959678468e+01 -1.968261760154281248e+01
1.265631262525050005e+01 -1.973145800511098358e+01 -1.962848592177195073e+01 -1.983443008845001643e+01
1.266533066132264551e+01 -1.988351333196896675e+01 -1.978242270290879290e+01 -1.998460396102914061e+01
1.267434869739478920e+01 -2.003388213650747574e+01 -1.993470841390570314e+01 -2.013305585910924833e+01
1.268336673346693289e+01 -2.018245828263261643e+01 -2.008522339561315562e+01 -2.027969316965207724e+01
1.269238476953907835e+01 -2.032912710603582696e+01 -2.023384097557596206e+01 -2.042441323649569185e+01
1.270140280561122204e+01 -2.047376519720886279e+01 -2.038042763630070908e+01 -2.056710275811701649e+01
1.271042084168336572e+01 -2.061624033719695603e+01 -2.052484329558363996e+01 -2.070763737881027211e+01
1.271943887775551119e+01 -2.075641158905519745e+01 -2.066694169943360038e+01 -2.084588147867679453e+01
1.272845691382765487e+01 -2.089412954797415978e+01 -2.080657092812518272e+01 -2.098168816782313684e+01
1.273747494989979856e+01 -2.102923675304078088e+01 -2.094357401591754098e+01 -2.111489949016402079e+01
1.274649298597194402e+01 -2.116156826359952703e+01 -2.107778968497321159e+01 -2.124534684222584247e+01
1.275551102204408771e+01 -2.129095240318006788e+01 -2.120905319401244071e+01 -2.137285161234769504e+01
1.276452905811623317e+01 -2.141721167395716918e+01 -2.133644872888596211e+01 -2.149797461902837625e+01
1.277354709418837686e+01 -2.154016384470797618e+01 -2.145437507394146337e+01 -2.162595261547448899e+01
1.278256513026052055e+01 -2.165962321523323197e+01 -2.156864363286005570e+01 -2.175060279760640825e+01
1.279158316633266601e+01 -2.177540206020731617e+01 -2.167855052559178120e+01 -2.187225359482285114e+01
1.280060120240480970e+01 -2.188731225542328218e+01 -2.178409950234341608e+01 -2.199052500850314829e+01
1.280961923847695338e+01 -2.199517066205057958e+01 -2.188538626340266191e+01 -2.210495506069849725e+01
1.281863727454909885e+01 -2.209887706706791377e+01 -2.198232760247861250e+01 -2.221542653165721504e+01
1.282765531062124253e+01 -2.219830284577049184e+01 -2.207481436772904360e+01 -2.232179132381194009e+01
1.283667334669338622e+01 -2.229329919812805016e+01 -2.216271962358606729e+01 -2.242387877267003304e+01
1.284569138276553169e+01 -2.238373134467126846e+01 -2.224593273253708148e+01 -2.252152995680545544e+01
1.285470941883767537e+01 -2.246948117506050835e+01 -2.232436184731686879e+01 -2.261460050280414791e+01
1.286372745490981906e+01 -2.255045010696914431e+01 -2.239793656844496184e+01 -2.270296364549332679e+01
1.287274549098196452e+01 -2.262656215812509330e+01 -2.246661076725377981e+01 -2.278651354899640680e+01
1.288176352705410821e+01 -2.269776723435483845e+01 -2.253036557455365596e+01 -2.286516889415602094e+01
1.289078156312625190e+01 -2.276404463647359577e+01 -2.258429113379104436e+01 -2.294379813915614719e+01
1.289979959919839736e+01 -2.282540678886583407e+01 -2.263130553471195938e+01 -2.301950804301970877e+01
1.290881763527054105e+01 -2.288190319259967609e+01 -2.267312042945866324e+01 -2.309068595574068894e+01
1.291783567134268473e+01 -2.293362460591971086e+01 -2.270984812099217720e+01 -2.315740109084724452e+01
1.292685370741483020e+01 -2.298070745496152512e+01 -2.274165140716500133e+01 -2.321976350275804890e+01
1.293587174348697388e+01 -2.302333847753232376e+01 -2.276874867224744747e+01 -2.327792828281720006e+01
1.294488977955911757e+01 -2.306175960280141268e+01 -2.279141922291319489e+01 -2.333209998268963048e+01
1.295390781563126303e+01 -2.309627306974449112e+01 -2.281000887048073977e+01 -2.338253726900824248e+01
1.296292585170340672e+01 -2.312724678718568683e+01 -2.282493576120701206e+01 -2.342955781316436159e+01
1.297194388777555041e+01 -2.315511993828129889e+01 -2.283669645642964241e+01 -2.347354342013295536e+01
1.298096192384769587e+01 -2.318040883228918148e+01 -2.284587226435438723e+01 -2.351494540022397572e+01
1.298997995991983956e+01 -2.320371300646763046e+01 -2.285313582528398868e+01 -2.355429018765127225e+01
1.299899799599198325e+01 -2.322572158094782324e+01 -2.285925795208504496e+01 -2.359218520981060152e+01
1.300801603206412871e+01 -2.324720109398612422e+01 -2.286552042409496011e+01 -2.362888176387728834e+01
1.301703406813627240e+01 -2.326897290781065664e+01 -2.287381484365389284e+01 -2.366413097196742044e+01
1.302605210420841608e+01 -2.329002802493674551e+01 -2.288252842754172178e+01 -2.369752762233176924e+01
1.303507014028056155e+01 -2.330932559867176934e+01 -2.288999802353524160e+01 -2.372865317380829708e+01
1.304408817635270523e+01 -2.332699641042211880e+01 -2.289637064242129583e+01 -2.375762217842294177e+01
1.305310621242484892e+01 -2.334316338140413194e+01 -2.290177920998517536e+01 -2.378454755282308852e+01
1.306212424849699438e+01 -2.335794190861089703e+01 -2.290634358892796385e+01 -2.380954022829383021e+01
1.307114228456913807e+01 -2.337144019258537497e+01 -2.291017155245542369e+01 -2.383270883271532625e+01
1.308016032064128176e+01 -2.338375955705834741e+01 -2.291335971059076471e+01 -2.385415940352593012e+01
1.308917835671342722e+01 -2.339499476050973215e+01 -2.291599439026365914e+01 -2.387399513075580515e+01
1.309819639278557091e+01 -2.340523429971153035e+01 -2.291815247022760360e+01 -2.389231612919545711e+01
1.310721442885771459e+01 -2.341456070531119593e+01 -2.291990217185818324e+01 -2.390921923876420863e+01
1.311623246492986006e+01 -2.342305082951373763e+01 -2.292130380688442770e+01 -2.392479785214304755e+01
1.312525050100200374e+01 -2.343077612592103520e+01 -2.292241048310551932e+01 -2.393914176873655109e+01
1.313426853707414921e+01 -2.343780292158687573e+01 -2.292326876914518152e+01 -2.395233707402856993e+01
1.314328657314629289e+01 -2.344419268134633327e+01 -2.292391931929619986e+01 -2.396446604339646669e+01
1.315230460921843658e+01 -2.345000226447774594e+01 -2.292439745950716912e+01 -2.397560706944832276e+01
1.316132264529058205e+01 -2.345528417375595254e+01 -2.292473373556385141e+01 -2.398583461194805366e+01
1.317034068136272573e+01 -2.346008679695524179e+01 -2.292495442451757270e+01 -2.399521916939291089e+01
1.317935871743486942e+01 -2.346445464086038157e+01 -2.292508201041268379e+01 -2.400382727130807936e+01
1.318837675350701488e+01 -2.346842855784451487e+01 -2.292513562536579741e+01 -2.401172149032323233e+01
1.319739478957915857e+01 -2.347204596507196683e+01 -2.292513145704861088e+01 -2.401896047309532278e+01
1.320641282565130226e+01 -2.347534105638485968e+01 -2.292508312362707201e+01 -2.402559898914264735e+01
1.321543086172344772e+01 -2.347834500693188176e+01 -2.292500201720898545e+01 -2.403168799665477806e+01
1.322444889779559141e+01 -2.348108617059752490e+01 -2.292489761685227023e+01 -2.403727472434277956e+01
1.323346693386773509e+01 -2.348359027029056634e+01 -2.292477777218639190e+01 -2.404240276839474078e+01
1.324248496993988056e+01 -2.348588058115010568e+01 -2.292464895869916575e+01 -2.404711220360104562e+01
1.325150300601202424e+01 -2.348797810672770581e+01 -2.292451650574121658e+01 -2.405143970771419504e+01
1.326052104208416793e+01 -2.348990174820401933e+01 -2.292438479830040166e+01 -2.405541869810763700e+01
1.326953907815631339e+01 -2.349166846669861286e+01 -2.292425745359858169e+01 -2.405907947979864403e+01
1.327855711422845708e+01 -2.349329343873122866e+01 -2.292413747356296838e+01 -2.406244940389948894e+01
1.328757515030060077e+01 -2.349479020489316028e+01 -2.292402737422439074e+01 -2.406555303556192982e+01
1.329659318637274623e+01 -2.349617081178710265e+01 -2.292392929309475491e+01 -2.406841233047945039e+01
1.330561122244488992e+01 -2.349744594729400760e+01 -2.292384507557600415e+01 -2.407104681901201104e+01
1.331462925851703361e+01 -2.349862506922551120e+01 -2.292377634145297449e+01 -2.407347379699804790e+01
1.332364729458917907e+01 -2.349971652742026862e+01 -2.292372453252229292e+01 -2.407570852231824432e+01
1.333266533066132276e+01 -2.350072767934282680e+01 -2.292369094240978455e+01 -2.407776441627586905e+01
1.334168336673346644e+01 -2.350166499924341323e+01 -2.292367672962856417e+01 -2.407965326885826229e+01
1.335070140280561191e+01 -2.350253418093724633e+01 -2.292368291493022880e+01 -2.408138544694426386e+01
1.335971943887775559e+01 -2.350334023426168528e+01 -2.292371036400134088e+01 -2.408297010452202969e+01
1.336873747494989928e+01 -2.350408757526989945e+01 -2.292375975655760811e+01 -2.408441539398219078e+01
1.337775551102204474e+01 -2.350478011021944624e+01 -2.292383154288805969e+01 -2.408572867755083280e+01
1.338677354709418843e+01 -2.350542131341417118e+01 -2.292392588890139749e+01 -2.408691673792694488e+01
1.339579158316633212e+01 -2.350601429895813865e+01 -2.292404261072705296e+01 -2.408798598718922435e+01
1.340480961923847758e+01 -2.350656188647977274e+01 -2.292418109992295072e+01 -2.408894267303659475e+01
1.341382765531062127e+01 -2.350706666088506225e+01 -2.292434024034269413e+01 -2.408979308142743037e+01
1.342284569138276495e+01 -2.350753102619794177e+01 -2.292451831771399995e+01 -2.409054373468188359e+01
1.343186372745491042e+01 -2.350795725354665677e+01 -2.292471292298112218e+01 -2.409120158411219137e+01
1.344088176352705410e+01 -2.350834752335436661e+01 -2.292492085046326622e+01 -2.409177419624546701e+01
1.344989979959919779e+01 -2.350870396179260524e+01 -2.292513799188143864e+01 -2.409226993170377185e+01
1.345891783567134325e+01 -2.350902867155610565e+01 -2.292535922730609599e+01 -2.409269811580611531e+01
1.346793587174348694e+01 -2.350932375701731303e+01 -2.292557831407768987e+01 -2.409306919995693619e+01
1.347695390781563063e+01 -2.350959134381923477e+01 -2.292578777475258178e+01 -2.409339491288588775e+01
1.348597194388777609e+01 -2.350983359296513697e+01 -2.292597878512669141e+01 -2.409368840080358254e+01
1.349498997995991978e+01 -2.351005270946335912e+01 -2.292614106338891489e+01 -2.409396435553780336e+01
1.350400801603206347e+01 -2.351025094558599449e+01 -2.292626276145692188e+01 -2.409423912971506709e+01
1.351302605210420893e+01 -2.351043059879975061e+01 -2.292633035954745679e+01 -2.409453083805204443e+01
1.352204408817635262e+01 -2.351059345920145205e+01 -2.292634628488256965e+01 -2.409484063352033445e+01
1.353106212424849630e+01 -2.351074016739982753e+01 -2.292635157307139337e+01 -2.409512876172826168e+01
1.354008016032064177e+01 -2.351087545623948927e+01 -2.292635324960682297e+01 -2.409539766287215556e+01
1.354909819639278545e+01 -2.351100195961341655e+01 -2.292635388824205123e+01 -2.409565003098478186e+01
1.355811623246492914e+01 -2.351111258687192418e+01 -2.292634664839146907e+01 -2.409587852535237928e+01
1.356713426853707460e+01 -2.351120598873780665e+01 -2.292633076886278332e+01 -2.409608120861282998e+01
1.357615230460921829e+01 -2.351128764075976818e+01 -2.292631268304994308e+01 -2.409626259846959329e+01
1.358517034068136198e+01 -2.351135997322184323e+01 -2.292629618476715336e+01 -2.409642376167653310e+01
1.359418837675350744e+01 -2.351142591203612042e+01 -2.292628600951367801e+01 -2.409656581455856283e+01
1.360320641282565113e+01 -2.351148865366712215e+01 -2.292628765448042216e+01 -2.409668965285382214e+01
1.361222444889779482e+01 -2.351154945184708112e+01 -2.292629856261966026e+01 -2.409680034107450197e+01
1.362124248496994028e+01 -2.351160898238435237e+01 -2.292631272418483235e+01 -2.409690524058387240e+01
1.363026052104208397e+01 -2.351166887071769196e+01 -2.292633135670948619e+01 -2.409700638472589773e+01
1.363927855711422765e+01 -2.351173063706859878e+01 -2.292635561851338366e+01 -2.409710565562381390e+01
1.364829659318637312e+01 -2.351179565921535897e+01 -2.292638656115698126e+01 -2.409720475727373667e+01
1.365731462925851680e+01 -2.351186513175229464e+01 -2.292642508495449150e+01 -2.409730517855009779e+01
1.366633266533066049e+01 -2.351194002115527582e+01 -2.292647189057059975e+01 -2.409740815173995188e+01
1.367535070140280595e+01 -2.351202101653684196e+01 -2.292652742657582721e+01 -2.409751460649785670e+01
1.368436873747494964e+01 -2.351210847597501186e+01 -2.292659183283643642e+01 -2.409762511911358729e+01
1.369338677354709333e+01 -2.351220236829931665e+01 -2.292666487961422916e+01 -2.409773985698440413e+01
1.370240480961923879e+01 -2.351230221021790356e+01 -2.292674590225175990e+01 -2.409785851818404723e+01
1.371142284569138248e+01 -2.351240699866945505e+01 -2.292683373131855973e+01 -2.409798026602035037e+01
1.372044088176352616e+01 -2.351251513828357531e+01 -2.292692661809376631e+01 -2.409810365847338431e+01
1.372945891783567163e+01 -2.351262436383351684e+01 -2.292702215526079357e+01 -2.409822657240624011e+01
1.373847695390781531e+01 -2.351273165756491679e+01 -2.292711719268948301e+01 -2.409834612244035057e+01
1.374749498997995900e+01 -2.351283316128434109e+01 -2.292720774818130991e+01 -2.409845857438737227e+01
1.375651302605210446e+01 -2.351292408309127779e+01 -2.292728891305307926e+01 -2.409855925312947633e+01
1.376553106212424815e+01 -2.351299859863748054e+01 -2.292735475243472010e+01 -2.409864244484024098e+01
1.377454909819639362e+01 -2.351304974679728232e+01 -2.292739820015664520e+01 -2.409870129343791945e+01
1.378356713426853730e+01 -2.351307082938689064e+01 -2.292741245785639848e+01 -2.409872920091738280e+01
1.379258517034068099e+01 -2.351308141199677237e+01 -2.292741699536049538e+01 -2.409874582863304937e+01
1.380160320641282645e+01 -2.351309110730046470e+01 -2.292742133369654667e+01 -2.409876088090438273e+01
1.381062124248497014e+01 -2.351309999034058507e+01 -2.292742546022824257e+01 -2.409877452045292756e+01
1.381963927855711383e+01 -2.351310813008169021e+01 -2.292742936019457645e+01 -2.409878689996880397e+01
1.382865731462925929e+01 -2.351311558996526330e+01 -2.292743301738038753e+01 -2.409879816255013907e+01
1.383767535070140298e+01 -2.351312242841112621e+01 -2.292743641485424533e+01 -2.409880844196800709e+01
1.384669338677354666e+01 -2.351312869926497129e+01 -2.292743953576522387e+01 -2.409881786276471871e+01
1.385571142284569213e+01 -2.351313445219246745e+01 -2.292744236419068571e+01 -2.409882654019424919e+01
1.386472945891783581e+01 -2.351313973301999027e+01 -2.292744488602700059e+01 -2.409883458001297996e+01
1.387374749498997950e+01 -2.351314458402219287e+01 -2.292744708991508418e+01 -2.409884207812930157e+01
1.388276553106212496e+01 -2.351314904415636420e+01 -2.292744896819256439e+01 -2.409884912012016400e+01
1.389178356713426865e+01 -2.351315314924391231e+01 -2.292745051786459953e+01 -2.409885578062322509e+01
1.390080160320641234e+01 -2.351315693209906499e+01 -2.292745174158530475e+01 -2.409886212261282523e+01
1.390981963927855780e+01 -2.351316042260485872e+01 -2.292745264864153398e+01 -2.409886819656818346e+01
1.391883767535070149e+01 -2.351316364773668255e+01 -2.292745325593111261e+01 -2.409887403954225249e+01
1.392785571142284518e+01 -2.351316663153335540e+01 -2.292745358892726415e+01 -2.409887967413944665e+01
1.393687374749499064e+01 -2.351316939501602832e+01 -2.292745368262124117e+01 -2.409888510741081546e+01
1.394589178356713433e+01 -2.351317195605502874e+01 -2.292745358243515597e+01 -2.409889032967490152e+01
1.395490981963927801e+01 -2.351317432918464334e+01 -2.292745334509663735e+01 -2.409889531327264933e+01
1.396392785571142348e+01 -2.351317652536623370e+01 -2.292745303946759350e+01 -2.409890001126487391e+01
1.397294589178356716e+01 -2.351317855169956417e+01 -2.292745274731869998e+01 -2.409890435608042836e+01
1.398196392785571085e+01 -2.351318041108271473e+01 -2.292745256404168686e+01 -2.409890825812374260e+01
1.399098196392785631e+01 -2.351318210182052226e+01 -2.292745259929124302e+01 -2.409891160434980151e+01
1.400000000000000000e+01 -2.351318361718182004e+01 -2.292745297754853340e+01 -2.409891425681510668e+01
