# # logMh LcMh -err(LcMh) +err(LcMh)
9.500000000000000000e+00 1.319065006804277296e+01 1.366158015602720255e+01 1.271971998005834337e+01
9.508656591740596298e+00 1.312078809544669333e+01 1.359166217573594970e+01 1.264991401515743696e+01
9.517313183481190819e+00 1.305116377358153201e+01 1.352140675037889395e+01 1.258092079678417008e+01
9.525969775221787117e+00 1.298143110210982698e+01 1.345140270308633035e+01 1.251145950113332361e+01
9.534626366962381638e+00 1.291165612836165266e+01 1.338107548545448289e+01 1.244223677126882244e+01
9.543282958702977936e+00 1.284171499267090866e+01 1.331081683249922065e+01 1.237261315284259666e+01
9.551939550443572458e+00 1.277158381621362970e+01 1.324025242851088358e+01 1.230291520391637583e+01
9.560596142184168755e+00 1.270162348762609739e+01 1.316977596503205739e+01 1.223347101022013739e+01
9.569252733924763277e+00 1.263157346669663106e+01 1.309938419802344711e+01 1.216376273536981500e+01
9.577909325665359574e+00 1.256153023622415432e+01 1.302878523645989794e+01 1.209427523598841070e+01
9.586565917405954096e+00 1.249118548233853687e+01 1.295800312945656785e+01 1.202436783522050590e+01
9.595222509146550394e+00 1.242078418887366809e+01 1.288721312334104319e+01 1.195435525440629299e+01
9.603879100887144915e+00 1.235050649245198784e+01 1.281634112762462507e+01 1.188467185727935060e+01
9.612535692627741213e+00 1.228010983786510124e+01 1.274550312372139871e+01 1.181471655200880377e+01
9.621192284368335734e+00 1.220973320270767104e+01 1.267482185555004648e+01 1.174464454986529560e+01
9.629848876108932032e+00 1.213917118887641422e+01 1.260374033136932681e+01 1.167460204638350163e+01
9.638505467849526553e+00 1.206829576859434994e+01 1.253252213336584475e+01 1.160406940382285512e+01
9.647162059590122851e+00 1.199774070448776797e+01 1.246156996536612915e+01 1.153391144360940679e+01
9.655818651330717373e+00 1.192703812465871849e+01 1.239028849605377935e+01 1.146378775326365762e+01
9.664475243071313670e+00 1.185617993746952159e+01 1.231925637180494881e+01 1.139310350313409437e+01
9.673131834811908192e+00 1.178538242398289171e+01 1.224810766972588105e+01 1.132265717823990236e+01
9.681788426552504490e+00 1.171397498870602760e+01 1.217617604750637383e+01 1.125177392990568137e+01
9.690445018293099011e+00 1.164301005663200606e+01 1.210497277779320413e+01 1.118104733547080798e+01
9.699101610033695309e+00 1.157199154363253335e+01 1.203358264413570389e+01 1.111040044312936281e+01
9.707758201774289830e+00 1.150054194608182634e+01 1.196181797929294888e+01 1.103926591287070380e+01
9.716414793514886128e+00 1.142937429297616703e+01 1.189059097102966867e+01 1.096815761492266539e+01
9.725071385255480649e+00 1.135762640504431786e+01 1.181817626810783395e+01 1.089707654198080178e+01
9.733727976996076947e+00 1.128591592430945134e+01 1.174640249604031261e+01 1.082542935257859007e+01
9.742384568736671469e+00 1.121441863584329290e+01 1.167469906953673764e+01 1.075413820214984817e+01
9.751041160477267766e+00 1.114246071903966850e+01 1.160241925775134320e+01 1.068250218032799381e+01
9.759697752217862288e+00 1.107062983000091450e+01 1.153054615346021805e+01 1.061071350654161094e+01
9.768354343958458585e+00 1.099858665293746540e+01 1.145839870752562284e+01 1.053877459834930796e+01
9.777010935699053107e+00 1.092616112651029425e+01 1.138565726737347283e+01 1.046666498564711567e+01
9.785667527439649405e+00 1.085389450537917533e+01 1.131325152417847590e+01 1.039453748657987475e+01
9.794324119180243926e+00 1.078148746312281858e+01 1.124071167469593391e+01 1.032226325154970326e+01
9.802980710920840224e+00 1.070886721829226396e+01 1.116799604527809642e+01 1.024973839130643150e+01
9.811637302661434745e+00 1.063619208627650536e+01 1.109535228705626153e+01 1.017703188549674920e+01
9.820293894402031043e+00 1.056319128121912598e+01 1.102223955796883814e+01 1.010414300446941382e+01
9.828950486142625564e+00 1.049006876558748580e+01 1.094895471140498877e+01 1.003118281976998283e+01
9.837607077883221862e+00 1.041699858287947578e+01 1.087585125230851446e+01 9.958145913450437092e+00
9.846263669623816384e+00 1.034369755568336835e+01 1.080243508452385015e+01 9.884960026842886549e+00
9.854920261364412681e+00 1.027026321389792152e+01 1.072892989215667292e+01 9.811596535639170114e+00
9.863576853105007203e+00 1.019667870249069530e+01 1.065537098682962380e+01 9.737986418151766799e+00
9.872233444845603501e+00 1.012277627649095635e+01 1.058129554472546374e+01 9.664257008256448955e+00
9.880890036586198022e+00 1.004894633447987928e+01 1.050723166802552377e+01 9.590661000934234792e+00
9.889546628326794320e+00 9.974968904816345017e+00 1.043322506468647859e+01 9.516712744946211444e+00
9.898203220067388841e+00 9.900759229500941672e+00 1.035894161066824992e+01 9.442576848333633421e+00
9.906859811807985139e+00 9.826614173913117867e+00 1.028452147811042749e+01 9.368706869715808239e+00
9.915516403548579660e+00 9.752120137758623741e+00 1.020972003201420897e+01 9.294520243503038515e+00
9.924172995289175958e+00 9.677625285684325007e+00 1.013486203638511896e+01 9.220388534983531059e+00
9.932829587029770479e+00 9.603089810777799329e+00 1.005999016851028038e+01 9.146189453045318274e+00
9.941486178770366777e+00 9.528381601335190965e+00 9.984866353827566599e+00 9.071896848842815331e+00
9.950142770510961299e+00 9.453711931377609901e+00 9.909640491828556108e+00 8.997783370926663693e+00
9.958799362251557596e+00 9.378743459923281733e+00 9.834430827263574315e+00 8.923056092582989152e+00
9.967455953992152118e+00 9.303814349625040947e+00 9.758995870982694498e+00 8.848632828267387396e+00
9.976112545732748416e+00 9.228861826571112204e+00 9.683497873738920347e+00 8.774225779403304060e+00
9.984769137473342937e+00 9.153727880267926054e+00 9.607984980012341580e+00 8.699470780523510527e+00
9.993425729213939235e+00 9.078602094369585984e+00 9.532469482851329445e+00 8.624734705887842523e+00
1.000208232095453376e+01 9.003245046873553648e+00 9.456725601968262396e+00 8.549764491778844899e+00
1.001073891269513005e+01 8.927806519192705181e+00 9.380905300867183882e+00 8.474707737518226480e+00
1.001939550443572458e+01 8.852293047094674350e+00 9.304991854096853032e+00 8.399594240092495667e+00
1.002805209617632087e+01 8.776636467598789793e+00 9.228950797096484138e+00 8.324322138101095447e+00
1.003670868791691539e+01 8.700916072402915091e+00 9.152943980386345046e+00 8.248888164419485136e+00
1.004536527965751169e+01 8.625008238901628488e+00 9.076788161555310097e+00 8.173228316247946879e+00
1.005402187139810621e+01 8.548924909395749339e+00 9.000386690374792664e+00 8.097463128416706013e+00
1.006267846313870251e+01 8.472820733815808580e+00 8.923979115788490901e+00 8.021662351843126260e+00
1.007133505487929703e+01 8.396564136427450364e+00 8.847504806887986462e+00 7.945623465966914267e+00
1.007999164661989333e+01 8.320165049028155124e+00 8.770782346793653872e+00 7.869547751262657265e+00
1.008864823836048785e+01 8.243691193366856851e+00 8.694061255259345700e+00 7.793321131474367114e+00
1.009730483010108415e+01 8.166943212657342244e+00 8.617093287152282954e+00 7.716793138162401533e+00
1.010596142184167867e+01 8.090167464944020281e+00 8.539923512399509420e+00 7.640411417488531143e+00
1.011461801358227497e+01 8.013319479409181767e+00 8.462804110766736443e+00 7.563834848051627979e+00
1.012327460532286949e+01 7.936209734930681492e+00 8.385542327023964404e+00 7.486877142837398580e+00
1.013193119706346579e+01 7.859146460345433738e+00 8.307958446822450327e+00 7.410334473868416261e+00
1.014058778880406031e+01 7.781732532578343964e+00 8.230476466740888952e+00 7.332988598415798975e+00
1.014924438054465661e+01 7.704271523333909855e+00 8.152657746612643308e+00 7.255885300055177289e+00
1.015790097228525113e+01 7.626755467156889345e+00 8.075021461136957512e+00 7.178489473176820290e+00
1.016655756402584743e+01 7.548889380439968377e+00 7.996795927185751829e+00 7.100982833694184926e+00
1.017521415576644195e+01 7.471122552003793160e+00 7.918892326941785242e+00 7.023352777065801078e+00
1.018387074750703825e+01 7.393001867031435914e+00 7.840423125194058152e+00 6.945580608868813677e+00
1.019252733924763277e+01 7.314771533006442006e+00 7.761854190097730033e+00 6.867688875915153979e+00
1.020118393098822906e+01 7.236468606163709794e+00 7.683380392104939283e+00 6.789556820222480304e+00
1.020984052272882359e+01 7.157898616621613641e+00 7.604654245687544112e+00 6.711142987555683170e+00
1.021849711446941988e+01 7.079240884273642287e+00 7.525889019878020392e+00 6.632592748669264182e+00
1.022715370621001441e+01 7.000425944410617163e+00 7.446879418706476628e+00 6.553972470114757698e+00
1.023581029795061070e+01 6.921438776371365620e+00 7.367707449843374334e+00 6.475170102899356905e+00
1.024446688969120522e+01 6.842277537457627901e+00 7.288355850390105140e+00 6.396199224525150662e+00
1.025312348143180152e+01 6.762892995305616495e+00 7.208725412889993578e+00 6.317060577721239412e+00
1.026178007317239604e+01 6.683374674167538387e+00 7.129063044140872663e+00 6.237686304194204112e+00
1.027043666491299234e+01 6.603714576828317639e+00 7.049397798342014632e+00 6.158031355314620647e+00
1.027909325665358686e+01 6.523851880838900108e+00 6.969407506666735586e+00 6.078296255011064630e+00
1.028774984839418316e+01 6.443837638650587785e+00 6.889091079582745358e+00 5.998584197718430211e+00
1.029640644013477768e+01 6.363597751140583902e+00 6.808637740892764967e+00 5.918557761388402838e+00
1.030506303187537398e+01 6.283188840149298571e+00 6.728229823272052101e+00 5.838147857026545040e+00
1.031371962361596850e+01 6.202695198773257701e+00 6.647570646916262760e+00 5.757819750630252642e+00
1.032237621535656480e+01 6.121872810271811183e+00 6.566651780684514605e+00 5.677093839859107760e+00
1.033103280709715932e+01 6.040965736950619558e+00 6.485448919578018057e+00 5.596482554323221059e+00
1.033968939883775562e+01 5.959870098841467900e+00 6.404129165649674604e+00 5.515611032033261196e+00
1.034834599057835192e+01 5.878532607942491772e+00 6.322788204098451104e+00 5.434277011786532441e+00
1.035700258231894644e+01 5.797148709425920643e+00 6.241261877192138208e+00 5.353035541659703078e+00
1.036565917405954096e+01 5.715408845911183811e+00 6.159246784933160690e+00 5.271570906889206931e+00
1.037431576580013726e+01 5.633582417764110062e+00 6.077409549398272937e+00 5.189755286129947187e+00
1.038297235754073355e+01 5.551651957623146671e+00 5.995133459545986199e+00 5.108170455700307144e+00
1.039162894928132808e+01 5.469422833542072482e+00 5.912618253038671057e+00 5.026227414045473907e+00
1.040028554102192260e+01 5.387110024278022991e+00 5.830244960943911536e+00 4.943975087612134445e+00
1.040894213276251890e+01 5.304564166084548837e+00 5.747437289613675837e+00 4.861691042555421838e+00
1.041759872450311519e+01 5.221849399999682007e+00 5.664436813778038093e+00 4.779261986221325920e+00
1.042625531624370971e+01 5.139061182858139176e+00 5.581318105874800040e+00 4.696804259841478313e+00
1.043491190798430424e+01 5.056017849532886466e+00 5.497977622818237542e+00 4.614058076247535389e+00
1.044356849972490053e+01 4.972866166916841912e+00 5.414661471412242300e+00 4.531070862421441525e+00
1.045222509146549683e+01 4.889538280452895513e+00 5.331069671478866567e+00 4.448006889426924459e+00
1.046088168320609135e+01 4.806013421311858380e+00 5.247153032003554429e+00 4.364873810620162331e+00
1.046953827494668765e+01 4.722415814137501222e+00 5.163197216972203130e+00 4.281634411302799315e+00
1.047819486668728217e+01 4.638635545373949398e+00 5.079068277543195009e+00 4.198202813204703787e+00
1.048685145842787847e+01 4.554684682281501473e+00 4.994801035013357371e+00 4.114568329549645576e+00
1.049550805016847299e+01 4.470638159526541422e+00 4.910406177196557920e+00 4.030870141856524924e+00
1.050416464190906929e+01 4.386392073524728374e+00 4.825710180281775230e+00 3.947073966767681519e+00
1.051282123364966381e+01 4.302075490705190575e+00 4.740941356850767896e+00 3.863209624559613253e+00
1.052147782539026011e+01 4.217634642420484248e+00 4.656092735713682096e+00 3.779176549127286844e+00
1.053013441713085463e+01 4.132936868274443398e+00 4.570877927009475705e+00 3.694995809539410647e+00
1.053879100887145093e+01 4.048273041925217974e+00 4.485798727660343488e+00 3.610747356190092461e+00
1.054744760061204545e+01 3.963325368658341841e+00 4.400538799755846497e+00 3.526111937560837184e+00
1.055610419235264175e+01 3.878334570468695564e+00 4.314832510200774962e+00 3.441836630736615721e+00
1.056476078409323627e+01 3.793278639724047441e+00 4.229319753796037418e+00 3.357237525652057020e+00
1.057341737583383257e+01 3.707856607740141364e+00 4.143712901287990746e+00 3.272000314192291537e+00
1.058207396757442709e+01 3.622587188488668453e+00 4.057675931501207423e+00 3.187498445476129483e+00
1.059073055931502338e+01 3.536939383803057613e+00 3.971471793870635647e+00 3.102406973735479578e+00
1.059938715105561791e+01 3.451258341880576008e+00 3.885685192881540573e+00 3.016831490879611444e+00
1.060804374279621420e+01 3.365599705951590082e+00 3.799240729820973161e+00 2.931958682082207002e+00
1.061670033453680873e+01 3.279459467943645734e+00 3.712453598217420936e+00 2.846465337669870532e+00
1.062535692627740502e+01 3.193416857509221440e+00 3.626481718936556131e+00 2.760351996081886750e+00
1.063401351801799954e+01 3.107163996486304480e+00 3.539719595282111442e+00 2.674608397690497519e+00
1.064267010975859584e+01 3.020659079960611670e+00 3.452506378163355372e+00 2.588811781757867969e+00
1.065132670149919036e+01 2.934118489881718084e+00 3.365695952277340197e+00 2.502541027486095970e+00
1.065998329323978666e+01 2.847223607110409116e+00 3.278695304325180970e+00 2.415751909895637262e+00
1.066863988498038118e+01 2.760183453666045672e+00 3.191365509071810269e+00 2.329001398260281075e+00
1.067729647672097748e+01 2.672906530530695157e+00 3.103782494781386792e+00 2.242030566280003523e+00
1.068595306846157200e+01 2.585334122092747045e+00 3.016447944175342233e+00 2.154220300010151856e+00
1.069460966020216830e+01 2.497726607251037123e+00 2.928635496358173995e+00 2.066817718143900251e+00
1.070326625194276282e+01 2.409745660837100623e+00 2.840034563949338953e+00 1.979456757724862292e+00
1.071192284368335912e+01 2.321320395109398138e+00 2.751956382093294184e+00 1.890684408125502092e+00
1.072057943542395364e+01 2.232885412283057924e+00 2.664042781491338996e+00 1.801728043074776853e+00
1.072923602716454994e+01 2.144078222040574744e+00 2.575085779374692407e+00 1.713070664706457080e+00
1.073789261890514446e+01 2.054976471619368805e+00 2.485155517667827052e+00 1.624797425570910780e+00
1.074654921064574076e+01 1.965727056396551209e+00 2.395852222822551170e+00 1.535601889970551248e+00
1.075520580238633528e+01 1.876012749912502997e+00 2.306688955175016709e+00 1.445336544649989285e+00
1.076386239412693158e+01 1.786437122361074437e+00 2.217306876362289181e+00 1.355567368359859470e+00
1.077251898586752610e+01 1.696478125633087197e+00 2.126901287626395742e+00 1.266054963639778652e+00
1.078117557760812240e+01 1.605937950229167299e+00 2.035925830809869108e+00 1.175950069648465268e+00
1.078983216934871692e+01 1.515721921553229823e+00 1.945197466416291654e+00 1.086246376690167992e+00
1.079848876108931321e+01 1.425129451215913168e+00 1.855155316374394348e+00 9.951035860574319880e-01
1.080714535282990774e+01 1.334006618245958453e+00 1.763609420619907331e+00 9.044038158720095755e-01
1.081580194457050403e+01 1.242983941798328829e+00 1.672658189020943986e+00 8.133096945757137819e-01
1.082445853631109856e+01 1.151213361749130026e+00 1.580697332086611784e+00 7.217293914116482689e-01
1.083311512805169485e+01 1.059970613294624719e+00 1.489007684393103048e+00 6.309335421961463908e-01
1.084177171979228937e+01 9.681366011288167206e-01 1.396922873903140072e+00 5.393503283544933691e-01
1.085042831153288567e+01 8.757976082126412987e-01 1.304606423894957956e+00 4.469887925303246412e-01
1.085908490327348019e+01 7.835372621539288263e-01 1.212348623074424925e+00 3.547259012334327277e-01
1.086774149501407649e+01 6.908285687542757847e-01 1.119635366906392981e+00 2.620217706021584769e-01
1.087639808675467101e+01 5.981621379202286537e-01 1.026111898041180526e+00 1.702123777992767817e-01
1.088505467849526731e+01 5.051062530086638525e-01 9.327485850701001668e-01 7.746392094722753807e-02
1.089371127023586183e+01 4.116411048587576005e-01 8.393505615056595648e-01 -1.606835178814430831e-02
1.090236786197645813e+01 3.181239867600706983e-01 7.457429147839079731e-01 -1.094949412637665764e-01
1.091102445371705265e+01 2.243770389322199410e-01 6.518612682388167379e-01 -2.031071903743768559e-01
1.091968104545764895e+01 1.304312379953901924e-01 5.575746403877248625e-01 -2.967121643969445333e-01
1.092833763719824347e+01 3.625052033178458033e-02 4.628461094139985077e-01 -3.903450687504294025e-01
1.093699422893883977e+01 -5.835314102821125004e-02 3.679343023744998664e-01 -4.846405844309223943e-01
1.094565082067943429e+01 -1.530140089003710624e-01 2.730370686277278081e-01 -5.790650864284699884e-01
1.095430741242003059e+01 -2.479267910340953729e-01 1.778501439467546352e-01 -6.737037260149454365e-01
1.096296400416062511e+01 -3.430632667194715157e-01 8.243929842257824436e-02 -7.685658318615212758e-01
1.097162059590122141e+01 -4.382963821466343557e-01 -1.322688109493397324e-02 -8.633658831983347381e-01
1.098027718764181593e+01 -5.340711405320657246e-01 -1.096451327200092529e-01 -9.584971483441222517e-01
1.098893377938241223e+01 -6.298405970484122207e-01 -2.056840490614419426e-01 -1.053997145035382443e+00
1.099759037112300675e+01 -7.258503291821705172e-01 -3.019618318742730567e-01 -1.149738826490068089e+00
1.100624696286360304e+01 -8.221950441164362910e-01 -3.986662427158137456e-01 -1.245723845517058948e+00
1.101490355460419757e+01 -9.184366202584688388e-01 -4.952018385611117735e-01 -1.341671401955825793e+00
1.102356014634479386e+01 -1.015383231116605334e+00 -5.925970922906718119e-01 -1.438169369942538856e+00
1.103221673808538839e+01 -1.112293605752530112e+00 -6.901514465292730716e-01 -1.534435764975787153e+00
1.104087332982598468e+01 -1.209426202673339779e+00 -7.876369704878463107e-01 -1.631215434858833246e+00
1.104952992156657920e+01 -1.306945387397840941e+00 -8.854340299544205539e-01 -1.728456744841261328e+00
1.105818651330717550e+01 -1.404383023703489997e+00 -9.831951131200551419e-01 -1.825570934286924851e+00
1.106684310504777002e+01 -1.502416784619155621e+00 -1.081537663458654430e+00 -1.923295905779656811e+00
1.107549969678836632e+01 -1.600531615293081300e+00 -1.180181882219554668e+00 -2.020881348366608155e+00
1.108415628852896084e+01 -1.698867444651699143e+00 -1.278988580096419359e+00 -2.118746309206978928e+00
1.109281288026955714e+01 -1.797548103813118914e+00 -1.377969459145579556e+00 -2.217126748480658271e+00
1.110146947201015166e+01 -1.896291467340135206e+00 -1.476927995950613859e+00 -2.315654938729656553e+00
1.111012606375074796e+01 -1.995426023372145474e+00 -1.576260835324475362e+00 -2.414591211419815586e+00
1.111878265549134248e+01 -2.094854530707881857e+00 -1.675953573803012242e+00 -2.513755487612751693e+00
1.112743924723193878e+01 -2.194456131285147826e+00 -1.775982344543693969e+00 -2.612929918026601683e+00
1.113609583897253330e+01 -2.294403679208362856e+00 -1.876358446785932221e+00 -2.712448911630793713e+00
1.114475243071312960e+01 -2.394525744342562934e+00 -1.976690529841135913e+00 -2.812360958843989955e+00
1.115340902245372412e+01 -2.494907738096522554e+00 -2.077171317109026916e+00 -2.912644159084018192e+00
1.116206561419432042e+01 -2.595728531439585485e+00 -2.177973830341147554e+00 -3.013483232538023415e+00
1.117072220593491494e+01 -2.696684524535422067e+00 -2.279199100380162601e+00 -3.114169948690681533e+00
1.117937879767551124e+01 -2.798048117003014923e+00 -2.380937646027317722e+00 -3.215158587978712124e+00
1.118803538941610753e+01 -2.899667062847479215e+00 -2.482599440886758213e+00 -3.316734684808200218e+00
1.119669198115670206e+01 -3.001375855342421239e+00 -2.584380804385396857e+00 -3.418370906299445622e+00
1.120534857289729658e+01 -3.103864198865798230e+00 -2.686766488393372398e+00 -3.520961909338224061e+00
1.121400516463789288e+01 -3.206389703835434535e+00 -2.789378900977451003e+00 -3.623400506693418066e+00
1.122266175637848917e+01 -3.309188274174777344e+00 -2.892128191171445373e+00 -3.726248357178109316e+00
1.123131834811908369e+01 -3.412615116592505604e+00 -2.995533329788984567e+00 -3.829696903396026642e+00
1.123997493985967822e+01 -3.515993006258163689e+00 -3.098981867526135581e+00 -3.933004144990191797e+00
1.124863153160027451e+01 -3.620175232810829868e+00 -3.203078047259755312e+00 -4.037272418361903981e+00
1.125728812334087081e+01 -3.724456930172686420e+00 -3.307173513756523686e+00 -4.141740346588849597e+00
1.126594471508146533e+01 -3.829115165605361248e+00 -3.411791193574606584e+00 -4.246439137636116357e+00
1.127460130682205985e+01 -3.934315507617624608e+00 -3.516959961982272453e+00 -4.351671053252976762e+00
1.128325789856265615e+01 -4.039649475955017444e+00 -3.622171914356607569e+00 -4.457127037553427762e+00
1.129191449030325245e+01 -4.145587497739541050e+00 -3.728071357123626139e+00 -4.563103638355455516e+00
1.130057108204384697e+01 -4.251825339833786188e+00 -3.834124485478709321e+00 -4.669526194188863499e+00
1.130922767378444149e+01 -4.358417838577577363e+00 -3.940450832724366137e+00 -4.776384844430788590e+00
1.131788426552503779e+01 -4.465508751366693119e+00 -4.047304308215114332e+00 -4.883713194518271905e+00
1.132654085726563409e+01 -4.572810376247450570e+00 -4.154494020765408635e+00 -4.991126731729492505e+00
1.133519744900622861e+01 -4.680681935006681726e+00 -4.262402946676258964e+00 -5.098960923337104489e+00
1.134385404074682313e+01 -4.789042853007781986e+00 -4.370677701914400970e+00 -5.207408004101163002e+00
1.135251063248741943e+01 -4.897555852536585874e+00 -4.478979796104099798e+00 -5.316131908969071951e+00
1.136116722422801573e+01 -5.006622730857994696e+00 -4.587866422363389596e+00 -5.425379039352599797e+00
1.136982381596861025e+01 -5.116162968791081234e+00 -4.697172742568558768e+00 -5.535153195013603700e+00
1.137848040770920477e+01 -5.225951729090326126e+00 -4.806863889931909384e+00 -5.645039568248742867e+00
1.138713699944980107e+01 -5.336373080840630223e+00 -4.917373011061402899e+00 -5.755373150619857547e+00
1.139579359119039736e+01 -5.446999443274370023e+00 -5.028047365772417621e+00 -5.865951520776322425e+00
1.140445018293099189e+01 -5.558002037685474406e+00 -5.138844758207904206e+00 -5.977159317163044605e+00
1.141310677467158818e+01 -5.669485125023947525e+00 -5.250455669027665806e+00 -6.088514581020229244e+00
1.142176336641218271e+01 -5.781156959245153715e+00 -5.362276364577252430e+00 -6.200037553913055000e+00
1.143041995815277900e+01 -5.893543998153671915e+00 -5.474790703541179582e+00 -6.312297292766164247e+00
1.143907654989337352e+01 -6.005977544991713657e+00 -5.587360024001591263e+00 -6.424595065981836051e+00
1.144773314163396982e+01 -6.118784436621594658e+00 -5.700567612778786319e+00 -6.537001260464402996e+00
1.145638973337456434e+01 -6.232148869248934631e+00 -5.814130047219751241e+00 -6.650167691278118021e+00
1.146504632511516064e+01 -6.345423791692291537e+00 -5.927830038754595243e+00 -6.763017544629987832e+00
1.147370291685575516e+01 -6.459428256555366232e+00 -6.042470640444791208e+00 -6.876385872665941257e+00
1.148235950859635146e+01 -6.573548084484928999e+00 -6.157285791141934972e+00 -6.989810377827923027e+00
1.149101610033694598e+01 -6.687795403005659445e+00 -6.271856339979243522e+00 -7.103734466032075368e+00
1.149967269207754228e+01 -6.802521846631478297e+00 -6.387085723751768640e+00 -7.217957969511187954e+00
1.150832928381813680e+01 -6.917254870183519699e+00 -6.502506519613166169e+00 -7.332003220753873229e+00
1.151698587555873310e+01 -7.032518981491454824e+00 -6.618238558930499060e+00 -7.446799404052410587e+00
1.152564246729932762e+01 -7.148139627428911069e+00 -6.734248326061481826e+00 -7.562030928796340312e+00
1.153429905903992392e+01 -7.263946960239023198e+00 -6.850352175975125135e+00 -7.677541744502921262e+00
1.154295565078051844e+01 -7.380240888531792720e+00 -6.966759047106672931e+00 -7.793722729956912509e+00
1.155161224252111474e+01 -7.496797350539257998e+00 -7.083640953220581515e+00 -7.909953747857934481e+00
1.156026883426170926e+01 -7.613762342358910473e+00 -7.200717564123950254e+00 -8.026807120593870692e+00
1.156892542600230556e+01 -7.731308524021605955e+00 -7.318418667274000811e+00 -8.144198380769211099e+00
1.157758201774290008e+01 -7.849096398005951158e+00 -7.436429211679533857e+00 -8.261763584332369348e+00
1.158623860948349638e+01 -7.967325970203221530e+00 -7.554672161637330241e+00 -8.379979778769113707e+00
1.159489520122409090e+01 -8.085994170001161052e+00 -7.673621808343286332e+00 -8.498366531659035772e+00
1.160355179296468719e+01 -8.204844068755230424e+00 -7.792536308194918604e+00 -8.617151829315542244e+00
1.161220838470528172e+01 -8.324378650991050677e+00 -7.912416381033014368e+00 -8.736340920949086097e+00
1.162086497644587801e+01 -8.444125199070102283e+00 -8.032362328978225108e+00 -8.855888069161979459e+00
1.162952156818647254e+01 -8.564209175151072273e+00 -8.152824278729262630e+00 -8.975594071572881916e+00
1.163817815992706883e+01 -8.684876631321218454e+00 -8.273667922223951976e+00 -9.096085340418484932e+00
1.164683475166766335e+01 -8.805479997211200782e+00 -8.394685745078676931e+00 -9.216274249343724634e+00
1.165549134340825965e+01 -8.926842955845636141e+00 -8.516405614678024705e+00 -9.337280297013247576e+00
1.166414793514885417e+01 -9.048305447131895107e+00 -8.638427274120333621e+00 -9.458183620143456594e+00
1.167280452688945047e+01 -9.170002357025508033e+00 -8.760577620924651754e+00 -9.579427093126364312e+00
1.168146111863004499e+01 -9.292425128975276394e+00 -8.883548619287223502e+00 -9.701301638663329285e+00
1.169011771037064129e+01 -9.414682181317731491e+00 -9.006383811899702607e+00 -9.822980550735760374e+00
1.169877430211123581e+01 -9.537569471577743485e+00 -9.129934007963377951e+00 -9.945204935192109019e+00
1.170743089385183211e+01 -9.660612720235226547e+00 -9.253665028161698558e+00 -1.006756041230875454e+01
1.171608748559242663e+01 -9.783706507291221044e+00 -9.377549108829629887e+00 -1.018986390575281220e+01
1.172474407733302293e+01 -9.907378418665595987e+00 -9.502045290798946553e+00 -1.031271154653224542e+01
1.173340066907361745e+01 -1.003106929393483782e+01 -9.626544785908423663e+00 -1.043559380196125197e+01
1.174205726081421375e+01 -1.015510218993076208e+01 -9.751418173002832646e+00 -1.055878620685869151e+01
1.175071385255480827e+01 -1.027939533193095123e+01 -9.876628662272077364e+00 -1.068216200158982510e+01
1.175937044429540457e+01 -1.040371920005347306e+01 -1.000181788076923439e+01 -1.080562051933771173e+01
1.176802703603599909e+01 -1.052837853535177182e+01 -1.012745871726653135e+01 -1.092929835343701228e+01
1.177668362777659539e+01 -1.065322242224361560e+01 -1.025333798221231874e+01 -1.105310686227491246e+01
1.178534021951718991e+01 -1.077823130716557820e+01 -1.037922987210166248e+01 -1.117723274222949392e+01
1.179399681125778621e+01 -1.090360203832237218e+01 -1.050547305594203884e+01 -1.130173102070270552e+01
1.180265340299838073e+01 -1.102896401601996956e+01 -1.063190163244896169e+01 -1.142602639959097743e+01
1.181130999473897703e+01 -1.115457149701770945e+01 -1.075856794022082852e+01 -1.155057505381459038e+01
1.181996658647957155e+01 -1.128055347631067740e+01 -1.088526213808589560e+01 -1.167584481453545919e+01
1.182862317822016784e+01 -1.140637242809869001e+01 -1.101217519165608749e+01 -1.180056966454129252e+01
1.183727976996076237e+01 -1.153280814457264469e+01 -1.113957004979523902e+01 -1.192604623935005037e+01
1.184593636170135866e+01 -1.165932174746680161e+01 -1.126672539680399154e+01 -1.205191809812961168e+01
1.185459295344195318e+01 -1.178588712798869409e+01 -1.139439425499057457e+01 -1.217738000098681361e+01
1.186324954518254948e+01 -1.191327152270658551e+01 -1.152189031042777323e+01 -1.230465273498539780e+01
1.187190613692314400e+01 -1.204026518737710383e+01 -1.165022661553507888e+01 -1.243030375921912878e+01
1.188056272866374030e+01 -1.216756230856373122e+01 -1.177789106289579557e+01 -1.255723355423166687e+01
1.188921932040433482e+01 -1.229586360486802121e+01 -1.190680142869080171e+01 -1.268492578104524071e+01
1.189787591214493112e+01 -1.242394267411775743e+01 -1.203548470845957397e+01 -1.281240063977594090e+01
1.190653250388552564e+01 -1.255236702901471091e+01 -1.216468921924105118e+01 -1.294004483878837064e+01
1.191518909562612194e+01 -1.268125579261088554e+01 -1.229363412676669753e+01 -1.306887745845507354e+01
1.192384568736671646e+01 -1.281041387534324905e+01 -1.242319591927272171e+01 -1.319763183141377638e+01
1.193250227910731276e+01 -1.294011620382138261e+01 -1.255286618194223358e+01 -1.332736622570053164e+01
1.194115887084790728e+01 -1.307043470319818823e+01 -1.268358050379243096e+01 -1.345728890260394550e+01
1.194981546258850358e+01 -1.320113077700476722e+01 -1.281468476061280271e+01 -1.358757679339673174e+01
1.195847205432909988e+01 -1.333203300383241086e+01 -1.294558580762703848e+01 -1.371848020003778323e+01
1.196712864606969440e+01 -1.346366076908847020e+01 -1.307708169748812210e+01 -1.385023984068881830e+01
1.197578523781028892e+01 -1.359586996479331589e+01 -1.320917603316065581e+01 -1.398256389642597597e+01
1.198444182955088522e+01 -1.372842404465460220e+01 -1.334148944087542255e+01 -1.411535864843378185e+01
1.199309842129148151e+01 -1.386182594023762604e+01 -1.347468756059195805e+01 -1.424896431988329404e+01
1.200175501303207604e+01 -1.399584371677926420e+01 -1.360867497613474164e+01 -1.438301245742378676e+01
1.201041160477267056e+01 -1.413016846621292011e+01 -1.374275498622909453e+01 -1.451758194619674569e+01
1.201906819651326686e+01 -1.426537237027021909e+01 -1.387748591965915246e+01 -1.465325882088128573e+01
1.202772478825386315e+01 -1.440109286794411503e+01 -1.401295062143109860e+01 -1.478923511445713146e+01
1.203638137999445767e+01 -1.453731789644768746e+01 -1.414887541049730046e+01 -1.492576038239807446e+01
1.204503797173505220e+01 -1.467458579485644421e+01 -1.428579768571131403e+01 -1.506337390400157439e+01
1.205369456347564849e+01 -1.481213832533912367e+01 -1.442312942665416919e+01 -1.520114722402407814e+01
1.206235115521624479e+01 -1.495049075014244266e+01 -1.456125891473155143e+01 -1.533972258555333390e+01
1.207100774695683931e+01 -1.508928073759663135e+01 -1.470023224185534971e+01 -1.547832923333791300e+01
1.207966433869743383e+01 -1.522827281423741574e+01 -1.483913049778779403e+01 -1.561741513068703746e+01
1.208832093043803013e+01 -1.536840102009142939e+01 -1.497959859358513945e+01 -1.575720344659771932e+01
1.209697752217862643e+01 -1.550840532202456501e+01 -1.511993996313311861e+01 -1.589687068091601141e+01
1.210563411391922095e+01 -1.564917831588208230e+01 -1.526114560779062579e+01 -1.603721102397354059e+01
1.211429070565981547e+01 -1.579015440741307508e+01 -1.540318819679839457e+01 -1.617712061802775381e+01
1.212294729740041177e+01 -1.593098250671946481e+01 -1.554506819603931689e+01 -1.631689681739961273e+01
1.213160388914100807e+01 -1.607246562948687441e+01 -1.568831772136644709e+01 -1.645661353760730350e+01
1.214026048088160259e+01 -1.621352398822966734e+01 -1.583104297431215635e+01 -1.659600500214717655e+01
1.214891707262219711e+01 -1.635459429098598605e+01 -1.597468588755051222e+01 -1.673450269442145810e+01
1.215757366436279341e+01 -1.649536952198079121e+01 -1.611808876225815723e+01 -1.687265028170342518e+01
1.216623025610338971e+01 -1.663527331251836472e+01 -1.626152786258727900e+01 -1.700901876244945043e+01
1.217488684784398423e+01 -1.677491299911984868e+01 -1.640446815252401791e+01 -1.714535784571567945e+01
1.218354343958457875e+01 -1.691378516334138382e+01 -1.654677811887145467e+01 -1.728079220781131298e+01
1.219220003132517505e+01 -1.705200534743058327e+01 -1.668837332340600454e+01 -1.741563737145516200e+01
1.220085662306577134e+01 -1.718993980216202999e+01 -1.682922804314645049e+01 -1.755065156117760949e+01
1.220951321480636587e+01 -1.732729986003595712e+01 -1.696904010908585647e+01 -1.768555961098605778e+01
1.221816980654696039e+01 -1.746445210031953010e+01 -1.710854628910484010e+01 -1.782035791153422011e+01
1.222682639828755669e+01 -1.760152829582010980e+01 -1.724825394942840262e+01 -1.795480264221181699e+01
1.223548299002815298e+01 -1.773802311625047068e+01 -1.738709827692220955e+01 -1.808894795557873181e+01
1.224413958176874750e+01 -1.787438517111764824e+01 -1.752577641367363626e+01 -1.822299392856166023e+01
1.225279617350934203e+01 -1.801017650583713703e+01 -1.766442529530053918e+01 -1.835592771637373488e+01
1.226145276524993832e+01 -1.814518255644559375e+01 -1.780261945267595181e+01 -1.848774566021523569e+01
1.227010935699053462e+01 -1.828018823791186165e+01 -1.794069628606751721e+01 -1.861968018975620609e+01
1.227876594873112914e+01 -1.841417245722371021e+01 -1.807761482177254919e+01 -1.875073009267487123e+01
1.228742254047172366e+01 -1.854791703251377655e+01 -1.821404759239069193e+01 -1.888178647263686116e+01
1.229607913221231996e+01 -1.868098759188938729e+01 -1.835131778999118168e+01 -1.901065739378759289e+01
1.230473572395291626e+01 -1.881272179474266437e+01 -1.848611768088530027e+01 -1.913932590860002847e+01
1.231339231569351078e+01 -1.894476308460806990e+01 -1.862062698156786666e+01 -1.926889918764827314e+01
1.232204890743410530e+01 -1.907539342600375321e+01 -1.875562390558408765e+01 -1.939516294642341876e+01
1.233070549917470160e+01 -1.920528506278408543e+01 -1.888958041478555572e+01 -1.952098971078261513e+01
1.233936209091529790e+01 -1.933443740100748798e+01 -1.902159498033897123e+01 -1.964727982167600473e+01
1.234801868265589242e+01 -1.946237226742713844e+01 -1.915235888895574945e+01 -1.977238564589852743e+01
1.235667527439648694e+01 -1.958994419518113972e+01 -1.928461486639434952e+01 -1.989527352396792992e+01
1.236533186613708324e+01 -1.971622475320382151e+01 -1.941461444469591413e+01 -2.001783506171172888e+01
1.237398845787767954e+01 -1.984153055929951748e+01 -1.954400090960613667e+01 -2.013906020899289828e+01
1.238264504961827406e+01 -1.996589794937576912e+01 -1.967278006945609903e+01 -2.025901582929543920e+01
1.239130164135887036e+01 -2.008882341222891199e+01 -1.979939902257948603e+01 -2.037824780187833795e+01
1.239995823309946488e+01 -2.021087586470657982e+01 -1.992566586228800318e+01 -2.049608586712515645e+01
1.240861482484006117e+01 -2.033162688381100835e+01 -2.005125054738812196e+01 -2.061200322023389475e+01
1.241727141658065570e+01 -2.045089003123880289e+01 -2.017533830287194974e+01 -2.072644175960565605e+01
1.242592800832125199e+01 -2.056891151323423017e+01 -2.029803084452294470e+01 -2.083979218194551564e+01
1.243458460006184652e+01 -2.068525841553383771e+01 -2.041857763326665065e+01 -2.095193919780102476e+01
1.244324119180244281e+01 -2.080008536861301494e+01 -2.053829313792590838e+01 -2.106187759930012149e+01
1.245189778354303733e+01 -2.091354253907610428e+01 -2.065734902220819791e+01 -2.116973605594401064e+01
1.246055437528363363e+01 -2.102487329140743100e+01 -2.077318445543364334e+01 -2.127656212738121866e+01
1.246921096702422815e+01 -2.113452355436583474e+01 -2.088889417326766562e+01 -2.138015293546400386e+01
1.247786755876482445e+01 -2.124219239281516280e+01 -2.099884480095766648e+01 -2.148553998467265913e+01
1.248652415050541897e+01 -2.134752153710408962e+01 -2.110791293217012310e+01 -2.158713014203805614e+01
1.249518074224601527e+01 -2.145142853297807406e+01 -2.121617843954341254e+01 -2.168667862641273558e+01
1.250383733398660979e+01 -2.155251034498609641e+01 -2.131804508158954903e+01 -2.178697560838264380e+01
1.251249392572720609e+01 -2.165143672778383177e+01 -2.141829437652453194e+01 -2.188457907904313160e+01
1.252115051746780061e+01 -2.174791217000331400e+01 -2.151346798271777416e+01 -2.198235635728885384e+01
1.252980710920839691e+01 -2.184139626174978233e+01 -2.160642236469572097e+01 -2.207637015880384368e+01
1.253846370094899143e+01 -2.193279881823252708e+01 -2.169671318162456330e+01 -2.216888445484049086e+01
1.254712029268958773e+01 -2.202088139442665238e+01 -2.178489024624088799e+01 -2.225687254261241677e+01
1.255577688443018225e+01 -2.210636856554313567e+01 -2.187016868003724568e+01 -2.234256845104902567e+01
1.256443347617077855e+01 -2.218908741392613493e+01 -2.195192589180715359e+01 -2.242624893604511627e+01
1.257309006791137307e+01 -2.226850917859889734e+01 -2.203055064600148683e+01 -2.250646771119630785e+01
1.258174665965196937e+01 -2.234510120888560891e+01 -2.210540364603285468e+01 -2.258479877173836314e+01
1.259040325139256389e+01 -2.241842543185859427e+01 -2.217461465478178795e+01 -2.266223620893540058e+01
1.259905984313316019e+01 -2.248850965327915219e+01 -2.223977346918757192e+01 -2.273724583737073246e+01
1.260771643487375471e+01 -2.255542644351324810e+01 -2.230167503970913856e+01 -2.280917784731735765e+01
1.261637302661435101e+01 -2.261893262686563588e+01 -2.236053620578893231e+01 -2.287732904794233946e+01
1.262502961835494553e+01 -2.267926097652486206e+01 -2.241591187381456152e+01 -2.294261007923516260e+01
1.263368621009554182e+01 -2.273627554259048367e+01 -2.246735294379137571e+01 -2.300519814138959163e+01
1.264234280183613635e+01 -2.278979360461621084e+01 -2.251493002196112769e+01 -2.306465718727129399e+01
1.265099939357673264e+01 -2.283999622866095081e+01 -2.255884423585408882e+01 -2.312114822146781279e+01
1.265965598531732716e+01 -2.288677606106436357e+01 -2.259889403010009801e+01 -2.317465809202862914e+01
1.266831257705792346e+01 -2.293019235056666716e+01 -2.263515157094440866e+01 -2.322523313018892566e+01
1.267696916879851798e+01 -2.297049894094079647e+01 -2.266786307195680550e+01 -2.327313480992478745e+01
1.268562576053911428e+01 -2.300752325317639091e+01 -2.269693533457621371e+01 -2.331811117177656811e+01
1.269428235227970880e+01 -2.304158280840963968e+01 -2.272250224272806207e+01 -2.336066337409121729e+01
1.270293894402030510e+01 -2.307280371975916822e+01 -2.274472784349959653e+01 -2.340087959601873990e+01
1.271159553576089962e+01 -2.310125044805356609e+01 -2.276365125589753191e+01 -2.343884964020960027e+01
1.272025212750149592e+01 -2.312740897087326175e+01 -2.277971858051992626e+01 -2.347509936122659724e+01
1.272890871924209044e+01 -2.315127674836430316e+01 -2.279308065606823064e+01 -2.350947284066037568e+01
1.273756531098268674e+01 -2.317327252273774718e+01 -2.280407435373676250e+01 -2.354247069173873186e+01
1.274622190272328126e+01 -2.319372017009099451e+01 -2.281306060514870993e+01 -2.357437973503327910e+01
1.275487849446387756e+01 -2.321289155717955666e+01 -2.282055079618013949e+01 -2.360523231817897383e+01
1.276353508620447208e+01 -2.323141157920477795e+01 -2.282763792772921363e+01 -2.363518523068034227e+01
1.277219167794506838e+01 -2.324955125760851971e+01 -2.283478900920124133e+01 -2.366431350601579808e+01
1.278084826968566290e+01 -2.326749488342931471e+01 -2.284259458328445902e+01 -2.369239518357417040e+01
1.278950486142625920e+01 -2.328505084641256673e+01 -2.285108626686216837e+01 -2.371901542596296508e+01
1.279816145316685372e+01 -2.330171989430375135e+01 -2.285959243829713472e+01 -2.374384735031036797e+01
1.280681804490745002e+01 -2.331738294200479800e+01 -2.286754906529919396e+01 -2.376721681871040204e+01
1.281547463664804454e+01 -2.333194049492814415e+01 -2.287443749973723328e+01 -2.378944349011905501e+01
1.282413122838864084e+01 -2.334543616963502544e+01 -2.288058983353995757e+01 -2.381028250573009331e+01
1.283278782012923713e+01 -2.335797664271787255e+01 -2.288609444799449832e+01 -2.382985883744124678e+01
1.284144441186983165e+01 -2.336958731097999475e+01 -2.289094762137749939e+01 -2.384822700058249012e+01
1.285010100361042618e+01 -2.338035347713761070e+01 -2.289522888339470086e+01 -2.386547807088052053e+01
1.285875759535102247e+01 -2.339033996113177238e+01 -2.289901112324929855e+01 -2.388166879901424622e+01
1.286741418709161877e+01 -2.339956767617861999e+01 -2.290233892000400573e+01 -2.389679643235323425e+01
1.287607077883221329e+01 -2.340811654198158465e+01 -2.290529304099765540e+01 -2.391094004296551390e+01
1.288472737057280781e+01 -2.341602453556431485e+01 -2.290790928533742843e+01 -2.392413978579120126e+01
1.289338396231340411e+01 -2.342332299479435775e+01 -2.291022018761047008e+01 -2.393642580197824543e+01
1.290204055405400041e+01 -2.343009354077144479e+01 -2.291227420116577917e+01 -2.394791288037711041e+01
1.291069714579459493e+01 -2.343633436586543439e+01 -2.291406498487980770e+01 -2.395860374685106109e+01
1.291935373753518945e+01 -2.344210255363072548e+01 -2.291562370556972894e+01 -2.396858140169172202e+01
1.292801032927578575e+01 -2.344744305863972755e+01 -2.291698050566855116e+01 -2.397790561161090395e+01
1.293666692101638205e+01 -2.345235828174525494e+01 -2.291816608167219727e+01 -2.398655048181831262e+01
1.294532351275697657e+01 -2.345692759043675579e+01 -2.291922122778606763e+01 -2.399463395308744396e+01
1.295398010449757109e+01 -2.346113644633725670e+01 -2.292014906829038878e+01 -2.400212382438412462e+01
1.296263669623816739e+01 -2.346501598499873964e+01 -2.292094869106834665e+01 -2.400908327892913263e+01
1.297129328797876369e+01 -2.346861658835871367e+01 -2.292166467002084218e+01 -2.401556850669658516e+01
1.297994987971935821e+01 -2.347193690334783867e+01 -2.292229670595504842e+01 -2.402157710074062891e+01
1.298860647145995273e+01 -2.347502995156141026e+01 -2.292285014427352507e+01 -2.402720975884929544e+01
1.299726306320054903e+01 -2.347789409805887573e+01 -2.292335458248436453e+01 -2.403243361363338693e+01
1.300591965494114532e+01 -2.348055298156037907e+01 -2.292380957435319999e+01 -2.403729638876755814e+01
1.301457624668173985e+01 -2.348303333389210579e+01 -2.292423047387612201e+01 -2.404183619390808957e+01
1.302323283842233437e+01 -2.348533798391931882e+01 -2.292462366428258491e+01 -2.404605230355605272e+01
1.303188943016293067e+01 -2.348749336192724968e+01 -2.292500049207725965e+01 -2.404998623177723971e+01
1.304054602190352696e+01 -2.348950668771329831e+01 -2.292535414519973003e+01 -2.405365923022686658e+01
1.304920261364412148e+01 -2.349138506549749295e+01 -2.292569894438726052e+01 -2.405707118660772537e+01
1.305785920538471601e+01 -2.349314272240299317e+01 -2.292604240883238731e+01 -2.406024303597359904e+01
1.306651579712531230e+01 -2.349477110666551027e+01 -2.292636656952749163e+01 -2.406317564380352891e+01
1.307517238886590860e+01 -2.349626444652112411e+01 -2.292661949092152796e+01 -2.406590940212072027e+01
1.308382898060650312e+01 -2.349763311232312901e+01 -2.292672636909188100e+01 -2.406853985555437703e+01
1.309248557234709764e+01 -2.349888000643291974e+01 -2.292667874237835690e+01 -2.407108127048748258e+01
1.310114216408769394e+01 -2.350000248133696701e+01 -2.292653393320720312e+01 -2.407347102946673090e+01
1.310979875582829024e+01 -2.350100228207381292e+01 -2.292631227296334728e+01 -2.407569229118427856e+01
1.311845534756888476e+01 -2.350190351528809884e+01 -2.292604517870547909e+01 -2.407776185187071860e+01
1.312711193930947928e+01 -2.350273775753763417e+01 -2.292577516565393481e+01 -2.407970034942133353e+01
1.313576853105007558e+01 -2.350350857467107346e+01 -2.292551905973348525e+01 -2.408149808960866167e+01
1.314442512279067188e+01 -2.350422428916739648e+01 -2.292528700766669303e+01 -2.408316157066809993e+01
1.315308171453126640e+01 -2.350488726831265751e+01 -2.292507045087477024e+01 -2.408470408575054478e+01
1.316173830627186092e+01 -2.350548771732860232e+01 -2.292487192495306303e+01 -2.408610350970414160e+01
1.317039489801245722e+01 -2.350603060879751638e+01 -2.292469816704796060e+01 -2.408736305054707216e+01
1.317905148975305352e+01 -2.350651764058439852e+01 -2.292457915507095123e+01 -2.408845612609784581e+01
1.318770808149364804e+01 -2.350695929157449982e+01 -2.292455037319340860e+01 -2.408936820995559103e+01
1.319636467323424256e+01 -2.350736909539712371e+01 -2.292458054487329377e+01 -2.409015764592095366e+01
1.320502126497483886e+01 -2.350774918475272557e+01 -2.292464812829476273e+01 -2.409085024121068841e+01
1.321367785671543515e+01 -2.350810903946855746e+01 -2.292474026787463615e+01 -2.409147781106247876e+01
1.322233444845602968e+01 -2.350844506705314174e+01 -2.292483986507053473e+01 -2.409205026903574876e+01
1.323099104019662420e+01 -2.350875539148782423e+01 -2.292495109672556097e+01 -2.409255968625008748e+01
1.323964763193722050e+01 -2.350904231686389068e+01 -2.292507418699360144e+01 -2.409301044673417991e+01
1.324830422367781679e+01 -2.350930778021787404e+01 -2.292519923788843172e+01 -2.409341632254731635e+01
1.325696081541841131e+01 -2.350955484841088605e+01 -2.292532146800100179e+01 -2.409378822882077031e+01
1.326561740715900584e+01 -2.350978081952101206e+01 -2.292543676953590293e+01 -2.409412486950612120e+01
1.327427399889960213e+01 -2.350998094054973109e+01 -2.292553973087093055e+01 -2.409442215022853162e+01
1.328293059064019843e+01 -2.351015674313697446e+01 -2.292562162543406146e+01 -2.409469186083988745e+01
1.329158718238079295e+01 -2.351031211466221649e+01 -2.292568611030898751e+01 -2.409493811901544547e+01
1.330024377412138925e+01 -2.351045195469330551e+01 -2.292574616945247001e+01 -2.409515773993414101e+01
1.330890036586198377e+01 -2.351058360974837669e+01 -2.292580776499423223e+01 -2.409535945450252115e+01
1.331755695760258007e+01 -2.351071057729569702e+01 -2.292587199454438363e+01 -2.409554916004701042e+01
1.332621354934317459e+01 -2.351083197839734495e+01 -2.292593916023912115e+01 -2.409572479655556876e+01
1.333487014108377089e+01 -2.351094708331823568e+01 -2.292601539521109544e+01 -2.409587877142537593e+01
1.334352673282436541e+01 -2.351105576485690207e+01 -2.292609023968407911e+01 -2.409602129002972504e+01
1.335218332456496171e+01 -2.351115809507128418e+01 -2.292616293451944998e+01 -2.409615325562311838e+01
1.336083991630555623e+01 -2.351125271692811580e+01 -2.292622985356989673e+01 -2.409627558028633487e+01
1.336949650804615253e+01 -2.351133847356983253e+01 -2.292627710101492511e+01 -2.409639984612473995e+01
1.337815309978674705e+01 -2.351141742688763259e+01 -2.292630637360623780e+01 -2.409652848016902738e+01
1.338680969152734335e+01 -2.351149546910259858e+01 -2.292634142289212207e+01 -2.409664951531307509e+01
1.339546628326793787e+01 -2.351157399513545698e+01 -2.292638259770182074e+01 -2.409676539256909322e+01
1.340412287500853417e+01 -2.351164859841853527e+01 -2.292642479846448111e+01 -2.409687239837258943e+01
1.341277946674912869e+01 -2.351171817152735599e+01 -2.292646629364947941e+01 -2.409697004940523257e+01
1.342143605848972499e+01 -2.351178522856130471e+01 -2.292650886532812393e+01 -2.409706159179448548e+01
1.343009265023031951e+01 -2.351184911203285566e+01 -2.292655159534490394e+01 -2.409714662872080737e+01
1.343874924197091580e+01 -2.351191014431946513e+01 -2.292659425753704028e+01 -2.409722603110188999e+01
1.344740583371151033e+01 -2.351196934765022206e+01 -2.292662452040405796e+01 -2.409731417489638616e+01
1.345606242545210662e+01 -2.351203055792868213e+01 -2.292663886143682461e+01 -2.409742225442053964e+01
1.346471901719270114e+01 -2.351209801069082417e+01 -2.292665847295731751e+01 -2.409753754842433082e+01
1.347337560893329744e+01 -2.351216759511927279e+01 -2.292668679065920401e+01 -2.409764839957934157e+01
1.348203220067389196e+01 -2.351223602661859147e+01 -2.292671962058972923e+01 -2.409775243264745370e+01
1.349068879241448826e+01 -2.351230456649586387e+01 -2.292675743192627280e+01 -2.409785170106545493e+01
1.349934538415508278e+01 -2.351237972527897568e+01 -2.292680617659886266e+01 -2.409795327395908870e+01
1.350800197589567908e+01 -2.351246910484647046e+01 -2.292687280248051707e+01 -2.409806540721242385e+01
1.351665856763627360e+01 -2.351256450419118238e+01 -2.292694861067292678e+01 -2.409818039770943798e+01
1.352531515937686990e+01 -2.351264667814886167e+01 -2.292701399216226932e+01 -2.409827936413545402e+01
1.353397175111746620e+01 -2.351271040669497125e+01 -2.292706327463538329e+01 -2.409835753875455922e+01
1.354262834285806072e+01 -2.351276099402451081e+01 -2.292710149353534987e+01 -2.409842049451367174e+01
1.355128493459865524e+01 -2.351280215437746435e+01 -2.292713206880839394e+01 -2.409847223994653476e+01
1.355994152633925154e+01 -2.351283779112913663e+01 -2.292715861035474134e+01 -2.409851697190353192e+01
1.356859811807984784e+01 -2.351286914615428358e+01 -2.292718222046047316e+01 -2.409855607184809401e+01
1.357725470982044236e+01 -2.351289634328574607e+01 -2.292720278045728577e+01 -2.409858990611420637e+01
1.358591130156103688e+01 -2.351292013013610926e+01 -2.292722090764355514e+01 -2.409861935262866339e+01
1.359456789330163318e+01 -2.351294364225934430e+01 -2.292723960837675179e+01 -2.409864767614193681e+01
1.360322448504222947e+01 -2.351296614208639824e+01 -2.292725798274017635e+01 -2.409867430143262013e+01
1.361188107678282400e+01 -2.351298506611479766e+01 -2.292727343766152970e+01 -2.409869669456806562e+01
1.362053766852341852e+01 -2.351300122187681296e+01 -2.292728663178838389e+01 -2.409871581196524204e+01
1.362919426026401482e+01 -2.351301633580449391e+01 -2.292729922802087117e+01 -2.409873344358811664e+01
1.363785085200461111e+01 -2.351303296063843007e+01 -2.292731372093386355e+01 -2.409875220034299659e+01
1.364650744374520563e+01 -2.351304843240180631e+01 -2.292732737395516196e+01 -2.409876949084845066e+01
1.365516403548580016e+01 -2.351306165866483155e+01 -2.292733906303796587e+01 -2.409878425429169724e+01
1.366382062722639645e+01 -2.351307287330733686e+01 -2.292734897429442853e+01 -2.409879677232024520e+01
1.367247721896699275e+01 -2.351308237021174108e+01 -2.292735736745142461e+01 -2.409880737297205755e+01
1.368113381070758727e+01 -2.351309037725586748e+01 -2.292736444390239470e+01 -2.409881631060934026e+01
1.368979040244818179e+01 -2.351309740928293834e+01 -2.292737068794701827e+01 -2.409882413061885842e+01
1.369844699418877809e+01 -2.351310642827692021e+01 -2.292737904235486823e+01 -2.409883381419897219e+01
1.370710358592937439e+01 -2.351311789524397966e+01 -2.292738994989987589e+01 -2.409884584058808343e+01
1.371576017766996891e+01 -2.351312905642774354e+01 -2.292740063939301720e+01 -2.409885747346246987e+01
1.372441676941056343e+01 -2.351313842586598568e+01 -2.292740961286284573e+01 -2.409886723886912563e+01
1.373307336115115973e+01 -2.351314629966428527e+01 -2.292741715390102542e+01 -2.409887544542754512e+01
1.374172995289175603e+01 -2.351315292516148148e+01 -2.292742349939342716e+01 -2.409888235092953579e+01
1.375038654463235055e+01 -2.351315846162663803e+01 -2.292742880187813981e+01 -2.409888812137513625e+01
1.375904313637294507e+01 -2.351316310727627013e+01 -2.292743325119471010e+01 -2.409889296335783015e+01
1.376769972811354137e+01 -2.351316698975542963e+01 -2.292743696959369260e+01 -2.409889700991716666e+01
1.377635631985413767e+01 -2.351317022709696758e+01 -2.292744007011966190e+01 -2.409890038407427326e+01
1.378501291159473219e+01 -2.351317294435826710e+01 -2.292744267254487411e+01 -2.409890321617166009e+01
1.379366950333532671e+01 -2.351317519857028771e+01 -2.292744483149005674e+01 -2.409890556565051867e+01
1.380232609507592301e+01 -2.351317708036728149e+01 -2.292744663375910363e+01 -2.409890752697545935e+01
1.381098268681651930e+01 -2.351317864590821216e+01 -2.292744813313760943e+01 -2.409890915867881489e+01
1.381963927855711383e+01 -2.351317994077057705e+01 -2.292744937327688604e+01 -2.409891050826426806e+01
1.450000000000000000e+01 -2.351317994077057705e+01 -2.292744937327688604e+01 -2.409891050826426806e+01
