# # logMh LcMh -err(LcMh) +err(LcMh)
1.193587174348697388e+01 1.946816217798277648e+01 2.091754454178896694e+01 1.801877981417658603e+01
1.194399018477837515e+01 1.939381075088262563e+01 2.084350579384977920e+01 1.794411570791547206e+01
1.195210862606977464e+01 1.931936289000638851e+01 2.076981915151013069e+01 1.786890662850264633e+01
1.196022706736117591e+01 1.924476763441543881e+01 2.069658989255866643e+01 1.779294537627221118e+01
1.196834550865257540e+01 1.916998627918367859e+01 2.062319945359910989e+01 1.771677310476824729e+01
1.197646394994397667e+01 1.909511549897372618e+01 2.054976321393255390e+01 1.764046778401489846e+01
1.198458239123537616e+01 1.902006913541650590e+01 2.047613992288142626e+01 1.756399834795158554e+01
1.199270083252677743e+01 1.894490401083568543e+01 2.040229654555477978e+01 1.748751147611659107e+01
1.200081927381817692e+01 1.886965358828213013e+01 2.032846467206080732e+01 1.741084250450345294e+01
1.200893771510957819e+01 1.879412212952983907e+01 2.025429457386984211e+01 1.733394968518983603e+01
1.201705615640097768e+01 1.871849380333603818e+01 2.018019608627837158e+01 1.725679152039370479e+01
1.202517459769237895e+01 1.864271351799061449e+01 2.010610629677582750e+01 1.717932073920540148e+01
1.203329303898377844e+01 1.856679386188890035e+01 2.003161625446458416e+01 1.710197146931321655e+01
1.204141148027517971e+01 1.849077736012524653e+01 1.995691014731385593e+01 1.702464457293663713e+01
1.204952992156657920e+01 1.841448118251667410e+01 1.988208272027455692e+01 1.694687964475879127e+01
1.205764836285798047e+01 1.833808280603591001e+01 1.980704463390996395e+01 1.686912097816185607e+01
1.206576680414937996e+01 1.826160396262707053e+01 1.973182083231262141e+01 1.679138709294151965e+01
1.207388524544078123e+01 1.818477360252430586e+01 1.965622340104154375e+01 1.671332380400706796e+01
1.208200368673218250e+01 1.810785537941150736e+01 1.958060194064253778e+01 1.663510881818047693e+01
1.209012212802358199e+01 1.803080503495643327e+01 1.950484895269898189e+01 1.655676111721388466e+01
1.209824056931498326e+01 1.795352815705113869e+01 1.942906886277181400e+01 1.647798745133046339e+01
1.210635901060638275e+01 1.787612613977493581e+01 1.935315314746046766e+01 1.639909913208940395e+01
1.211447745189778402e+01 1.779843284476280019e+01 1.927682368278806280e+01 1.632004200673753758e+01
1.212259589318918351e+01 1.772066528782331929e+01 1.920057082827121775e+01 1.624075974737542083e+01
1.213071433448058478e+01 1.764283369664704537e+01 1.912422029365512444e+01 1.616144709963896631e+01
1.213883277577198427e+01 1.756459475404003356e+01 1.904741331434891549e+01 1.608177619373115164e+01
1.214695121706338554e+01 1.748625988190557834e+01 1.897052406714947281e+01 1.600199569666168387e+01
1.215506965835478503e+01 1.740778888998656981e+01 1.889360453042689159e+01 1.592197324954624804e+01
1.216318809964618630e+01 1.732905683426160692e+01 1.881667997967407757e+01 1.584143368884913627e+01
1.217130654093758579e+01 1.725018391079536428e+01 1.873967979655039429e+01 1.576068802504033428e+01
1.217942498222898706e+01 1.717100674844274266e+01 1.866244940962545229e+01 1.567956408726003481e+01
1.218754342352038655e+01 1.709168153395895828e+01 1.858519584852935225e+01 1.559816721938856432e+01
1.219566186481178782e+01 1.701221659527634600e+01 1.850787745534788087e+01 1.551655573520481290e+01
1.220378030610318909e+01 1.693240875140016399e+01 1.842986322318795800e+01 1.543495427961236821e+01
1.221189874739458858e+01 1.685247185219203203e+01 1.835173574412346298e+01 1.535320796026060108e+01
1.222001718868598985e+01 1.677231866123302950e+01 1.827365164239531836e+01 1.527098568007074242e+01
1.222813562997738934e+01 1.669195397096181566e+01 1.819520506688344952e+01 1.518870287504018357e+01
1.223625407126879061e+01 1.661145674956493323e+01 1.811649538563424144e+01 1.510641811349562502e+01
1.224437251256019010e+01 1.653056327737780151e+01 1.803745677867967245e+01 1.502366977607593057e+01
1.225249095385159137e+01 1.644956052771235733e+01 1.795846853947843869e+01 1.494065251594627419e+01
1.226060939514299086e+01 1.636844492940919693e+01 1.787962670393041975e+01 1.485726315488797411e+01
1.226872783643439213e+01 1.628687355144302984e+01 1.780004706031136053e+01 1.477370004257469738e+01
1.227684627772579162e+01 1.620516360328414507e+01 1.772029007063337147e+01 1.469003713593492044e+01
1.228496471901719289e+01 1.612324897141505886e+01 1.764032076609855793e+01 1.460617717673155980e+01
1.229308316030859238e+01 1.604102847711344992e+01 1.756009778487046802e+01 1.452195916935643183e+01
1.230120160159999365e+01 1.595863467063475127e+01 1.747987885481913750e+01 1.443739048645036505e+01
1.230932004289139314e+01 1.587588582679386739e+01 1.739923857593806744e+01 1.435253307764966735e+01
1.231743848418279441e+01 1.579296343181088247e+01 1.731837893603390555e+01 1.426754792758785939e+01
1.232555692547419568e+01 1.570984490026320834e+01 1.723730496505803345e+01 1.418238483546838324e+01
1.233367536676559517e+01 1.562622909278209171e+01 1.715604575024079992e+01 1.409641243532338528e+01
1.234179380805699644e+01 1.554244356352408651e+01 1.707477149001381633e+01 1.401011563703435847e+01
1.234991224934839593e+01 1.545839657202286510e+01 1.699354137142112364e+01 1.392325177262460478e+01
1.235803069063979720e+01 1.537397871767555557e+01 1.691155476642713396e+01 1.383640266892397719e+01
1.236614913193119669e+01 1.528934794648218976e+01 1.682915206275551867e+01 1.374954383020885906e+01
1.237426757322259796e+01 1.520437800553975372e+01 1.674656534664442020e+01 1.366219066443508900e+01
1.238238601451399745e+01 1.511925404096130876e+01 1.666390090040947669e+01 1.357460718151314083e+01
1.239050445580539872e+01 1.503393948598431606e+01 1.658089836042400833e+01 1.348698061154462202e+01
1.239862289709679821e+01 1.494800158689790592e+01 1.649787579214482847e+01 1.339812738165098338e+01
1.240674133838819948e+01 1.486185774727820430e+01 1.641450639729497141e+01 1.330920909726143897e+01
1.241485977967959897e+01 1.477542771123132859e+01 1.633027796713856006e+01 1.322057745532409712e+01
1.242297822097100024e+01 1.468871483168772585e+01 1.624587294499217194e+01 1.313155671838327976e+01
1.243109666226239973e+01 1.460182227654693676e+01 1.616131011287561137e+01 1.304233444021826216e+01
1.243921510355380100e+01 1.451439284375512884e+01 1.607675852369080971e+01 1.295202716381944796e+01
1.244733354484520049e+01 1.442684362350780525e+01 1.599178816422436533e+01 1.286189908279124516e+01
1.245545198613660176e+01 1.433913196421092806e+01 1.590624992687597050e+01 1.277201400154588562e+01
1.246357042742800303e+01 1.425079208148535059e+01 1.582015366428123215e+01 1.268143049868946903e+01
1.247168886871940252e+01 1.416225284476624147e+01 1.573386959545725716e+01 1.259063609407522577e+01
1.247980731001080379e+01 1.407349003411972532e+01 1.564741027278800090e+01 1.249956979545144975e+01
1.248792575130220328e+01 1.398437122085943329e+01 1.556066180912697661e+01 1.240808063259188998e+01
1.249604419259360455e+01 1.389502226437757315e+01 1.547367115805435134e+01 1.231637337070079496e+01
1.250416263388500404e+01 1.380514402681678732e+01 1.538579570403698860e+01 1.222449234959658604e+01
1.251228107517640531e+01 1.371510842810734943e+01 1.529802678973301866e+01 1.213219006648168019e+01
1.252039951646780480e+01 1.362483867600877296e+01 1.521010392902994290e+01 1.203957342298760302e+01
1.252851795775920607e+01 1.353407102735575407e+01 1.512183460755330699e+01 1.194630744715820114e+01
1.253663639905060556e+01 1.344307158681678871e+01 1.503337650993854169e+01 1.185276666369503573e+01
1.254475484034200683e+01 1.335163159902625907e+01 1.494450759362308467e+01 1.175875560442943346e+01
1.255287328163340632e+01 1.325993471124725254e+01 1.485556845917745150e+01 1.166430096331705357e+01
1.256099172292480759e+01 1.316805813385878032e+01 1.476645670909632280e+01 1.156965955862123785e+01
1.256911016421620708e+01 1.307559919742322485e+01 1.467685705780800909e+01 1.147434133703844061e+01
1.257722860550760835e+01 1.298296256687826222e+01 1.458712979294362810e+01 1.137879534081289634e+01
1.258534704679900784e+01 1.289005086481920692e+01 1.449720684352434219e+01 1.128289488611407165e+01
1.259346548809040911e+01 1.279642952631912856e+01 1.440592368787042687e+01 1.118693536476783024e+01
1.260158392938181038e+01 1.270255944705529316e+01 1.431451865921492050e+01 1.109060023489566582e+01
1.260970237067320987e+01 1.260848188567415207e+01 1.422254454637281995e+01 1.099441922497548418e+01
1.261782081196461114e+01 1.251396552183182109e+01 1.413061145304706301e+01 1.089731959061657918e+01
1.262593925325601063e+01 1.241911257655621448e+01 1.403857941350725191e+01 1.079964573960517704e+01
1.263405769454741190e+01 1.232365941591761427e+01 1.394624480862347227e+01 1.070107402321175627e+01
1.264217613583881139e+01 1.222806467408678799e+01 1.385389406400663503e+01 1.060223528416694094e+01
1.265029457713021266e+01 1.213225823445170271e+01 1.376153611823239409e+01 1.050298035067101132e+01
1.265841301842161215e+01 1.203555338471387692e+01 1.366827324581889158e+01 1.040283352360886227e+01
1.266653145971301342e+01 1.193846722011080708e+01 1.357455906924054823e+01 1.030237537098106593e+01
1.267464990100441291e+01 1.184088744006314364e+01 1.348006928060900833e+01 1.020170559951727896e+01
1.268276834229581418e+01 1.174313958065887320e+01 1.338557506202403147e+01 1.010070409929371493e+01
1.269088678358721367e+01 1.164525049481299313e+01 1.329094593654056311e+01 9.999555053085423140e+00
1.269900522487861494e+01 1.154617242612160588e+01 1.319530197630611745e+01 9.897042875937094308e+00
1.270712366617001621e+01 1.144698321255569518e+01 1.309982282093701400e+01 9.794143604174376350e+00
1.271524210746141570e+01 1.134772676468841546e+01 1.300480312323244902e+01 9.690650406144381890e+00
1.272336054875281519e+01 1.124777374348900594e+01 1.290903083933368123e+01 9.586516647644330646e+00
1.273147899004421646e+01 1.114743008159921622e+01 1.281281079668681677e+01 9.482049366511615673e+00
1.273959743133561773e+01 1.104615968173439278e+01 1.271541021334458677e+01 9.376909150124198788e+00
1.274771587262701722e+01 1.094482425678293502e+01 1.261808165990979802e+01 9.271566853656072027e+00
1.275583431391841849e+01 1.084342902480730508e+01 1.252076536107110449e+01 9.166092688543505673e+00
1.276395275520981798e+01 1.074064617827400170e+01 1.242185781300469927e+01 9.059434543543304130e+00
1.277207119650121925e+01 1.063753890372042754e+01 1.232279753330424654e+01 8.952280274136608540e+00
1.278018963779261874e+01 1.053399516045442041e+01 1.222372056372658555e+01 8.844269757182255276e+00
1.278830807908402001e+01 1.042986779789976026e+01 1.212390120394838533e+01 8.735834391851135194e+00
1.279642652037541950e+01 1.032538490436586009e+01 1.202360159031818476e+01 8.627168218413535428e+00
1.280454496166682077e+01 1.021990698506653139e+01 1.192179211352935830e+01 8.518021856603704478e+00
1.281266340295822026e+01 1.011427596102025994e+01 1.182000650383882245e+01 8.408545418201697430e+00
1.282078184424962153e+01 1.000849084445443360e+01 1.171824491522780676e+01 8.298736773681060441e+00
1.282890028554102102e+01 9.901345271376513324e+00 1.161584179749329238e+01 8.186848745259734272e+00
1.283701872683242229e+01 9.793962187502520678e+00 1.151391448953123131e+01 8.074009885473810044e+00
1.284513716812382356e+01 9.686392437803396760e+00 1.141164578370374727e+01 7.961139091903046250e+00
1.285325560941522305e+01 9.577698704235524829e+00 1.130711177179768789e+01 7.848285636673361765e+00
1.286137405070662432e+01 9.468448989998847765e+00 1.120135586637550418e+01 7.735542113622191351e+00
1.286949249199802381e+01 9.358754916981627758e+00 1.109569386423646620e+01 7.621815969726790208e+00
1.287761093328942508e+01 9.248543869603922829e+00 1.098927700539028862e+01 7.507810733817557036e+00
1.288572937458082457e+01 9.137763451815736460e+00 1.088202878408967678e+01 7.393498119541797031e+00
1.289384781587222584e+01 9.026336237729932321e+00 1.077561543439020220e+01 7.277057041069662446e+00
1.290196625716362533e+01 8.914518108596711343e+00 1.066862603592675995e+01 7.160410181266662732e+00
1.291008469845502660e+01 8.801888390226036307e+00 1.055971573184678292e+01 7.044061048605289699e+00
1.291820313974642609e+01 8.688532681105280986e+00 1.045017787702388645e+01 6.926887485186675519e+00
1.292632158103782736e+01 8.574756703305920880e+00 1.034025636143300986e+01 6.809257045178831014e+00
1.293444002232922685e+01 8.460163176565234977e+00 1.022929644292268492e+01 6.691029910207785036e+00
1.294255846362062812e+01 8.345113346757621287e+00 1.011829718459696537e+01 6.571929508918277207e+00
1.295067690491202761e+01 8.229513364316179747e+00 1.000732651246034521e+01 6.451700216172014279e+00
1.295879534620342888e+01 8.113000148204994488e+00 9.894952921996445383e+00 6.331047374413543594e+00
1.296691378749482837e+01 7.996090183303619092e+00 9.782342538357992723e+00 6.209837828249245462e+00
1.297503222878622964e+01 7.878456153955295527e+00 9.669453509368706179e+00 6.087458798541884875e+00
1.298315067007763091e+01 7.760043358044088180e+00 9.556134404464881271e+00 5.963952311623295088e+00
1.299126911136903040e+01 7.641153378203239477e+00 9.442529723190656199e+00 5.839777033215822755e+00
1.299938755266043167e+01 7.521202948801785304e+00 9.327738034796400513e+00 5.714667862807170984e+00
1.300750599395183116e+01 7.400796225697035879e+00 9.212379636867041199e+00 5.589212814527030559e+00
1.301562443524323243e+01 7.279786786282651079e+00 9.096272674850215623e+00 5.463300897715086535e+00
1.302374287653463192e+01 7.157516202702900898e+00 8.979403936405883968e+00 5.335628468999917828e+00
1.303186131782603319e+01 7.034852133520066886e+00 8.862125234874469015e+00 5.207579032165664756e+00
1.303997975911743268e+01 6.911737389795849396e+00 8.743970068566621734e+00 5.079504711025077057e+00
1.304809820040883395e+01 6.787341463490315974e+00 8.624796958181658368e+00 4.949885968798972691e+00
1.305621664170023344e+01 6.662141600897022897e+00 8.504980612332392553e+00 4.819302589461653241e+00
1.306433508299163471e+01 6.536184215770698636e+00 8.384218537001995486e+00 4.688149894539400897e+00
1.307245352428303420e+01 6.409622273403286385e+00 8.263062092469230180e+00 4.556182454337342591e+00
1.308057196557443547e+01 6.282184437080217343e+00 8.141334278383361323e+00 4.423034595777073363e+00
1.308869040686583674e+01 6.153743297382420430e+00 8.017972282462368483e+00 4.289514312302472376e+00
1.309680884815723623e+01 6.024803845095557442e+00 7.894131799490343937e+00 4.155475890700770947e+00
1.310492728944863572e+01 5.894846277730476203e+00 7.769971043548333789e+00 4.019721511912618617e+00
1.311304573074003699e+01 5.763937918652284331e+00 7.644381411802770643e+00 3.883494425501797576e+00
1.312116417203143826e+01 5.632381993326260883e+00 7.517818599780209610e+00 3.746945386872312156e+00
1.312928261332283775e+01 5.499637506491239947e+00 7.390520303165104110e+00 3.608754709817375339e+00
1.313740105461423902e+01 5.366313998747074265e+00 7.262923902642488549e+00 3.469704094851659981e+00
1.314551949590563851e+01 5.232087309284954024e+00 7.134888776062265237e+00 3.329285842507642812e+00
1.315363793719703978e+01 5.096746448275697006e+00 7.004828924486841579e+00 3.188663972064552432e+00
1.316175637848843927e+01 4.960932756255799880e+00 6.874355847166357947e+00 3.047509665345241370e+00
1.316987481977984054e+01 4.824369466538930062e+00 6.744419813038422085e+00 2.904319120039438040e+00
1.317799326107124003e+01 4.686535423339846851e+00 6.611972197613150470e+00 2.761098649066542787e+00
1.318611170236264130e+01 4.547751884561303193e+00 6.477836337765495500e+00 2.617667431357111330e+00
1.319423014365404079e+01 4.408383274441101563e+00 6.345838457020027690e+00 2.470928091862174991e+00
1.320234858494544206e+01 4.268172484755907270e+00 6.212459293382263326e+00 2.323885676129551658e+00
1.321046702623684155e+01 4.126520076382126589e+00 6.076183344145155374e+00 2.176856808619097361e+00
1.321858546752824282e+01 3.984348017466699421e+00 5.940425965523838059e+00 2.028270069409560783e+00
1.322670390881964408e+01 3.841782329210947200e+00 5.804590156556546532e+00 1.878974501865348312e+00
1.323482235011104358e+01 3.697964727205056867e+00 5.667421648073831975e+00 1.728507806336281760e+00
1.324294079140244307e+01 3.552953662350046393e+00 5.528899884401294429e+00 1.577007440298798802e+00
1.325105923269384434e+01 3.406965493408003365e+00 5.389270192503136769e+00 1.424660794312870182e+00
1.325917767398524560e+01 3.260592618783401786e+00 5.249935996488281909e+00 1.271249241078521663e+00
1.326729611527664510e+01 3.113264985202680357e+00 5.109620548220739522e+00 1.116909422184621636e+00
1.327541455656804636e+01 2.964133904600254166e+00 4.967374350485044943e+00 9.608934587154629448e-01
1.328353299785944586e+01 2.814607608286764595e+00 4.823744260065170764e+00 8.054709565083588707e-01
1.329165143915084712e+01 2.664649901115401676e+00 4.679457715608668522e+00 6.498420866221352732e-01
1.329976988044224662e+01 2.512783145323702172e+00 4.534111508882061159e+00 4.914547817653431849e-01
1.330788832173364789e+01 2.359602021601897803e+00 4.387003601342122749e+00 3.322004418616733012e-01
1.331600676302504738e+01 2.205242775406221600e+00 4.238316608317123979e+00 1.721689424953196657e-01
1.332412520431644865e+01 2.050790947377647555e+00 4.089674618678099449e+00 1.190727607719566095e-02
1.333224364560784814e+01 1.895089342997432258e+00 3.940329082704537189e+00 -1.501503967096726733e-01
1.334036208689924941e+01 1.736728028766911569e+00 3.789468903771430419e+00 -3.160128462376070591e-01
1.334848052819064890e+01 1.577835220526031756e+00 3.636260605285249525e+00 -4.805901642331857904e-01
1.335659896948205017e+01 1.418590381035841119e+00 3.482032494860825445e+00 -6.448517327891432060e-01
1.336471741077345143e+01 1.258213468439552729e+00 3.327165258312188456e+00 -8.107383214330827759e-01
1.337283585206485093e+01 1.095500176011363846e+00 3.171345582908124072e+00 -9.803452308853961572e-01
1.338095429335625042e+01 9.304951479518506208e-01 3.014591668117175161e+00 -1.153601372213473697e+00
1.338907273464765169e+01 7.661048011334050667e-01 2.855249710451517764e+00 -1.323040108184707853e+00
1.339719117593905295e+01 6.010292707994472350e-01 2.695103247306490868e+00 -1.493044705707596176e+00
1.340530961723045245e+01 4.341607076970064316e-01 2.533723785212787405e+00 -1.665402369818774764e+00
1.341342805852185371e+01 2.642886882299284590e-01 2.371540416931047446e+00 -1.842963040471190306e+00
1.342154649981325321e+01 9.308880375649633554e-02 2.208726515845152782e+00 -2.022548908332160167e+00
1.342966494110465447e+01 -7.797209759307076327e-02 2.043056002405372329e+00 -2.199000197591514105e+00
1.343778338239605397e+01 -2.495654075562148133e-01 1.876535138727249974e+00 -2.375665953839679823e+00
1.344590182368745523e+01 -4.217301694313425608e-01 1.709101565793231359e+00 -2.552561904655916258e+00
1.345402026497885473e+01 -5.985672178951120248e-01 1.538853046543724679e+00 -2.735987482333948506e+00
1.346213870627025599e+01 -7.762017863315222588e-01 1.368791116916735051e+00 -2.921194689579779791e+00
1.347025714756165549e+01 -9.542276406996319515e-01 1.200267087116977827e+00 -3.108722368516241730e+00
1.347837558885305675e+01 -1.131987736865540883e+00 1.029252808856772505e+00 -3.293228282587854494e+00
1.348649403014445625e+01 -1.309866490667165539e+00 8.568851800218193482e-01 -3.476618161356150427e+00
1.349461247143585751e+01 -1.491386513693044424e+00 6.827686602044389375e-01 -3.665541687590527786e+00
1.350273091272725878e+01 -1.675467140400549670e+00 5.058211439355702055e-01 -3.856755424736669546e+00
1.351084935401865827e+01 -1.862556028775939287e+00 3.255477017656900340e-01 -4.050659759317568387e+00
1.351896779531005954e+01 -2.048805819975089815e+00 1.488993796086912624e-01 -4.246511019558870892e+00
1.352708623660145904e+01 -2.235012849206787777e+00 -2.758392435201972859e-02 -4.442441774061555826e+00
1.353520467789286030e+01 -2.421516178451883938e+00 -2.054062434259567027e-01 -4.637626113477811174e+00
1.354332311918425980e+01 -2.610857906907134485e+00 -3.883512309404846263e-01 -4.833364582873784343e+00
1.355144156047566106e+01 -2.801970107694569112e+00 -5.741938113723494830e-01 -5.029746404016789185e+00
1.355956000176706056e+01 -2.998059356182105173e+00 -7.621944281900687734e-01 -5.233924284174142016e+00
1.356767844305846182e+01 -3.194750844352772123e+00 -9.511830705908059791e-01 -5.438318618114738712e+00
1.357579688434986132e+01 -3.392217273292073898e+00 -1.141443069440183145e+00 -5.642991477143964651e+00
1.358391532564126258e+01 -3.589724476747752746e+00 -1.326975624631728579e+00 -5.852473328863776914e+00
1.359203376693266208e+01 -3.788027370722156562e+00 -1.513512422560382653e+00 -6.062542318883930470e+00
1.360015220822406334e+01 -3.988992250486089297e+00 -1.706652201912307376e+00 -6.271332299059871218e+00
1.360827064951546461e+01 -4.192726892380328252e+00 -1.903591804567174250e+00 -6.481861980193482253e+00
1.361638909080686410e+01 -4.398199801582626911e+00 -2.102904967579473539e+00 -6.693494635585780728e+00
1.362450753209826360e+01 -4.607121435012182076e+00 -2.306382109789576695e+00 -6.907860760234787456e+00
1.363262597338966486e+01 -4.817517908279662642e+00 -2.513005724852462208e+00 -7.122030091706863075e+00
1.364074441468106613e+01 -5.029995163333916608e+00 -2.724068549676572193e+00 -7.335921776991261467e+00
1.364886285597246562e+01 -5.242609467156585268e+00 -2.931025441781532237e+00 -7.554193492531638299e+00
1.365698129726386689e+01 -5.456153264608488485e+00 -3.137389001701555991e+00 -7.774917527515420979e+00
1.366509973855526638e+01 -5.673160491484475543e+00 -3.345172724629561500e+00 -8.001148258339389585e+00
1.367321817984666765e+01 -5.892377512024289388e+00 -3.554830828686620592e+00 -8.229924195361958184e+00
1.368133662113806714e+01 -6.113059850287628549e+00 -3.765731837877305921e+00 -8.460387862697951178e+00
1.368945506242946841e+01 -6.334781033526441618e+00 -3.981366776688906484e+00 -8.688195290363976753e+00
1.369757350372086790e+01 -6.558501712282815532e+00 -4.197028680999803640e+00 -8.919974743565827424e+00
1.370569194501226917e+01 -6.785314778682714376e+00 -4.412708702600752986e+00 -9.157920854764675767e+00
1.371381038630366866e+01 -7.013510453053253713e+00 -4.630480833303888488e+00 -9.396540072802618937e+00
1.372192882759506993e+01 -7.242646251623140685e+00 -4.850938120721725255e+00 -9.634354382524556115e+00
1.373004726888646942e+01 -7.474311651976139892e+00 -5.080849413536096648e+00 -9.867773890416183136e+00
1.373816571017787069e+01 -7.707708312598598788e+00 -5.312052769545196007e+00 -1.010336385565200246e+01
1.374628415146927196e+01 -7.942364945972689938e+00 -5.544196460434872797e+00 -1.034053343151050797e+01
1.375440259276067145e+01 -8.177944274209277609e+00 -5.775973619959027694e+00 -1.057991492845952664e+01
1.376252103405207095e+01 -8.414971484287027792e+00 -6.007742134825475588e+00 -1.082220083374858000e+01
1.377063947534347221e+01 -8.654424868026431739e+00 -6.239512409836871498e+00 -1.106933732621599198e+01
1.377875791663487348e+01 -8.895181993930940223e+00 -6.475628451217067649e+00 -1.131473553664481280e+01
1.378687635792627297e+01 -9.136830933997599047e+00 -6.713749092122800022e+00 -1.155991277587239807e+01
1.379499479921767424e+01 -9.381047732270680228e+00 -6.955375768886195686e+00 -1.180671969565516477e+01
1.380311324050907373e+01 -9.626657531401503931e+00 -7.200816846786572967e+00 -1.205249821601643490e+01
1.381123168180047500e+01 -9.873378510407386344e+00 -7.449300626172039586e+00 -1.229745639464273310e+01
1.381935012309187449e+01 -1.012137476373819567e+01 -7.704015973412611018e+00 -1.253873355406378032e+01
1.382746856438327576e+01 -1.037073259229464917e+01 -7.957412671179848296e+00 -1.278405251340944915e+01
1.383558700567467525e+01 -1.062252820619375626e+01 -8.207737230130842221e+00 -1.303731918225667030e+01
1.384370544696607652e+01 -1.087486243171684208e+01 -8.463371455721691916e+00 -1.328635340771199225e+01
1.385182388825747601e+01 -1.112774609138307902e+01 -8.720657231291900402e+00 -1.353483495147425764e+01
1.385994232954887728e+01 -1.138289155873288649e+01 -8.973643828024410851e+00 -1.379213928944136214e+01
1.386806077084027677e+01 -1.163901249665309834e+01 -9.229410015236762632e+00 -1.404861497806943404e+01
1.387617921213167804e+01 -1.189598550224033957e+01 -9.483231709022431843e+00 -1.430873929545824730e+01
1.388429765342307931e+01 -1.215558756579449096e+01 -9.738721913229571925e+00 -1.457245321835940999e+01
1.389241609471447880e+01 -1.241627830779094488e+01 -1.000133030530878031e+01 -1.483122631027310945e+01
1.390053453600587829e+01 -1.267881651447818570e+01 -1.027824176326237371e+01 -1.507939126569399768e+01
1.390865297729727956e+01 -1.294337229906560793e+01 -1.054355166665776267e+01 -1.534319293147345320e+01
1.391677141858868083e+01 -1.320888735735177555e+01 -1.080428074479739564e+01 -1.561349396990615546e+01
1.392488985988008032e+01 -1.347574426938074765e+01 -1.106443794261107882e+01 -1.588705059615041648e+01
1.393300830117148159e+01 -1.374462727141195018e+01 -1.133816774259695848e+01 -1.615108680022694188e+01
1.394112674246288108e+01 -1.401544716451434702e+01 -1.162487260881022166e+01 -1.640602172021847238e+01
1.394924518375428235e+01 -1.428957482755626529e+01 -1.191097222657461074e+01 -1.666817742853791984e+01
1.395736362504568184e+01 -1.456499983577174717e+01 -1.219129349344762048e+01 -1.693870617809587387e+01
1.396548206633708311e+01 -1.484263451443869641e+01 -1.245841906181630421e+01 -1.722684996706108862e+01
1.397360050762848260e+01 -1.512154831051759807e+01 -1.274951853608200381e+01 -1.749357808495319233e+01
1.398171894891988387e+01 -1.540119315344738737e+01 -1.304952098914453984e+01 -1.775286531775023491e+01
1.398983739021128514e+01 -1.568255877130684439e+01 -1.333511196707125102e+01 -1.803000557554243954e+01
1.399795583150268463e+01 -1.596511630131809589e+01 -1.363746049155062146e+01 -1.829277211108557211e+01
1.400607427279408412e+01 -1.624892063417239996e+01 -1.395733829170024975e+01 -1.854050297664455016e+01
1.401419271408548539e+01 -1.653126857041005948e+01 -1.425041687419794556e+01 -1.881212026662217340e+01
1.402231115537688666e+01 -1.681241551950373037e+01 -1.454412772498956663e+01 -1.908070331401789232e+01
1.403042959666828615e+01 -1.709096115508628344e+01 -1.484849924947191191e+01 -1.933342306070065320e+01
1.403854803795968564e+01 -1.736940144922797558e+01 -1.514607412836706324e+01 -1.959272877008888969e+01
1.404666647925108691e+01 -1.764747741181494334e+01 -1.544316446116340202e+01 -1.985179036246648465e+01
1.405478492054248818e+01 -1.792143292618913719e+01 -1.577683059164447599e+01 -2.006603526073379840e+01
1.406290336183388767e+01 -1.819512436124385246e+01 -1.609055551319551469e+01 -2.029969320929219023e+01
1.407102180312528894e+01 -1.846851347100881924e+01 -1.638145118866128769e+01 -2.055557575335635079e+01
1.407914024441668843e+01 -1.873472644596211012e+01 -1.668105655225771145e+01 -2.078839633966650879e+01
1.408725868570808970e+01 -1.899951076391231553e+01 -1.697589016275233220e+01 -2.102313136507229885e+01
1.409537712699948919e+01 -1.926349448714849188e+01 -1.725291019940202375e+01 -2.127407877489496002e+01
1.410349556829089046e+01 -1.952552477064935843e+01 -1.754329390463132299e+01 -2.150775563666739387e+01
1.411161400958228995e+01 -1.978588949544054643e+01 -1.783886083896435082e+01 -2.173291815191674203e+01
1.411973245087369122e+01 -2.003389542539321866e+01 -1.814178207616103222e+01 -2.192600877462540510e+01
1.412785089216509249e+01 -2.028195719334009439e+01 -1.843342233317012813e+01 -2.213049205351006066e+01
1.413596933345649198e+01 -2.053008896109123071e+01 -1.871092049182804828e+01 -2.234925743035441315e+01
1.414408777474789147e+01 -2.076597974485432019e+01 -1.901042047104717270e+01 -2.252153901866146768e+01
1.415220621603929274e+01 -2.100086718360741145e+01 -1.927341612593400200e+01 -2.272831824128082090e+01
1.416032465733069401e+01 -2.124012883766118520e+01 -1.940365592696281993e+01 -2.307660174835955047e+01
1.416844309862209350e+01 -2.146489031464884789e+01 -1.965445382887759962e+01 -2.327532680042009616e+01
1.417656153991349299e+01 -2.168167724236494109e+01 -1.997692114049442580e+01 -2.338643334423545639e+01
1.418467998120489426e+01 -2.191865941097943704e+01 -2.033475572125303188e+01 -2.350256310070584220e+01
1.419279842249629553e+01 -2.213952104663370335e+01 -2.065651918824859123e+01 -2.362252290501881546e+01
1.420091686378769502e+01 -2.233823233165555777e+01 -2.093838609983892241e+01 -2.373807856347219314e+01
1.420903530507909629e+01 -2.253101493839267988e+01 -2.121670861174873934e+01 -2.384532126503662042e+01
1.421715374637049578e+01 -2.271905761813179225e+01 -2.150472317907665598e+01 -2.393339205718692853e+01
1.422527218766189705e+01 -2.289444391127842238e+01 -2.177959787172852657e+01 -2.400928995082831818e+01
1.423339062895329654e+01 -2.303247403741925581e+01 -2.202477848699895802e+01 -2.404016958783955360e+01
1.424150907024469781e+01 -2.314637364132416408e+01 -2.225071679612962328e+01 -2.404203048651870489e+01
1.424962751153609730e+01 -2.325499778677273000e+01 -2.245349790859319938e+01 -2.405649766495226061e+01
1.425774595282749857e+01 -2.334164266938350352e+01 -2.262829687421648472e+01 -2.405498846455052231e+01
1.426586439411889984e+01 -2.339514140561790612e+01 -2.276089695710475169e+01 -2.402938585413106054e+01
1.427398283541029933e+01 -2.342372951550802895e+01 -2.298598949037683781e+01 -2.386146954063922010e+01
1.428210127670169882e+01 -2.344454973156575761e+01 -2.307699958948427721e+01 -2.381209987364723801e+01
1.429021971799310009e+01 -2.345976051908967008e+01 -2.314444738319359374e+01 -2.377507365498574643e+01
1.429833815928450136e+01 -2.347333343085178470e+01 -2.315801589480328460e+01 -2.378865096690028480e+01
1.430645660057590085e+01 -2.348574543067284282e+01 -2.306498913946449036e+01 -2.390650172188119527e+01
1.431457504186730212e+01 -2.349517117597408600e+01 -2.306352553399389649e+01 -2.392681681795427551e+01
1.432269348315870161e+01 -2.350164095133364839e+01 -2.294814153879909924e+01 -2.405514036386819754e+01
1.433081192445010288e+01 -2.350330678270584528e+01 -2.294309966118283128e+01 -2.406351390422885927e+01
1.433893036574150237e+01 -2.350468950672275881e+01 -2.293731400314789681e+01 -2.407206501029762080e+01
1.434704880703290364e+01 -2.350593260885329272e+01 -2.293177995132117886e+01 -2.408008526638540658e+01
1.435516724832430313e+01 -2.350689743892443673e+01 -2.292859503571414237e+01 -2.408519984213473109e+01
1.436328568961570440e+01 -2.350772233039615600e+01 -2.292648138034737215e+01 -2.408896328044493984e+01
1.437140413090710567e+01 -2.350843846958487404e+01 -2.292520024722445271e+01 -2.409167669194529537e+01
1.437952257219850516e+01 -2.350900503692212951e+01 -2.292488761454794854e+01 -2.409312245929631047e+01
1.438764101348990465e+01 -2.350952136681504712e+01 -2.292474178001993934e+01 -2.409430095361015489e+01
1.439575945478130592e+01 -2.350995782205288975e+01 -2.292482352889130937e+01 -2.409509211521447014e+01
1.440387789607270719e+01 -2.351030516294539652e+01 -2.292501354499680133e+01 -2.409559678089399171e+01
1.441199633736410668e+01 -2.351061361250421200e+01 -2.292523660009094044e+01 -2.409599062491748356e+01
1.442011477865550617e+01 -2.351086851293162283e+01 -2.292544071020319763e+01 -2.409629631566004804e+01
1.442823321994690744e+01 -2.351111384032695639e+01 -2.292563920459077309e+01 -2.409658847606313969e+01
1.443635166123830871e+01 -2.351135101924855775e+01 -2.292583291892698583e+01 -2.409686911957012967e+01
1.444447010252970820e+01 -2.351155286596819494e+01 -2.292600493515478632e+01 -2.409710079678160355e+01
1.445258854382110947e+01 -2.351172670575149226e+01 -2.292615358256108493e+01 -2.409729982894189959e+01
1.446070698511250896e+01 -2.351184889165020664e+01 -2.292625805007558881e+01 -2.409743973322482447e+01
1.446882542640391023e+01 -2.351199290775020501e+01 -2.292638636614331205e+01 -2.409759944935709797e+01
1.447694386769530972e+01 -2.351213273752151167e+01 -2.292651140163335199e+01 -2.409775407340967135e+01
1.448506230898671099e+01 -2.351218350605286034e+01 -2.292654842934973658e+01 -2.409781858275598410e+01
1.449318075027811048e+01 -2.351223084150741727e+01 -2.292658247482082956e+01 -2.409787920819400497e+01
1.450129919156951175e+01 -2.351227497844323011e+01 -2.292661374180252309e+01 -2.409793621508393713e+01
1.450941763286091302e+01 -2.351231658890036869e+01 -2.292664344615827687e+01 -2.409798973164246050e+01
1.451753607415231251e+01 -2.351235705876317894e+01 -2.292667242670182759e+01 -2.409804169082453029e+01
1.452565451544371200e+01 -2.351239551210307255e+01 -2.292670011891903314e+01 -2.409809090528711195e+01
1.453377295673511327e+01 -2.351243266753694172e+01 -2.292672719207240561e+01 -2.409813814300147783e+01
1.454189139802651454e+01 -2.351246916327820813e+01 -2.292675397429362505e+01 -2.409818435226279121e+01
1.455000983931791403e+01 -2.351250462524555473e+01 -2.292678047769983252e+01 -2.409822877279127695e+01
1.455812828060931352e+01 -2.351253928347537681e+01 -2.292680790566285509e+01 -2.409827066128789852e+01
1.456624672190071479e+01 -2.351257312231045304e+01 -2.292683627619354070e+01 -2.409830996842736539e+01
1.457436516319211606e+01 -2.351260625834910556e+01 -2.292686200864304524e+01 -2.409835050805516588e+01
1.458248360448351555e+01 -2.351263890802282219e+01 -2.292688722357853237e+01 -2.409839059246711201e+01
1.459060204577491682e+01 -2.351267055969154285e+01 -2.292691195533674886e+01 -2.409842916404633684e+01
1.459872048706631631e+01 -2.351270127925620557e+01 -2.292693620143995048e+01 -2.409846635707246065e+01
1.460683892835771758e+01 -2.351273142764028634e+01 -2.292696012879444112e+01 -2.409850272648613156e+01
1.461495736964911707e+01 -2.351275995081998005e+01 -2.292698295649645956e+01 -2.409853694514350053e+01
1.462307581094051834e+01 -2.351278757933327057e+01 -2.292700515873355371e+01 -2.409856999993298743e+01
1.463119425223191783e+01 -2.351281420971533720e+01 -2.292702666317305926e+01 -2.409860175625761514e+01
1.463931269352331910e+01 -2.351283913312008167e+01 -2.292704687040912148e+01 -2.409863139583104186e+01
1.464743113481472037e+01 -2.351286324971705000e+01 -2.292706623075704186e+01 -2.409866026867705813e+01
1.465554957610611986e+01 -2.351288583704051405e+01 -2.292708377612521531e+01 -2.409868789795581279e+01
1.466366801739751935e+01 -2.351290742788885524e+01 -2.292709581402784025e+01 -2.409871904174987023e+01
1.467178645868892062e+01 -2.351292847755903281e+01 -2.292710504099526858e+01 -2.409875191412279705e+01
1.467990489998032189e+01 -2.351294907883411156e+01 -2.292711490486163584e+01 -2.409878325280658729e+01
1.468802334127172138e+01 -2.351296992229033123e+01 -2.292712552188632813e+01 -2.409881432269433432e+01
1.469614178256312087e+01 -2.351299106155350316e+01 -2.292713705884010622e+01 -2.409884506426690010e+01
1.470426022385452214e+01 -2.351301298807690188e+01 -2.292715017628728091e+01 -2.409887579986652284e+01
1.471237866514592341e+01 -2.351303510971466082e+01 -2.292716530357320437e+01 -2.409890491585611727e+01
1.472049710643732290e+01 -2.351305739319142774e+01 -2.292718584747977317e+01 -2.409892893890308230e+01
1.472861554772872417e+01 -2.351308011192166347e+01 -2.292720975763183588e+01 -2.409895046621149106e+01
1.473673398902012366e+01 -2.351310308577384944e+01 -2.292723558618698831e+01 -2.409897058536071057e+01
1.474485243031152493e+01 -2.351312626188992994e+01 -2.292726133235822417e+01 -2.409899119142163570e+01
1.475297087160292442e+01 -2.351314908777251134e+01 -2.292728660539414420e+01 -2.409901157015087847e+01
1.476108931289432569e+01 -2.351317144492151812e+01 -2.292731124521134944e+01 -2.409903164463168679e+01
1.476920775418572518e+01 -2.351319285912471457e+01 -2.292733474725908849e+01 -2.409905097099034066e+01
1.477732619547712645e+01 -2.351321367937508455e+01 -2.292735756323823892e+01 -2.409906979551193018e+01
1.478544463676852772e+01 -2.351323310106467090e+01 -2.292737880105414661e+01 -2.409908740107519520e+01
1.479356307805992721e+01 -2.351325145958160689e+01 -2.292739885066445282e+01 -2.409910406849876097e+01
1.480168151935132670e+01 -2.351326914024934922e+01 -2.292741804837051234e+01 -2.409912023212818610e+01
1.480979996064272797e+01 -2.351328580581786554e+01 -2.292742642627832339e+01 -2.409914518535740768e+01
1.481791840193412924e+01 -2.351330191797134717e+01 -2.292743388646533731e+01 -2.409916994947735702e+01
1.482603684322552873e+01 -2.351331721757100013e+01 -2.292743999920514142e+01 -2.409919443593685884e+01
1.483415528451693000e+01 -2.351333162835146240e+01 -2.292744603313906993e+01 -2.409921722356385487e+01
1.484227372580832949e+01 -2.351334561523172084e+01 -2.292745203592790659e+01 -2.409923919453553509e+01
1.485039216709973076e+01 -2.351335877183409906e+01 -2.292745799149233932e+01 -2.409925955217585880e+01
1.485851060839113025e+01 -2.351337140133777126e+01 -2.292746392585160820e+01 -2.409927887682393433e+01
1.486662904968253152e+01 -2.351338366702875504e+01 -2.292746984557471279e+01 -2.409929748848279729e+01
1.487474749097393101e+01 -2.351339473958012860e+01 -2.292747529973580356e+01 -2.409931417942445364e+01
1.488286593226533228e+01 -2.351340526651263119e+01 -2.292748048664914506e+01 -2.409933004637611731e+01
1.489098437355673354e+01 -2.351341493820115147e+01 -2.292748525215991506e+01 -2.409934462424238788e+01
1.489910281484813304e+01 -2.351342372924413482e+01 -2.292748958375206314e+01 -2.409935787473620650e+01
1.490722125613953253e+01 -2.351343208174671773e+01 -2.292749369926311687e+01 -2.409937046423031859e+01
1.491533969743093380e+01 -2.351343954213928100e+01 -2.292749737520667708e+01 -2.409938170907188493e+01
1.492345813872233506e+01 -2.351344646823303108e+01 -2.292750078788630219e+01 -2.409939214857975998e+01
1.493157658001373456e+01 -2.351345298982937848e+01 -2.292750400125877164e+01 -2.409940197839998532e+01
1.493969502130513405e+01 -2.351345873409110254e+01 -2.292750683161678893e+01 -2.409941063656541616e+01
1.494781346259653532e+01 -2.351346417670748679e+01 -2.292750951334573273e+01 -2.409941884006924084e+01
1.495593190388793658e+01 -2.351346913400716687e+01 -2.292751195594559022e+01 -2.409942631206874353e+01
1.496405034517933608e+01 -2.351347362541441299e+01 -2.292751416898724415e+01 -2.409943308184158184e+01
1.497216878647073734e+01 -2.351347787815562640e+01 -2.292751626443149249e+01 -2.409943949187976031e+01
1.498028722776213684e+01 -2.351348163663008961e+01 -2.292751811633671721e+01 -2.409944515692346201e+01
1.498840566905353811e+01 -2.351348512101859711e+01 -2.292751983319215370e+01 -2.409945040884504053e+01
1.499652411034493760e+01 -2.351348837807696768e+01 -2.292752143803568288e+01 -2.409945531811825248e+01
1.500464255163633887e+01 -2.351349123172049715e+01 -2.292752284410546437e+01 -2.409945961933552994e+01
1.501276099292773836e+01 -2.351349392631748003e+01 -2.292752417180857805e+01 -2.409946368082638202e+01
1.502087943421913963e+01 -2.351349635750247558e+01 -2.292752536972125910e+01 -2.409946734528369205e+01
1.502899787551054089e+01 -2.351349855300897573e+01 -2.292752645150856239e+01 -2.409947065450938908e+01
1.503711631680194039e+01 -2.351350062409062858e+01 -2.292752747198827379e+01 -2.409947377619298337e+01
1.504523475809333988e+01 -2.351350243345663316e+01 -2.292752836351338885e+01 -2.409947650339987746e+01
1.505335319938474115e+01 -2.351350410864858276e+01 -2.292752918892719904e+01 -2.409947902836996647e+01
1.506147164067614241e+01 -2.351350566201378456e+01 -2.292752995431357377e+01 -2.409948136971399535e+01
1.506959008196754191e+01 -2.351350701556226852e+01 -2.292753062124467078e+01 -2.409948340987986626e+01
1.507770852325894140e+01 -2.351350828892964273e+01 -2.292753124866830206e+01 -2.409948532919098341e+01
1.508582696455034267e+01 -2.351350942598870475e+01 -2.292753180892902520e+01 -2.409948704304838429e+01
1.509394540584174393e+01 -2.351351044943150015e+01 -2.292753231320784124e+01 -2.409948858565515906e+01
1.510206384713314343e+01 -2.351351141093964614e+01 -2.292753278696973140e+01 -2.409949003490956088e+01
1.511018228842454469e+01 -2.351351224047709820e+01 -2.292753319570597981e+01 -2.409949128524821660e+01
1.511830072971594419e+01 -2.351351300757272611e+01 -2.292753357367539735e+01 -2.409949244147005487e+01
1.512641917100734545e+01 -2.351351371262679990e+01 -2.292753392107520938e+01 -2.409949350417839042e+01
1.513453761229874495e+01 -2.351351432354159243e+01 -2.292753422208997449e+01 -2.409949442499321037e+01
1.514265605359014621e+01 -2.351351489593739430e+01 -2.292753450412535443e+01 -2.409949528774943417e+01
1.515077449488154571e+01 -2.351351540131380702e+01 -2.292753475313841705e+01 -2.409949604948919699e+01
1.515889293617294697e+01 -2.351351585469215522e+01 -2.292753497653058048e+01 -2.409949673285372995e+01
1.516701137746434824e+01 -2.351351627873928507e+01 -2.292753518547042901e+01 -2.409949737200814113e+01
1.517512981875574773e+01 -2.351351663962601535e+01 -2.292753536328938679e+01 -2.409949791596264390e+01
1.518324826004714723e+01 -2.351351697298657939e+01 -2.292753552754543378e+01 -2.409949841842772500e+01
1.519136670133854849e+01 -2.351351727641937828e+01 -2.292753567705523920e+01 -2.409949887578351735e+01
1.519948514262994976e+01 -2.351351753783647780e+01 -2.292753580586274254e+01 -2.409949926981021306e+01
1.520760358392134926e+01 -2.351351778168720230e+01 -2.292753592601480150e+01 -2.409949963735960310e+01
1.521572202521274875e+01 -2.351351799434685219e+01 -2.292753603079813729e+01 -2.409949995789556709e+01
1.522384046650415002e+01 -2.351351818449767350e+01 -2.292753612449075717e+01 -2.409950024450458983e+01
1.523195890779555128e+01 -2.351351836148027274e+01 -2.292753621169502054e+01 -2.409950051126552495e+01
1.524007734908695078e+01 -2.351351850988664438e+01 -2.292753628481898076e+01 -2.409950073495430800e+01
1.524819579037835204e+01 -2.351351864684784232e+01 -2.292753635230358356e+01 -2.409950094139210108e+01
1.525631423166975154e+01 -2.351351877018767667e+01 -2.292753641307655954e+01 -2.409950112729879379e+01
1.526443267296115280e+01 -2.351351887583003375e+01 -2.292753646512949572e+01 -2.409950128653057178e+01
1.527255111425255230e+01 -2.351351897389681866e+01 -2.292753651344973420e+01 -2.409950143434390313e+01
1.528066955554395356e+01 -2.351351905827746691e+01 -2.292753655502643539e+01 -2.409950156152849843e+01
1.528878799683535306e+01 -2.351351913348233325e+01 -2.292753659208197092e+01 -2.409950167488269557e+01
1.529690643812675432e+01 -2.351351920310608890e+01 -2.292753662638753909e+01 -2.409950177982463870e+01
1.530502487941815559e+01 -2.351351926055650665e+01 -2.292753665469496482e+01 -2.409950186641804848e+01
1.531314332070955508e+01 -2.351351931353790548e+01 -2.292753668080037244e+01 -2.409950194627543851e+01
1.532126176200095458e+01 -2.351351936069306703e+01 -2.292753670403504174e+01 -2.409950201735109232e+01
1.532938020329235584e+01 -2.351351940084417080e+01 -2.292753672381861207e+01 -2.409950207786972953e+01
1.533749864458375711e+01 -2.351351943791881283e+01 -2.292753674208632120e+01 -2.409950213375130446e+01
1.534561708587515660e+01 -2.351351946935529824e+01 -2.292753675757595033e+01 -2.409950218113464615e+01
1.535373552716655787e+01 -2.351351949728424984e+01 -2.292753677133732282e+01 -2.409950222323117686e+01
1.536185396845795736e+01 -2.351351952298928438e+01 -2.292753678400291761e+01 -2.409950226197565115e+01
1.536997240974935863e+01 -2.351351954383360976e+01 -2.292753679427349311e+01 -2.409950229339372640e+01
1.537809085104075812e+01 -2.351351956304710455e+01 -2.292753680374051939e+01 -2.409950232235368972e+01
1.538620929233215939e+01 -2.351351957992899955e+01 -2.292753681205870109e+01 -2.409950234779929801e+01
1.539432773362355888e+01 -2.351351959421745264e+01 -2.292753681909901786e+01 -2.409950236933588741e+01
1.540244617491496015e+01 -2.351351960733449786e+01 -2.292753682556215367e+01 -2.409950238910684206e+01
1.541056461620636142e+01 -2.351351961828068937e+01 -2.292753683095564909e+01 -2.409950240560572965e+01
1.541868305749776091e+01 -2.351351962797586737e+01 -2.292753683573273449e+01 -2.409950242021900024e+01
1.542680149878916041e+01 -2.351351963683030277e+01 -2.292753684009555926e+01 -2.409950243356504629e+01
1.543491994008056167e+01 -2.351351964389689186e+01 -2.292753684357746380e+01 -2.409950244421631993e+01
1.544303838137196294e+01 -2.351351965039844316e+01 -2.292753684678095993e+01 -2.409950245401592639e+01
1.545115682266336243e+01 -2.351351965603091543e+01 -2.292753684955623683e+01 -2.409950246250559402e+01
1.545927526395476193e+01 -2.351351966076960309e+01 -2.292753685189111934e+01 -2.409950246964808684e+01
1.546739370524616319e+01 -2.351351966509215075e+01 -2.292753685402096409e+01 -2.409950247616333741e+01
1.547551214653756446e+01 -2.351351966863728293e+01 -2.292753685576774814e+01 -2.409950248150681773e+01
1.548363058782896395e+01 -2.351351967176807989e+01 -2.292753685731037905e+01 -2.409950248622578073e+01
1.549174902912036522e+01 -2.351351967459331149e+01 -2.292753685870244951e+01 -2.409950249048417348e+01
1.549986747041176471e+01 -2.351351967682735378e+01 -2.292753685980322231e+01 -2.409950249385148524e+01
1.550798591170316598e+01 -2.351351967887006822e+01 -2.292753686080972386e+01 -2.409950249693041258e+01
1.551610435299456547e+01 -2.351351968061257480e+01 -2.292753686166830818e+01 -2.409950249955684143e+01
1.552422279428596674e+01 -2.351351968206981269e+01 -2.292753686238632582e+01 -2.409950250175329955e+01
1.553234123557736623e+01 -2.351351968338980214e+01 -2.292753686303672112e+01 -2.409950250374288316e+01
1.554045967686876750e+01 -2.351351968445218432e+01 -2.292753686356019216e+01 -2.409950250534417648e+01
1.554857811816016877e+01 -2.351351968538781989e+01 -2.292753686402121005e+01 -2.409950250675442973e+01
1.555669655945156826e+01 -2.351351968622101651e+01 -2.292753686443174033e+01 -2.409950250801029270e+01
1.556481500074296775e+01 -2.351351968687371752e+01 -2.292753686475334618e+01 -2.409950250899408886e+01
1.557293344203436902e+01 -2.351351968746648424e+01 -2.292753686504542188e+01 -2.409950250988754661e+01
1.558105188332577029e+01 -2.351351968796364389e+01 -2.292753686529037793e+01 -2.409950251063690985e+01
1.558917032461716978e+01 -2.351351968837695594e+01 -2.292753686549403014e+01 -2.409950251125988174e+01
1.559728876590856927e+01 -2.351351968874846676e+01 -2.292753686567708726e+01 -2.409950251181984626e+01
1.560540720719997054e+01 -2.351351968904141998e+01 -2.292753686582143047e+01 -2.409950251226140949e+01
1.561352564849137181e+01 -2.351351968929878211e+01 -2.292753686594824458e+01 -2.409950251264931964e+01
1.562164408978277130e+01 -2.351351968952463878e+01 -2.292753686605952979e+01 -2.409950251298974777e+01
1.562976253107417257e+01 -2.351351968969987638e+01 -2.292753686614587139e+01 -2.409950251325388138e+01
1.563788097236557206e+01 -2.351351968985785490e+01 -2.292753686622371490e+01 -2.409950251349199490e+01
1.564599941365697333e+01 -2.351351968998793396e+01 -2.292753686628780940e+01 -2.409950251368805851e+01
1.565411785494837282e+01 -2.351351969009543552e+01 -2.292753686634077681e+01 -2.409950251385009423e+01
1.566223629623977409e+01 -2.351351969019125576e+01 -2.292753686638798882e+01 -2.409950251399452270e+01
1.567035473753117358e+01 -2.351351969026514865e+01 -2.292753686642440059e+01 -2.409950251410589672e+01
1.567847317882257485e+01 -2.351351969032992884e+01 -2.292753686645632172e+01 -2.409950251420353595e+01
1.568659162011397612e+01 -2.351351969038586276e+01 -2.292753686648388012e+01 -2.409950251428784540e+01
1.569471006140537561e+01 -2.351351969042884704e+01 -2.292753686650505784e+01 -2.409950251435263624e+01
1.570282850269677510e+01 -2.351351969046728030e+01 -2.292753686652399381e+01 -2.409950251441056679e+01
1.571094694398817637e+01 -2.351351969049829904e+01 -2.292753686653928114e+01 -2.409950251445731695e+01
1.571906538527957764e+01 -2.351351969052378621e+01 -2.292753686655183643e+01 -2.409950251449573599e+01
1.572718382657097713e+01 -2.351351969054629265e+01 -2.292753686656292444e+01 -2.409950251452966086e+01
1.573530226786237662e+01 -2.351351969056323910e+01 -2.292753686657127687e+01 -2.409950251455520132e+01
1.574342070915377789e+01 -2.351351969057806102e+01 -2.292753686657857770e+01 -2.409950251457754433e+01
1.575153915044517916e+01 -2.351351969059064118e+01 -2.292753686658478074e+01 -2.409950251459650161e+01
1.575965759173657865e+01 -2.351351969060021929e+01 -2.292753686658950230e+01 -2.409950251461093629e+01
1.576777603302797992e+01 -2.351351969060869607e+01 -2.292753686659367673e+01 -2.409950251462371540e+01
1.577589447431937941e+01 -2.351351969061539293e+01 -2.292753686659697365e+01 -2.409950251463381221e+01
1.578401291561078068e+01 -2.351351969062086411e+01 -2.292753686659967016e+01 -2.409950251464205806e+01
1.579213135690218017e+01 -2.351351969062564606e+01 -2.292753686660202561e+01 -2.409950251464926652e+01
1.580024979819358144e+01 -2.351351969062915259e+01 -2.292753686660375223e+01 -2.409950251465455295e+01
1.580836823948498093e+01 -2.351351969063221503e+01 -2.292753686660526213e+01 -2.409950251465916793e+01
1.581648668077638220e+01 -2.351351969063477299e+01 -2.292753686660652690e+01 -2.409950251466301907e+01
1.582460512206778347e+01 -2.351351969063669500e+01 -2.292753686660747192e+01 -2.409950251466591808e+01
1.583272356335918296e+01 -2.351351969063837899e+01 -2.292753686660829970e+01 -2.409950251466845828e+01
1.584084200465058245e+01 -2.351351969063968284e+01 -2.292753686660894630e+01 -2.409950251467041937e+01
1.584896044594198372e+01 -2.351351969064074154e+01 -2.292753686660946499e+01 -2.409950251467201809e+01
1.585707888723338499e+01 -2.351351969064165104e+01 -2.292753686660991264e+01 -2.409950251467338944e+01
1.586519732852478448e+01 -2.351351969064230474e+01 -2.292753686661023949e+01 -2.409950251467436999e+01
1.587331576981618575e+01 -2.351351969064286607e+01 -2.292753686661051304e+01 -2.409950251467521909e+01
1.588143421110758524e+01 -2.351351969064333858e+01 -2.292753686661074397e+01 -2.409950251467593318e+01
1.588955265239898651e+01 -2.351351969064367964e+01 -2.292753686661091095e+01 -2.409950251467644833e+01
1.589767109369038600e+01 -2.351351969064397807e+01 -2.292753686661106016e+01 -2.409950251467689597e+01
1.590578953498178727e+01 -2.351351969064420899e+01 -2.292753686661117740e+01 -2.409950251467724058e+01
1.591390797627318676e+01 -2.351351969064438663e+01 -2.292753686661126267e+01 -2.409950251467751059e+01
1.592202641756458803e+01 -2.351351969064454295e+01 -2.292753686661133727e+01 -2.409950251467774862e+01
1.593014485885598930e+01 -2.351351969064464953e+01 -2.292753686661139056e+01 -2.409950251467790849e+01
1.593826330014738879e+01 -2.351351969064473835e+01 -2.292753686661143320e+01 -2.409950251467804350e+01
1.594638174143878828e+01 -2.351351969064481651e+01 -2.292753686661146872e+01 -2.409950251467816429e+01
1.595450018273018955e+01 -2.351351969064488046e+01 -2.292753686661150780e+01 -2.409950251467825311e+01
1.596261862402159082e+01 -2.351351969064492664e+01 -2.292753686661152912e+01 -2.409950251467832416e+01
1.597073706531299031e+01 -2.351351969064496217e+01 -2.292753686661154333e+01 -2.409950251467838100e+01
1.597885550660438980e+01 -2.351351969064499059e+01 -2.292753686661156109e+01 -2.409950251467842008e+01
1.598697394789579107e+01 -2.351351969064501901e+01 -2.292753686661157531e+01 -2.409950251467846272e+01
