# # logMh LcMh -err(LcMh) +err(LcMh)
9.500000000000000000e+00 1.172304193304986519e+01 1.227387901240557255e+01 1.117220485369415783e+01
9.508042136376962716e+00 1.166147614612576788e+01 1.221196673568851665e+01 1.111098555656301912e+01
9.516084272753925433e+00 1.160004744937016063e+01 1.215002353853682848e+01 1.105007136020349279e+01
9.524126409130886373e+00 1.153855393536339236e+01 1.208821943781221542e+01 1.098888843291456929e+01
9.532168545507849089e+00 1.147694340030710336e+01 1.202618063436280771e+01 1.092770616625139901e+01
9.540210681884811805e+00 1.141527163932894950e+01 1.196408337663915056e+01 1.086645990201874845e+01
9.548252818261774522e+00 1.135346734243221789e+01 1.190192193710969804e+01 1.080501274775473775e+01
9.556294954638737238e+00 1.129149432296327760e+01 1.183960323590929065e+01 1.074338541001726455e+01
9.564337091015698178e+00 1.122955999225693091e+01 1.177746020802197613e+01 1.068165977649188569e+01
9.572379227392660894e+00 1.116750782933028141e+01 1.171482756536709680e+01 1.062018809329346603e+01
9.580421363769623611e+00 1.110522388627638790e+01 1.165233837757064528e+01 1.055810939498213052e+01
9.588463500146586327e+00 1.104304626897181763e+01 1.158977581027574111e+01 1.049631672766789414e+01
9.596505636523547267e+00 1.098061102078511375e+01 1.152721376201678893e+01 1.043400827955343857e+01
9.604547772900509983e+00 1.091814373412461059e+01 1.146444593281541913e+01 1.037184153543380205e+01
9.612589909277472700e+00 1.085558065990592347e+01 1.140156739547709819e+01 1.030959392433474875e+01
9.620632045654435416e+00 1.079285104132255491e+01 1.133862116827254241e+01 1.024708091437256741e+01
9.628674182031398132e+00 1.073006255233990736e+01 1.127563114671519706e+01 1.018449395796461765e+01
9.636716318408359072e+00 1.066727615851834088e+01 1.121272634647390376e+01 1.012182597056277800e+01
9.644758454785321788e+00 1.060412822522627430e+01 1.114940054712654671e+01 1.005885590332600188e+01
9.652800591162284505e+00 1.054104016514420472e+01 1.108597346195354305e+01 9.996106868334866391e+00
9.660842727539247221e+00 1.047776322622135936e+01 1.102255691582598196e+01 9.932969536616736761e+00
9.668884863916209937e+00 1.041435788715160449e+01 1.095903154554125614e+01 9.869684228761952838e+00
9.676927000293170877e+00 1.035093051922617313e+01 1.089545119784443905e+01 9.806409840607907213e+00
9.684969136670133594e+00 1.028730973639526880e+01 1.083155144593679076e+01 9.743068026853746844e+00
9.693011273047096310e+00 1.022354213230692821e+01 1.076753693432391046e+01 9.679547330289945961e+00
9.701053409424059026e+00 1.015972458688200675e+01 1.070358558965693163e+01 9.615863584107081863e+00
9.709095545801021743e+00 1.009577617034659625e+01 1.063945207503446078e+01 9.552100265658731715e+00
9.717137682177982683e+00 1.003170233030471437e+01 1.057517458824324130e+01 9.488230072366187429e+00
9.725179818554945399e+00 9.967622136448557768e+00 1.051074807558797630e+01 9.424496197309139234e+00
9.733221954931908115e+00 9.903261785550789398e+00 1.044607757872103626e+01 9.360445992380542535e+00
9.741264091308870832e+00 9.838903878766251054e+00 1.038144586355730148e+01 9.296361893975200630e+00
9.749306227685831772e+00 9.774465897960670446e+00 1.031669059962723090e+01 9.232241196294109997e+00
9.757348364062794488e+00 9.709878314585754566e+00 1.025170747425159590e+01 9.168049154919913235e+00
9.765390500439757204e+00 9.645267936342634130e+00 1.018662033020459035e+01 9.103915542480677914e+00
9.773432636816719921e+00 9.580596740031818825e+00 1.012145787286587151e+01 9.039735607197766143e+00
9.781474773193682637e+00 9.515721244368993581e+00 1.005612615997138093e+01 8.975316328766606233e+00
9.789516909570643577e+00 9.450871204109709822e+00 9.990679903911066972e+00 8.911062504308352672e+00
9.797559045947606293e+00 9.385965773003849932e+00 9.925403722995017830e+00 8.846527823012682035e+00
9.805601182324569010e+00 9.320872927335830838e+00 9.859712684514018832e+00 8.782033170157642843e+00
9.813643318701531726e+00 9.255857224757907176e+00 9.794375350190900775e+00 8.717339099324913576e+00
9.821685455078494442e+00 9.190623004916472993e+00 9.728628303638993557e+00 8.652617706193952429e+00
9.829727591455455382e+00 9.125314932200232931e+00 9.662740876628340914e+00 8.587888987772124949e+00
9.837769727832418099e+00 9.059982341878676237e+00 9.596844796507170372e+00 8.523119887250182103e+00
9.845811864209380815e+00 8.994560345673287216e+00 9.530898602454495716e+00 8.458222088892078716e+00
9.853854000586343531e+00 8.929041813414107409e+00 9.464873102789399084e+00 8.393210524038815734e+00
9.861896136963306247e+00 8.863486378053588410e+00 9.398926663290044559e+00 8.328046092817132262e+00
9.869938273340267187e+00 8.797626489421064733e+00 9.332579915762629241e+00 8.262673063079500224e+00
9.877980409717229904e+00 8.731815080151788422e+00 9.266261242179542279e+00 8.197368918124034565e+00
9.886022546094192620e+00 8.665942035941785804e+00 9.199974735324870423e+00 8.131909336558701185e+00
9.894064682471155336e+00 8.599883913805445701e+00 9.133559771282175888e+00 8.066208056328715514e+00
9.902106818848118053e+00 8.533803165537880986e+00 9.067109243695981036e+00 8.000497087379780936e+00
9.910148955225078993e+00 8.467535815822026635e+00 9.000453468367577869e+00 7.934618163276476288e+00
9.918191091602041709e+00 8.401125665734429759e+00 8.933626646892104617e+00 7.868624684576754902e+00
9.926233227979004425e+00 8.334721424331689832e+00 8.866905345002436434e+00 7.802537503660943230e+00
9.934275364355967142e+00 8.268199806576866706e+00 8.799967118298578583e+00 7.736432494855154829e+00
9.942317500732928082e+00 8.201501701934679645e+00 8.732949167180542815e+00 7.670054236688816474e+00
9.950359637109890798e+00 8.134788343480792605e+00 8.665867176377918923e+00 7.603709510583665399e+00
9.958401773486853514e+00 8.067833191665478410e+00 8.598597905019889964e+00 7.537068478311065967e+00
9.966443909863816231e+00 8.000832636171525181e+00 8.531110673505088116e+00 7.470554598837962246e+00
9.974486046240778947e+00 7.933769364372969868e+00 8.463684150151529195e+00 7.403854578594411429e+00
9.982528182617739887e+00 7.866505232887863741e+00 8.396157675925001840e+00 7.336852789850725642e+00
9.990570318994702603e+00 7.799164896324000118e+00 8.328508043537981465e+00 7.269821749110018771e+00
9.998612455371665320e+00 7.731795654380945848e+00 8.260694086910643108e+00 7.202897221851248588e+00
1.000665459174862804e+01 7.664195664257606566e+00 8.192596100672425052e+00 7.135795227842788080e+00
1.001469672812559075e+01 7.596491080883782665e+00 8.124709307311352546e+00 7.068272854456212784e+00
1.002273886450255169e+01 7.528707137016904305e+00 8.056613612042944794e+00 7.000800661990863816e+00
1.003078100087951441e+01 7.460680552115503517e+00 7.988231317714019397e+00 6.933129786516987636e+00
1.003882313725647712e+01 7.392739213726216896e+00 7.920020453585782327e+00 6.865457973866651464e+00
1.004686527363343984e+01 7.324521079591055361e+00 7.851529843002903242e+00 6.797512316179207481e+00
1.005490741001040078e+01 7.256119398217522942e+00 7.782885427732015415e+00 6.729353368703030469e+00
1.006294954638736350e+01 7.187681662178988518e+00 7.714122398518131085e+00 6.661240925839845950e+00
1.007099168276432621e+01 7.119129685139172992e+00 7.645249777650870548e+00 6.593009592627475435e+00
1.007903381914128893e+01 7.050384892160899142e+00 7.576279191828422910e+00 6.524490592493375374e+00
1.008707595551825165e+01 6.981686284012578625e+00 7.507254618084045816e+00 6.456117949941111434e+00
1.009511809189521259e+01 6.912456477752159323e+00 7.437740787706932366e+00 6.387172167797386280e+00
1.010316022827217530e+01 6.843421042381409691e+00 7.368531212463597768e+00 6.318310872299221614e+00
1.011120236464913802e+01 6.774213210179960143e+00 7.299064854634091049e+00 6.249361565725829237e+00
1.011924450102610074e+01 6.704840957697806303e+00 7.229343231087935528e+00 6.180338684307677077e+00
1.012728663740306345e+01 6.635244723227530450e+00 7.159498443631762576e+00 6.110991002823298324e+00
1.013532877378002439e+01 6.565502726510441533e+00 7.089686954627163473e+00 6.041318498393719594e+00
1.014337091015698711e+01 6.495671388259895096e+00 7.019714822350694661e+00 5.971627954169095531e+00
1.015141304653394982e+01 6.425751826943875145e+00 6.949430675944930691e+00 5.902072977942819598e+00
1.015945518291091254e+01 6.355724017427614392e+00 6.879183485586436220e+00 5.832264549268792564e+00
1.016749731928787526e+01 6.285181312465296877e+00 6.808409672122255785e+00 5.761952952808337969e+00
1.017553945566483620e+01 6.214892937591952382e+00 6.737938542711958689e+00 5.691847332471946075e+00
1.018358159204179891e+01 6.144273601958713193e+00 6.667056036977943023e+00 5.621491166939483364e+00
1.019162372841876163e+01 6.073604188545617788e+00 6.596180362100503736e+00 5.551028014990731840e+00
1.019966586479572435e+01 6.002694404173519516e+00 6.525002662205158011e+00 5.480386146141881021e+00
1.020770800117268706e+01 5.931594116781679027e+00 6.453598067568238505e+00 5.409590165995119548e+00
1.021575013754964800e+01 5.860446972553450706e+00 6.382197122144799728e+00 5.338696822962101685e+00
1.022379227392661072e+01 5.789231347101654990e+00 6.310766759514076618e+00 5.267695934689233361e+00
1.023183441030357343e+01 5.717764301122580939e+00 6.239095133362688728e+00 5.196433468882473150e+00
1.023987654668053615e+01 5.646065121620686966e+00 6.167195941123257974e+00 5.124934302118115959e+00
1.024791868305749887e+01 5.574364782732615708e+00 6.095246629452105935e+00 5.053482936013125482e+00
1.025596081943445981e+01 5.502381171348458722e+00 6.022866121697462383e+00 4.981896220999455061e+00
1.026400295581142252e+01 5.430492486297890053e+00 5.950761266980917341e+00 4.910223705614862766e+00
1.027204509218838524e+01 5.358291927368518337e+00 5.878270647694632700e+00 4.838313207042403974e+00
1.028008722856534796e+01 5.285867557042132070e+00 5.805519656655531158e+00 4.766215457428732982e+00
1.028812936494230890e+01 5.213394772932638865e+00 5.732739913733073678e+00 4.694049632132204053e+00
1.029617150131927161e+01 5.140843505505934274e+00 5.659805867864468709e+00 4.621881143147399840e+00
1.030421363769623433e+01 5.068109344929715654e+00 5.586719114676294673e+00 4.549499575183136635e+00
1.031225577407319705e+01 4.995317057769874225e+00 5.513714307780188228e+00 4.476919807759560221e+00
1.032029791045015976e+01 4.922149799113553215e+00 5.440104063355666320e+00 4.404195534871440110e+00
1.032834004682712070e+01 4.848963955952315885e+00 5.366484367213404383e+00 4.331443544691227387e+00
1.033638218320408342e+01 4.775825024829315701e+00 5.292904791164415812e+00 4.258745258494215591e+00
1.034442431958104613e+01 4.702411866868414059e+00 5.219126364722045608e+00 4.185697369014782510e+00
1.035246645595800885e+01 4.628876433782780353e+00 5.145255651977609368e+00 4.112497215587951338e+00
1.036050859233497157e+01 4.555202622021770509e+00 5.071103532667277314e+00 4.039301711376263704e+00
1.036855072871193251e+01 4.481373158903679155e+00 4.996695622171001716e+00 3.966050695636356593e+00
1.037659286508889522e+01 4.407533997623136912e+00 4.922351772745651388e+00 3.892716222500622880e+00
1.038463500146585794e+01 4.333660850582401025e+00 4.848100201619463867e+00 3.819221499545338183e+00
1.039267713784282066e+01 4.259378788073716393e+00 4.773357376168331001e+00 3.745400199979101785e+00
1.040071927421978160e+01 4.185180707339090311e+00 4.698654078090784836e+00 3.671707336587395343e+00
1.040876141059674431e+01 4.110787824317117867e+00 4.623626293658885444e+00 3.597949354975350289e+00
1.041680354697370703e+01 4.036332027683322110e+00 4.548638034347533221e+00 3.524026021019110999e+00
1.042484568335066974e+01 3.961807751646005293e+00 4.473690122198605401e+00 3.449925381093405186e+00
1.043288781972763246e+01 3.887055614596245157e+00 4.398386754829983758e+00 3.375724474362506555e+00
1.044092995610459340e+01 3.812172973493858308e+00 4.322901325424297170e+00 3.301444621563419002e+00
1.044897209248155612e+01 3.737331049279512207e+00 4.247554683043808232e+00 3.227107415515216626e+00
1.045701422885851883e+01 3.662293547149524819e+00 4.171850671174804681e+00 3.152736423124244958e+00
1.046505636523548155e+01 3.587110360113523022e+00 4.096039968973262724e+00 3.078180751253782876e+00
1.047309850161244427e+01 3.511937025186528505e+00 4.020714426448268597e+00 3.003159623924788413e+00
1.048114063798940521e+01 3.436389059469788343e+00 3.944342199973369212e+00 2.928435918966207474e+00
1.048918277436636792e+01 3.360958224544947193e+00 3.868291627262471444e+00 2.853624821827422942e+00
1.049722491074333064e+01 3.285352435993594611e+00 3.792390623596137100e+00 2.778314248391052121e+00
1.050526704712029336e+01 3.209519674483591434e+00 3.716088001448302869e+00 2.702951347518879999e+00
1.051330918349725607e+01 3.133604726643324678e+00 3.639489332793626186e+00 2.627720120493023170e+00
1.052135131987421701e+01 3.057603937265140459e+00 3.563056351859756443e+00 2.552151522670524475e+00
1.052939345625117973e+01 2.981342614098818622e+00 3.486586827190996107e+00 2.476098401006641136e+00
1.053743559262814244e+01 2.905068990374331417e+00 3.409698489083224704e+00 2.400439491665438130e+00
1.054547772900510516e+01 2.828463295428795377e+00 3.332755389430126058e+00 2.324171201427464695e+00
1.055351986538206788e+01 2.751670179639873925e+00 3.255820867847973865e+00 2.247519491431773986e+00
1.056156200175902882e+01 2.674854537030752599e+00 3.178636145567698357e+00 2.171072928493806842e+00
1.056960413813599153e+01 2.597734796396902190e+00 3.101293964135287240e+00 2.094175628658517141e+00
1.057764627451295425e+01 2.520426805252036662e+00 3.024091701396623311e+00 2.016761909107450013e+00
1.058568841088991697e+01 2.442892728722072082e+00 2.946400030851134666e+00 1.939385426593009276e+00
1.059373054726687968e+01 2.365078342150232160e+00 2.868090254657921001e+00 1.862066429642543541e+00
1.060177268364384062e+01 2.287179465854070060e+00 2.790270576182585671e+00 1.784088355525554226e+00
1.060981482002080334e+01 2.209217542351535446e+00 2.712893530112956419e+00 1.705541554590114472e+00
1.061785695639776606e+01 2.130663089370450791e+00 2.633698239459550727e+00 1.627627939281351077e+00
1.062589909277472877e+01 2.052112032493441429e+00 2.554680904959015564e+00 1.549543160027867517e+00
1.063394122915168971e+01 1.973288223061632429e+00 2.475784478010708334e+00 1.470791968112556303e+00
1.064198336552865243e+01 1.894338353902698557e+00 2.397261281315116843e+00 1.391415426490280272e+00
1.065002550190561514e+01 1.815243561257184002e+00 2.318118277239284541e+00 1.312368845275083462e+00
1.065806763828257786e+01 1.735808714499880612e+00 2.238103418035051639e+00 1.233514010964709584e+00
1.066610977465953880e+01 1.656137709244096312e+00 2.158084208311525920e+00 1.154191210176666704e+00
1.067415191103650152e+01 1.576522235095208169e+00 2.078624650375155092e+00 1.074419819815261246e+00
1.068219404741346423e+01 1.496660095156061354e+00 1.999001272547508590e+00 9.943189177646141186e-01
1.069023618379042695e+01 1.416330096279938999e+00 1.918212551433753355e+00 9.144476411261247550e-01
1.069827832016738967e+01 1.336056695619813661e+00 1.837116394331314684e+00 8.349969969083125276e-01
1.070632045654435061e+01 1.255484634653778242e+00 1.756284278765411599e+00 7.546849905421447735e-01
1.071436259292131332e+01 1.174932518283378302e+00 1.676049041463888223e+00 6.738159951028682704e-01
1.072240472929827604e+01 1.093912302908527368e+00 1.595156052271982539e+00 5.926685535450723075e-01
1.073044686567523875e+01 1.012576022617355465e+00 1.513269632396625930e+00 5.118824128380849992e-01
1.073848900205220147e+01 9.313465188286484953e-01 1.431349226500727267e+00 4.313438111565697231e-01
1.074653113842916241e+01 8.501034328547331098e-01 1.350043365284617991e+00 3.501635004248482286e-01
1.075457327480612513e+01 7.682132464962464491e-01 1.268363089175160052e+00 2.680634038173327349e-01
1.076261541118308784e+01 6.861488330329658103e-01 1.186257110039238505e+00 1.860405560266930047e-01
1.077065754756005056e+01 6.040668965601693197e-01 1.103509123664869307e+00 1.046246694554693324e-01
1.077869968393701328e+01 5.218436709106257787e-01 1.020548967188646738e+00 2.313837463260487448e-02
1.078674182031397422e+01 4.393806098123013149e-01 9.381496458037317243e-01 -5.938842617912909461e-02
1.079478395669093693e+01 3.564764680700029942e-01 8.552305108416965451e-01 -1.422775747016905568e-01
1.080282609306789965e+01 2.735625782425959995e-01 7.721278969376609291e-01 -2.250027404524689301e-01
1.081086822944486237e+01 1.905930799918750251e-01 6.885623542217755855e-01 -3.073761942380255352e-01
1.081891036582182508e+01 1.072018360442064805e-01 6.044150708669137062e-01 -3.900113987785007175e-01
1.082695250219878602e+01 2.363476878682222587e-02 5.208886267907677503e-01 -4.736190892171232569e-01
1.083499463857574874e+01 -5.979449180403650921e-02 4.372339448874419388e-01 -5.568229284955149572e-01
1.084303677495271145e+01 -1.438847400709198088e-01 3.528736675952217627e-01 -6.406431477370614358e-01
1.085107891132967417e+01 -2.279523347612916473e-01 2.680709989777771973e-01 -7.239756685003604364e-01
1.085912104770663689e+01 -3.122015967103492495e-01 1.834071312159084033e-01 -8.078103246366068468e-01
1.086716318408359783e+01 -3.966902631912610500e-01 9.860994002178707918e-02 -8.919904664043092346e-01
1.087520532046056054e+01 -4.812554766616755630e-01 1.368051092021360660e-02 -9.761914642435647327e-01
1.088324745683752326e+01 -5.660712206376571354e-01 -7.151840684740140563e-02 -1.060624034427912754e+00
1.089128959321448598e+01 -6.512126583619520792e-01 -1.571316647568402058e-01 -1.145293651967064008e+00
1.089933172959144869e+01 -7.363692361962199673e-01 -2.428587950434925036e-01 -1.229879677348947542e+00
1.090737386596840963e+01 -8.217744179713231123e-01 -3.286882235919870721e-01 -1.314860612350659208e+00
1.091541600234537235e+01 -9.074185751160812607e-01 -4.147162129142347720e-01 -1.400120937317927750e+00
1.092345813872233506e+01 -9.930226013695238052e-01 -5.006523026115183850e-01 -1.485392900127529225e+00
1.093150027509929778e+01 -1.079186428273088305e+00 -5.872351481842172927e-01 -1.571137708361959318e+00
1.093954241147625872e+01 -1.165361329151270331e+00 -6.739853849258286012e-01 -1.656737273376712061e+00
1.094758454785322144e+01 -1.251705501352162964e+00 -7.608521089270896542e-01 -1.742558893777236273e+00
1.095562668423018415e+01 -1.338305937115304101e+00 -8.478433317198179608e-01 -1.828768542510790240e+00
1.096366882060714687e+01 -1.425028908730335164e+00 -9.349130291246230406e-01 -1.915144788336047288e+00
1.097171095698410959e+01 -1.511893743589588723e+00 -1.022165486332801798e+00 -2.001622000846375649e+00
1.097975309336107053e+01 -1.599243877685849524e+00 -1.109942611278742941e+00 -2.088545144092956107e+00
1.098779522973803324e+01 -1.686541130541669764e+00 -1.197865583541906531e+00 -2.175216677541432997e+00
1.099583736611499596e+01 -1.774139612754312756e+00 -1.285789842039618103e+00 -2.262489383469007631e+00
1.100387950249195868e+01 -1.861994727600036148e+00 -1.373906045973815271e+00 -2.350083409226257025e+00
1.101192163886891962e+01 -1.949876542088311515e+00 -1.462023244682622680e+00 -2.437729839494000572e+00
1.101996377524588233e+01 -2.038137145499861802e+00 -1.550678374834953521e+00 -2.525595916164770305e+00
1.102800591162284505e+01 -2.126668437362197572e+00 -1.639703663112826781e+00 -2.613633211611568363e+00
1.103604804799980776e+01 -2.215301151762791854e+00 -1.728722686965903144e+00 -2.701879616559680564e+00
1.104409018437677048e+01 -2.304168329148011729e+00 -1.817768682059227370e+00 -2.790567976236796088e+00
1.105213232075373142e+01 -2.393352368414457310e+00 -1.907074898971373722e+00 -2.879629837857540675e+00
1.106017445713069414e+01 -2.482396189758456551e+00 -1.996403940187690518e+00 -2.968388439329222805e+00
1.106821659350765685e+01 -2.572152943349391485e+00 -2.086507307193961491e+00 -3.057798579504821479e+00
1.107625872988461957e+01 -2.661998354287005597e+00 -2.176550958653782786e+00 -3.147445749920228408e+00
1.108430086626158229e+01 -2.752022829108538460e+00 -2.266821334288483758e+00 -3.237224323928593162e+00
1.109234300263854323e+01 -2.842410541715834515e+00 -2.357285257024611447e+00 -3.327535826407057584e+00
1.110038513901550594e+01 -2.932908850017046820e+00 -2.447816096024797439e+00 -3.418001604009296202e+00
1.110842727539246866e+01 -3.023692814194580691e+00 -2.538801730589808070e+00 -3.508583897799353313e+00
1.111646941176943137e+01 -3.114971177516565159e+00 -2.630375825488072028e+00 -3.599566529545058291e+00
1.112451154814639409e+01 -3.206258173670986089e+00 -2.721668690472391905e+00 -3.690847656869580273e+00
1.113255368452335503e+01 -3.297888702673346106e+00 -2.813090446896852281e+00 -3.782686958449839931e+00
1.114059582090031775e+01 -3.389958619994695610e+00 -2.905124315951458591e+00 -3.874792924037932629e+00
1.114863795727728046e+01 -3.481934813325376243e+00 -2.997343630700745720e+00 -3.966525995950006767e+00
1.115668009365424318e+01 -3.574650928383870774e+00 -3.090140356279658551e+00 -4.059161500488083441e+00
1.116472223003120590e+01 -3.667508689677463796e+00 -3.182842165678560598e+00 -4.152175213676366994e+00
1.117276436640816684e+01 -3.760603044598562317e+00 -3.275754478374304224e+00 -4.245451610822819966e+00
1.118080650278512955e+01 -3.854083241177452823e+00 -3.369217615488486306e+00 -4.338948866866419785e+00
1.118884863916209227e+01 -3.947796622911504905e+00 -3.462899433715562303e+00 -4.432693812107447506e+00
1.119689077553905499e+01 -4.041690504299616293e+00 -3.556714959684415422e+00 -4.526666048914816720e+00
1.120493291191601770e+01 -4.136319475164036419e+00 -3.651307752836905784e+00 -4.621331197491167053e+00
1.121297504829297864e+01 -4.230940985910685903e+00 -3.745686492739131346e+00 -4.716195479082240460e+00
1.122101718466994136e+01 -4.326044318081528672e+00 -3.840573705287170014e+00 -4.811514930875887330e+00
1.122905932104690407e+01 -4.421527741314287496e+00 -3.935821726985208713e+00 -4.907233755643366280e+00
1.123710145742386679e+01 -4.517117187174264359e+00 -4.031332900597166535e+00 -5.002901473751362182e+00
1.124514359380082951e+01 -4.613173648134405447e+00 -4.127241814343461712e+00 -5.099105481925349181e+00
1.125318573017779045e+01 -4.709621551669110673e+00 -4.223510080074779793e+00 -5.195733023263441552e+00
1.126122786655475316e+01 -4.806277233419801398e+00 -4.320063813342135184e+00 -5.292490653497467612e+00
1.126927000293171588e+01 -4.903316796044224546e+00 -4.416956972388424774e+00 -5.389676619700024318e+00
1.127731213930867860e+01 -5.000792525459663906e+00 -4.514378799750163651e+00 -5.487206251169164162e+00
1.128535427568563954e+01 -5.098270081032659107e+00 -4.611766815097125161e+00 -5.584773346968193053e+00
1.129339641206260225e+01 -5.196572830411719579e+00 -4.710020368287358039e+00 -5.683125292536081119e+00
1.130143854843956497e+01 -5.295023680917150699e+00 -4.808491093113717696e+00 -5.781556268720583702e+00
1.130948068481652768e+01 -5.393710859264519542e+00 -4.907016657076925803e+00 -5.880405061452113280e+00
1.131752282119348862e+01 -5.492816074407346427e+00 -5.006052385269263993e+00 -5.979579763545428861e+00
1.132556495757045134e+01 -5.592164576562153044e+00 -5.105446949866900397e+00 -6.078882203257405692e+00
1.133360709394741406e+01 -5.691813924959884474e+00 -5.205229872463060126e+00 -6.178397977456708823e+00
1.134164923032437677e+01 -5.791957946457479522e+00 -5.305603326018776045e+00 -6.278312566896183000e+00
1.134969136670133949e+01 -5.892213547875146062e+00 -5.406014295044330176e+00 -6.378412800705961949e+00
1.135773350307830043e+01 -5.992802923105459811e+00 -5.506968117460909085e+00 -6.478637728750010538e+00
1.136577563945526315e+01 -6.093831918261858327e+00 -5.608178584628388030e+00 -6.579485251895328624e+00
1.137381777583222586e+01 -6.194865681333004304e+00 -5.709459773249446535e+00 -6.680271589416562072e+00
1.138185991220918858e+01 -6.296450830222762640e+00 -5.811548859541288081e+00 -6.781352800904237199e+00
1.138990204858615130e+01 -6.398199532145776303e+00 -5.913825241900429575e+00 -6.882573822391123031e+00
1.139794418496311224e+01 -6.500100023270439564e+00 -6.016218506825881995e+00 -6.983981539714997133e+00
1.140598632134007495e+01 -6.602303132914205008e+00 -6.118961039223898446e+00 -7.085645226604511571e+00
1.141402845771703767e+01 -6.704728337140767991e+00 -6.221981179479758595e+00 -7.187475494801777387e+00
1.142207059409400038e+01 -6.807228550040069770e+00 -6.325128616104826129e+00 -7.289328483975313411e+00
1.143011273047096310e+01 -6.910358146340049856e+00 -6.428703119700049484e+00 -7.392013172980050228e+00
1.143815486684792404e+01 -7.013363578707672019e+00 -6.532094799180247158e+00 -7.494632358235096881e+00
1.144619700322488676e+01 -7.116789201474155391e+00 -6.636243451874774379e+00 -7.597334951073536402e+00
1.145423913960184947e+01 -7.220669676081107546e+00 -6.740411661021886047e+00 -7.700927691140329046e+00
1.146228127597881219e+01 -7.324482370013810417e+00 -6.844398591819098598e+00 -7.804566148208522236e+00
1.147032341235577491e+01 -7.428833071452246806e+00 -6.949039626294044147e+00 -7.908626516610449464e+00
1.147836554873273585e+01 -7.533662972510626332e+00 -7.054146563957958804e+00 -8.013179381063293860e+00
1.148640768510969856e+01 -7.638530081978315067e+00 -7.159226420169908955e+00 -8.117833743786722067e+00
1.149444982148666128e+01 -7.743761891120442442e+00 -7.264703106719224479e+00 -8.222820675521660405e+00
1.150249195786362399e+01 -7.849645753195964915e+00 -7.370453027709349847e+00 -8.328838478682580870e+00
1.151053409424058671e+01 -7.955276983051887463e+00 -7.476363123524618182e+00 -8.434190842579157632e+00
1.151857623061754765e+01 -8.061841039039368439e+00 -7.583288574469783327e+00 -8.540393503608953552e+00
1.152661836699451037e+01 -8.168557188305960892e+00 -7.690117643184041007e+00 -8.646996733427879889e+00
1.153466050337147308e+01 -8.275438246782394813e+00 -7.797203690029056666e+00 -8.753672803535732072e+00
1.154270263974843580e+01 -8.382789730287843355e+00 -7.904783633794910003e+00 -8.860795826780776707e+00
1.155074477612539852e+01 -8.490372720309069976e+00 -8.012573991002513552e+00 -8.968171449615626400e+00
1.155878691250235946e+01 -8.598152279131292985e+00 -8.120637627845674444e+00 -9.075666930416911526e+00
1.156682904887932217e+01 -8.706519826040659993e+00 -8.229393853605369458e+00 -9.183645798475950528e+00
1.157487118525628489e+01 -8.815000922669611327e+00 -8.338385693744875482e+00 -9.291616151594347173e+00
1.158291332163324583e+01 -8.923644706452680708e+00 -8.447478363457179285e+00 -9.399811049448182132e+00
1.159095545801021032e+01 -9.032947713061194150e+00 -8.557226798210546548e+00 -9.508668627911841753e+00
1.159899759438717126e+01 -9.142129699196082981e+00 -8.666894759632938872e+00 -9.617364638759227091e+00
1.160703973076413398e+01 -9.251829164525416260e+00 -8.777118867402631253e+00 -9.726539461648201268e+00
1.161508186714109669e+01 -9.361780446055670168e+00 -8.887717270733610064e+00 -9.835843621377730273e+00
1.162312400351805763e+01 -9.471833081052887238e+00 -8.998465714389517700e+00 -9.945200447716256775e+00
1.163116613989502035e+01 -9.582185391314620659e+00 -9.109509561444959047e+00 -1.005486122118428227e+01
1.163920827627198307e+01 -9.692882030956496919e+00 -9.220943659143186366e+00 -1.016482040276980747e+01
1.164725041264894578e+01 -9.803499498471394347e+00 -9.332307381493100351e+00 -1.027469161544968834e+01
1.165529254902590850e+01 -9.914714428394470147e+00 -9.444344750640876640e+00 -1.038508410614806365e+01
1.166333468540286944e+01 -1.002596202709272966e+01 -9.556512274385179140e+00 -1.049541177980028017e+01
1.167137682177983216e+01 -1.013728550267251549e+01 -9.668740740716975424e+00 -1.060583026462805556e+01
1.167941895815679487e+01 -1.024905377786877736e+01 -9.781390013459697386e+00 -1.071671754227785733e+01
1.168746109453375759e+01 -1.036080143992651514e+01 -9.894079305239852573e+00 -1.082752357461317771e+01
1.169550323091072030e+01 -1.047279208266386519e+01 -1.000706897873695489e+01 -1.093851518659077549e+01
1.170354536728768124e+01 -1.058509945410958153e+01 -1.012036102301225071e+01 -1.104983788520691235e+01
1.171158750366464396e+01 -1.069741470181465814e+01 -1.023362850079441344e+01 -1.116120090283490285e+01
1.171962964004160668e+01 -1.080985179397695362e+01 -1.034706483947963029e+01 -1.127263874847427694e+01
1.172767177641856939e+01 -1.092277740926718188e+01 -1.046100329420568364e+01 -1.138455152432868012e+01
1.173571391279553211e+01 -1.103542467491844192e+01 -1.057474643550690985e+01 -1.149610291432997400e+01
1.174375604917249305e+01 -1.114864501691292098e+01 -1.068900825678674593e+01 -1.160828177703909603e+01
1.175179818554945577e+01 -1.126194905942132607e+01 -1.080336484780949746e+01 -1.172053327103315468e+01
1.175984032192641848e+01 -1.137529052490406301e+01 -1.091759247942417410e+01 -1.183298857038395191e+01
1.176788245830338120e+01 -1.148898186899377905e+01 -1.103223627534726958e+01 -1.194572746264028851e+01
1.177592459468034392e+01 -1.160282326147829224e+01 -1.114688444520188426e+01 -1.205876207775470021e+01
1.178396673105730486e+01 -1.171665946608804632e+01 -1.126140075569411891e+01 -1.217191817648197372e+01
1.179200886743426757e+01 -1.183098547001375422e+01 -1.137686675385216262e+01 -1.228510418617534583e+01
1.180005100381123029e+01 -1.194563209719620644e+01 -1.149193121303947862e+01 -1.239933298135293427e+01
1.180809314018819300e+01 -1.206006054099024993e+01 -1.160719335109252448e+01 -1.251292773088797539e+01
1.181613527656515572e+01 -1.217518310416382832e+01 -1.172288090527850990e+01 -1.262748530304914674e+01
1.182417741294211666e+01 -1.229009387271528020e+01 -1.183870933361513700e+01 -1.274147841181542340e+01
1.183221954931907938e+01 -1.240579653978699248e+01 -1.195493471928683249e+01 -1.285665836028715248e+01
1.184026168569604209e+01 -1.252174038050571525e+01 -1.207134186536164044e+01 -1.297213889564979006e+01
1.184830382207300481e+01 -1.263764869189303930e+01 -1.218771145075646700e+01 -1.308758593302961160e+01
1.185634595844996753e+01 -1.275388718508034103e+01 -1.230438865915465030e+01 -1.320338571100603176e+01
1.186438809482692847e+01 -1.287066810980850740e+01 -1.242155175837149805e+01 -1.331978446124551674e+01
1.187243023120389118e+01 -1.298765996800525713e+01 -1.253886006193092229e+01 -1.343645987407959197e+01
1.188047236758085390e+01 -1.310540331246038370e+01 -1.265648573978277724e+01 -1.355432088513799016e+01
1.188851450395781661e+01 -1.322324162982231144e+01 -1.277449087624072455e+01 -1.367199238340389833e+01
1.189655664033477933e+01 -1.334131267830230883e+01 -1.289242845291614792e+01 -1.379019690368846973e+01
1.190459877671174027e+01 -1.346014574578708256e+01 -1.301127715057409873e+01 -1.390901434100006639e+01
1.191264091308870299e+01 -1.357931027892724174e+01 -1.313049277652180535e+01 -1.402812778133267813e+01
1.192068304946566570e+01 -1.369897683056002968e+01 -1.325002697569065724e+01 -1.414792668542940213e+01
1.192872518584262664e+01 -1.381925645457156193e+01 -1.337001360746353740e+01 -1.426849930167958647e+01
1.193676732221959114e+01 -1.393978470038434025e+01 -1.349030574633319546e+01 -1.438926365443548505e+01
1.194480945859655208e+01 -1.406064025551550500e+01 -1.361101908793635928e+01 -1.451026142309465072e+01
1.195285159497351479e+01 -1.418253932144713403e+01 -1.373238505880769189e+01 -1.463269358408657617e+01
1.196089373135047751e+01 -1.430447302362823514e+01 -1.385402147351375568e+01 -1.475492457374271460e+01
1.196893586772743845e+01 -1.442734685153987328e+01 -1.397656557751592743e+01 -1.487812812556381914e+01
1.197697800410440117e+01 -1.455070916289210636e+01 -1.409964634540050454e+01 -1.500177198038370818e+01
1.198502014048136388e+01 -1.467427297029787958e+01 -1.422299566075804123e+01 -1.512555027983771794e+01
1.199306227685832660e+01 -1.479851291286275838e+01 -1.434696382894712485e+01 -1.525006199677839192e+01
1.200110441323528931e+01 -1.492335511944824766e+01 -1.447159548330997048e+01 -1.537511475558652485e+01
1.200914654961225025e+01 -1.504842938138380148e+01 -1.459668759214276967e+01 -1.550017117062483329e+01
1.201718868598921297e+01 -1.517423649898834270e+01 -1.472252784586606111e+01 -1.562594515211062429e+01
1.202523082236617569e+01 -1.530046259781101270e+01 -1.484890610089080809e+01 -1.575201909473121731e+01
1.203327295874313840e+01 -1.542663626814599453e+01 -1.497528055571672745e+01 -1.587799198057526162e+01
1.204131509512010112e+01 -1.555376145164822788e+01 -1.510290139501744022e+01 -1.600462150827901553e+01
1.204935723149706206e+01 -1.568074489821513318e+01 -1.523070214307423775e+01 -1.613078765335602682e+01
1.205739936787402478e+01 -1.580812714837608546e+01 -1.535902648617833677e+01 -1.625722781057383415e+01
1.206544150425098749e+01 -1.593576489980619115e+01 -1.548788598601147015e+01 -1.638364381360091215e+01
1.207348364062795021e+01 -1.606327212950012751e+01 -1.561701785565306189e+01 -1.650952640334719135e+01
1.208152577700491292e+01 -1.619080173263687783e+01 -1.574649317566526108e+01 -1.663511028960849458e+01
1.208956791338187386e+01 -1.631867305201809870e+01 -1.587660728266582488e+01 -1.676073882137037430e+01
1.209761004975883658e+01 -1.644565358751761508e+01 -1.600651408847618740e+01 -1.688479308655904276e+01
1.210565218613579930e+01 -1.657277902295054162e+01 -1.613704105460204374e+01 -1.700851699129903949e+01
1.211369432251276201e+01 -1.669938739058967414e+01 -1.626678173826229923e+01 -1.713199304291704905e+01
1.212173645888972473e+01 -1.682491248483905366e+01 -1.639571904177489259e+01 -1.725410592790321473e+01
1.212977859526668567e+01 -1.695058249727912525e+01 -1.652494520978756753e+01 -1.737621978477068296e+01
1.213782073164364839e+01 -1.707572325741769248e+01 -1.665330553260442059e+01 -1.749814098223096437e+01
1.214586286802061110e+01 -1.720038972438187841e+01 -1.678102399304475156e+01 -1.761975545571900525e+01
1.215390500439757382e+01 -1.732497775082005731e+01 -1.690847359496635249e+01 -1.774148190667376213e+01
1.216194714077453654e+01 -1.744914257053924800e+01 -1.703496774259889790e+01 -1.786331739847959810e+01
1.216998927715149748e+01 -1.757298721784275486e+01 -1.716175336741826030e+01 -1.798422106826724942e+01
1.217803141352846019e+01 -1.769695170222012237e+01 -1.728810863892378080e+01 -1.810579476551646394e+01
1.218607354990542291e+01 -1.782022231561859371e+01 -1.741407520082748306e+01 -1.822636943040970436e+01
1.219411568628238562e+01 -1.794343725087753683e+01 -1.754004475201202240e+01 -1.834682974974305125e+01
1.220215782265934834e+01 -1.806618629488844263e+01 -1.766598023197713729e+01 -1.846639235779974797e+01
1.221019995903630928e+01 -1.818832009021991780e+01 -1.779133714780097719e+01 -1.858530303263885841e+01
1.221824209541327200e+01 -1.831019173668806133e+01 -1.791620089443859243e+01 -1.870418257893753022e+01
1.222628423179023471e+01 -1.843172834222034595e+01 -1.804072402594081836e+01 -1.882273265849987354e+01
1.223432636816719565e+01 -1.855253641119249863e+01 -1.816489936833455232e+01 -1.894017345405044495e+01
1.224236850454416015e+01 -1.867311887556081373e+01 -1.828913844493973073e+01 -1.905709930618189674e+01
1.225041064092112109e+01 -1.879318156531556738e+01 -1.841248138215998864e+01 -1.917388174847114612e+01
1.225845277729808380e+01 -1.891208152931219999e+01 -1.853486096798533822e+01 -1.928930209063906176e+01
1.226649491367504652e+01 -1.903103270297520311e+01 -1.865725716298114278e+01 -1.940480824296926343e+01
1.227453705005200746e+01 -1.914897986485571124e+01 -1.877908843406886419e+01 -1.951887129564255829e+01
1.228257918642897017e+01 -1.926625427051480344e+01 -1.890015657139587901e+01 -1.963235196963372786e+01
1.229062132280593289e+01 -1.938305747669902956e+01 -1.902067281059049009e+01 -1.974544214280756904e+01
1.229866345918289561e+01 -1.949904882274822882e+01 -1.914055511855784175e+01 -1.985754252693861588e+01
1.230670559555985832e+01 -1.961414259858478815e+01 -1.925979541298275777e+01 -1.996848978418681853e+01
1.231474773193681926e+01 -1.972896121484468068e+01 -1.937892691943489609e+01 -2.007899551025446527e+01
1.232278986831378198e+01 -1.984245302565695468e+01 -1.949651651497802263e+01 -2.018838953633588673e+01
1.233083200469074470e+01 -1.995513299271645735e+01 -1.961307286482005452e+01 -2.029719312061286018e+01
1.233887414106770741e+01 -2.006695822168025956e+01 -1.972957831773690884e+01 -2.040433812562361027e+01
1.234691627744467013e+01 -2.017746905027671289e+01 -1.984452489554319854e+01 -2.051041320501022724e+01
1.235495841382163107e+01 -2.028739063604136916e+01 -1.995860302037842970e+01 -2.061617825170430862e+01
1.236300055019859379e+01 -2.039629254920214763e+01 -2.007207265784629513e+01 -2.072051244055800012e+01
1.237104268657555650e+01 -2.050392459254987187e+01 -2.018481896891046645e+01 -2.082303021618927730e+01
1.237908482295251922e+01 -2.061044347678439692e+01 -2.029668122175613831e+01 -2.092420573181265553e+01
1.238712695932948193e+01 -2.071563867834058925e+01 -2.040730221132330513e+01 -2.102397514535787337e+01
1.239516909570644287e+01 -2.081932310572996769e+01 -2.051584160727456307e+01 -2.112280460418537231e+01
1.240321123208340559e+01 -2.092215435959251835e+01 -2.062427814518304459e+01 -2.122003057400199211e+01
1.241125336846036831e+01 -2.102307161471418695e+01 -2.073059933238256036e+01 -2.131554389704581354e+01
1.241929550483733102e+01 -2.112263150100623221e+01 -2.083565205288273603e+01 -2.140961094912972840e+01
1.242733764121429374e+01 -2.122068381340811527e+01 -2.093729708944906065e+01 -2.150407053736716989e+01
1.243537977759125468e+01 -2.131680782722003542e+01 -2.103722430516243236e+01 -2.159639134927763848e+01
1.244342191396821740e+01 -2.141128319516350942e+01 -2.113602145218958128e+01 -2.168654493813743755e+01
1.245146405034518011e+01 -2.150423343434307810e+01 -2.123142145774494693e+01 -2.177704541094120927e+01
1.245950618672214283e+01 -2.159510155897783079e+01 -2.132254124679407781e+01 -2.186766187116158378e+01
1.246754832309910554e+01 -2.168413225086636942e+01 -2.141221649825455842e+01 -2.195604800347818042e+01
1.247559045947606648e+01 -2.177111779081141307e+01 -2.149983951000470128e+01 -2.204239607161812486e+01
1.248363259585302920e+01 -2.185542597818587751e+01 -2.158460748795606676e+01 -2.212624446841568826e+01
1.249167473222999192e+01 -2.193793322095049803e+01 -2.166781520077758927e+01 -2.220805124112340678e+01
1.249971686860695463e+01 -2.201801362603182710e+01 -2.174884951600088812e+01 -2.228717773606276609e+01
1.250775900498391735e+01 -2.209577606428514329e+01 -2.182716281478426268e+01 -2.236438931378602391e+01
1.251580114136087829e+01 -2.217131071188889990e+01 -2.190298021191738442e+01 -2.243964121186041538e+01
1.252384327773784101e+01 -2.224438929567408607e+01 -2.197630542470171378e+01 -2.251247316664645837e+01
1.253188541411480372e+01 -2.231489279716204521e+01 -2.204689781712869134e+01 -2.258288777719539908e+01
1.253992755049176644e+01 -2.238322665828446389e+01 -2.211545017442105632e+01 -2.265100314214787147e+01
1.254796968686872916e+01 -2.244856078401100064e+01 -2.218057281643270429e+01 -2.271654875158929698e+01
1.255601182324569010e+01 -2.251096798994448278e+01 -2.224067837619342569e+01 -2.278125760369553987e+01
1.256405395962265281e+01 -2.257076173367475747e+01 -2.229697935876567527e+01 -2.284454410858383966e+01
1.257209609599961553e+01 -2.262767898664606747e+01 -2.234995812757659905e+01 -2.290539984571553589e+01
1.258013823237657647e+01 -2.268207018610240766e+01 -2.240009025245573326e+01 -2.296405011974908206e+01
1.258818036875354096e+01 -2.273377210972866891e+01 -2.244743410155929908e+01 -2.302011011789803874e+01
1.259622250513050190e+01 -2.278262858620854203e+01 -2.249181495901611072e+01 -2.307344221340097334e+01
1.260426464150746462e+01 -2.282876749816031392e+01 -2.253315932874838978e+01 -2.312437566757223806e+01
1.261230677788442733e+01 -2.287216386563633819e+01 -2.257138966296000504e+01 -2.317293806831267133e+01
1.262034891426138827e+01 -2.291265785987761205e+01 -2.260639895390055543e+01 -2.321891676585466868e+01
1.262839105063835099e+01 -2.295046170457469970e+01 -2.263829974510602128e+01 -2.326262366404337811e+01
1.263643318701531371e+01 -2.298549890424405362e+01 -2.266685073892232438e+01 -2.330414706956578286e+01
1.264447532339227642e+01 -2.301808869153014570e+01 -2.269259161122236534e+01 -2.334358577183792605e+01
1.265251745976923914e+01 -2.304832763749223190e+01 -2.271565701108627522e+01 -2.338099826389818858e+01
1.266055959614620008e+01 -2.307622728369488385e+01 -2.273602049169023331e+01 -2.341643407569953439e+01
1.266860173252316280e+01 -2.310198263425888143e+01 -2.275377979318086474e+01 -2.345018547533689812e+01
1.267664386890012551e+01 -2.312581991853774355e+01 -2.276911452090188703e+01 -2.348252531617360006e+01
1.268468600527708823e+01 -2.314778575840688291e+01 -2.278212358818671746e+01 -2.351344792862704836e+01
1.269272814165405094e+01 -2.316816016334296791e+01 -2.279300165632389863e+01 -2.354331867036203718e+01
1.270077027803101188e+01 -2.318712266316370574e+01 -2.280189630093713049e+01 -2.357234902539028099e+01
1.270881241440797460e+01 -2.320489604242608195e+01 -2.280935889594648458e+01 -2.360043318890567932e+01
1.271685455078493732e+01 -2.322199307090467357e+01 -2.281624812970021310e+01 -2.362773801210913405e+01
1.272489668716190003e+01 -2.323861390370781521e+01 -2.282297488548942965e+01 -2.365425292192620077e+01
1.273293882353886275e+01 -2.325495808020565747e+01 -2.282991489032743360e+01 -2.368000127008388134e+01
1.274098095991582369e+01 -2.327107755442984782e+01 -2.283727228421557953e+01 -2.370488282464411611e+01
1.274902309629278641e+01 -2.328679558553981011e+01 -2.284500963207590729e+01 -2.372858153900371292e+01
1.275706523266974912e+01 -2.330184459422558518e+01 -2.285288548705449330e+01 -2.375080370139667707e+01
1.276510736904671184e+01 -2.331614469298477132e+01 -2.286052956189497465e+01 -2.377175982407456800e+01
1.277314950542367455e+01 -2.332944633845874449e+01 -2.286749511373028909e+01 -2.379139756318719989e+01
1.278119164180063549e+01 -2.334182234382868160e+01 -2.287368923046669522e+01 -2.380995545719066797e+01
1.278923377817759821e+01 -2.335341511718747043e+01 -2.287913115742711767e+01 -2.382769907694782319e+01
1.279727591455456093e+01 -2.336421730695160193e+01 -2.288390109951747320e+01 -2.384453351438573065e+01
1.280531805093152364e+01 -2.337432918486680222e+01 -2.288819631304043156e+01 -2.386046205669317288e+01
1.281336018730848636e+01 -2.338378017474653348e+01 -2.289205424950177203e+01 -2.387550609999129492e+01
1.282140232368544730e+01 -2.339258067037039268e+01 -2.289552363242029287e+01 -2.388963770832049249e+01
1.282944446006241002e+01 -2.340079261797713173e+01 -2.289867575045134629e+01 -2.390290948550291716e+01
1.283748659643937273e+01 -2.340846054365547246e+01 -2.290150374255563293e+01 -2.391541734475531200e+01
1.284552873281633545e+01 -2.341556334079501056e+01 -2.290401291213128232e+01 -2.392711376945873880e+01
1.285357086919329817e+01 -2.342216996029896592e+01 -2.290622443448618029e+01 -2.393811548611175155e+01
1.286161300557025911e+01 -2.342830926298775651e+01 -2.290819418907402749e+01 -2.394842433690148553e+01
1.286965514194722182e+01 -2.343402691939536098e+01 -2.290994919078437420e+01 -2.395810464800634776e+01
1.287769727832418454e+01 -2.343936222231764432e+01 -2.291152293307530741e+01 -2.396720151155998124e+01
1.288573941470114548e+01 -2.344432557563853692e+01 -2.291293623135211277e+01 -2.397571491992496107e+01
1.289378155107810997e+01 -2.344894602055461874e+01 -2.291420625294312075e+01 -2.398368578816611674e+01
1.290182368745507091e+01 -2.345326260973664034e+01 -2.291534582238859485e+01 -2.399117939708468583e+01
1.290986582383203363e+01 -2.345727324754061272e+01 -2.291635520204682308e+01 -2.399819129303440235e+01
1.291790796020899634e+01 -2.346100962296916137e+01 -2.291725469228499890e+01 -2.400476455365332384e+01
1.292595009658595728e+01 -2.346447199552492791e+01 -2.291805339814338183e+01 -2.401089059290647398e+01
1.293399223296292000e+01 -2.346768597416934199e+01 -2.291876329448616900e+01 -2.401660865385251498e+01
1.294203436933988272e+01 -2.347069862280935837e+01 -2.291940795493727379e+01 -2.402198929068144295e+01
1.295007650571684543e+01 -2.347351174501319448e+01 -2.291998943044767145e+01 -2.402703405957871752e+01
1.295811864209380815e+01 -2.347613787301349220e+01 -2.292052040775338284e+01 -2.403175533827360155e+01
1.296616077847076909e+01 -2.347859809189889546e+01 -2.292101057947147424e+01 -2.403618560432631668e+01
1.297420291484773180e+01 -2.348090476268805560e+01 -2.292146456322737791e+01 -2.404034496214873329e+01
1.298224505122469452e+01 -2.348306178105223552e+01 -2.292189132236919846e+01 -2.404423223973527257e+01
1.299028718760165724e+01 -2.348509777230459150e+01 -2.292229620260158640e+01 -2.404789934200759660e+01
1.299832932397861995e+01 -2.348699753226483367e+01 -2.292268709154545192e+01 -2.405130797298421541e+01
1.300637146035558089e+01 -2.348878449615369846e+01 -2.292305884595911181e+01 -2.405451014634828510e+01
1.301441359673254361e+01 -2.349047759308284711e+01 -2.292343719631017862e+01 -2.405751798985551559e+01
1.302245573310950633e+01 -2.349207471046462459e+01 -2.292381833256603940e+01 -2.406033108836320977e+01
1.303049786948646904e+01 -2.349358980323344426e+01 -2.292420134305612578e+01 -2.406297826341076274e+01
1.303854000586343176e+01 -2.349502290599192023e+01 -2.292458760060949530e+01 -2.406545821137434515e+01
1.304658214224039270e+01 -2.349636249044051439e+01 -2.292497044900104086e+01 -2.406775453187998792e+01
1.305462427861735542e+01 -2.349760706451121450e+01 -2.292531328784567535e+01 -2.406990084117675366e+01
1.306266641499431813e+01 -2.349876647507935701e+01 -2.292553252802005304e+01 -2.407200042213866098e+01
1.307070855137128085e+01 -2.349982794144302289e+01 -2.292562413495128837e+01 -2.407403174793475742e+01
1.307875068774824356e+01 -2.350079053084355252e+01 -2.292561862177589660e+01 -2.407596243991120843e+01
1.308679282412520450e+01 -2.350165999528925553e+01 -2.292553953077207751e+01 -2.407778045980643356e+01
1.309483496050216722e+01 -2.350245657318919967e+01 -2.292542607156334356e+01 -2.407948707481505579e+01
1.310287709687912994e+01 -2.350319757854731151e+01 -2.292530493152634463e+01 -2.408109022556827838e+01
1.311091923325609265e+01 -2.350389088706452156e+01 -2.292518814360156298e+01 -2.408259363052748014e+01
1.311896136963305537e+01 -2.350454232225084539e+01 -2.292507912999114694e+01 -2.408400551451054383e+01
1.312700350601001631e+01 -2.350515667417032972e+01 -2.292497965885184996e+01 -2.408533368948880948e+01
1.313504564238697903e+01 -2.350572723655959351e+01 -2.292489550682861221e+01 -2.408655896629057480e+01
1.314308777876394174e+01 -2.350625022269249342e+01 -2.292484870208452108e+01 -2.408765174330046577e+01
1.315112991514090446e+01 -2.350672270436619016e+01 -2.292482999906072294e+01 -2.408861540967165737e+01
1.315917205151786717e+01 -2.350715415020980004e+01 -2.292485321769366635e+01 -2.408945508272593372e+01
1.316721418789482811e+01 -2.350755619228214499e+01 -2.292491280239492468e+01 -2.409019958216936530e+01
1.317525632427179083e+01 -2.350793222921158687e+01 -2.292499913746869922e+01 -2.409086532095447453e+01
1.318329846064875355e+01 -2.350828580067066298e+01 -2.292511593412856286e+01 -2.409145566721276310e+01
1.319134059702571626e+01 -2.350861947550761499e+01 -2.292524879501868540e+01 -2.409199015599654459e+01
1.319938273340267898e+01 -2.350893200404678751e+01 -2.292537131608087009e+01 -2.409249269201270494e+01
1.320742486977963992e+01 -2.350922068248315711e+01 -2.292548683546393917e+01 -2.409295452950237504e+01
1.321546700615660264e+01 -2.350949144408879121e+01 -2.292559024936050349e+01 -2.409339263881707893e+01
1.322350914253356535e+01 -2.350973634354930653e+01 -2.292568776680323239e+01 -2.409378492029538066e+01
1.323155127891052629e+01 -2.350995901478507122e+01 -2.292576883372996122e+01 -2.409414919584018122e+01
1.323959341528748901e+01 -2.351016111958249866e+01 -2.292584635387653336e+01 -2.409447588528846396e+01
1.324763555166445173e+01 -2.351034498601466183e+01 -2.292590935639981353e+01 -2.409478061562951012e+01
1.325567768804141444e+01 -2.351051300707587188e+01 -2.292598404550633617e+01 -2.409504196864540759e+01
1.326371982441837716e+01 -2.351066781327896038e+01 -2.292607599133674867e+01 -2.409525963522117209e+01
1.327176196079533810e+01 -2.351081153178696326e+01 -2.292616047463165430e+01 -2.409546258894227222e+01
1.327980409717230081e+01 -2.351094490634763901e+01 -2.292622653272486133e+01 -2.409566327997041668e+01
1.328784623354926353e+01 -2.351106819032306916e+01 -2.292627910265465019e+01 -2.409585727799148813e+01
1.329588836992622625e+01 -2.351117566276659687e+01 -2.292632717006878451e+01 -2.409602415546440923e+01
1.330393050630318896e+01 -2.351127236775440821e+01 -2.292637297969612220e+01 -2.409617175581269422e+01
1.331197264268014990e+01 -2.351136244405720532e+01 -2.292641669491811030e+01 -2.409630819319630035e+01
1.332001477905711262e+01 -2.351144749154703106e+01 -2.292643937968514933e+01 -2.409645560340891279e+01
1.332805691543407534e+01 -2.351152870729521283e+01 -2.292645602366256696e+01 -2.409660139092785869e+01
1.333609905181103805e+01 -2.351160714333811796e+01 -2.292647925487801075e+01 -2.409673503179822518e+01
1.334414118818800077e+01 -2.351168273356863381e+01 -2.292650782948820876e+01 -2.409685763764905886e+01
1.335218332456496171e+01 -2.351175342558905257e+01 -2.292653832399405545e+01 -2.409696852718404969e+01
1.336022546094192442e+01 -2.351181602666949999e+01 -2.292656675593913107e+01 -2.409706529739986891e+01
1.336826759731888714e+01 -2.351186910515943396e+01 -2.292659112227275031e+01 -2.409714708804611760e+01
1.337630973369584986e+01 -2.351191876574202411e+01 -2.292661648087042892e+01 -2.409722105061361930e+01
1.338435187007281257e+01 -2.351196702577294673e+01 -2.292661031244083603e+01 -2.409732373910505743e+01
1.339239400644977351e+01 -2.351201367644799589e+01 -2.292659772745531654e+01 -2.409742962544067524e+01
1.340043614282673623e+01 -2.351205700764744222e+01 -2.292658840764410755e+01 -2.409752560765077689e+01
1.340847827920369895e+01 -2.351209612393825310e+01 -2.292658292752933136e+01 -2.409760932034717484e+01
1.341652041558066166e+01 -2.351213439243005610e+01 -2.292658339914156329e+01 -2.409768538571854890e+01
1.342456255195762438e+01 -2.351217870050817638e+01 -2.292659562683909513e+01 -2.409776177417725762e+01
1.343260468833458532e+01 -2.351223289590297227e+01 -2.292662282121496276e+01 -2.409784297059098179e+01
1.344064682471154804e+01 -2.351229427787753679e+01 -2.292666144166208042e+01 -2.409792711409299315e+01
1.344868896108851075e+01 -2.351235588887897521e+01 -2.292670417239378011e+01 -2.409800760536417030e+01
1.345673109746547347e+01 -2.351242471458201777e+01 -2.292675706542016201e+01 -2.409809236374387353e+01
1.346477323384243618e+01 -2.351252187093879797e+01 -2.292684071677475899e+01 -2.409820302510283696e+01
1.347281537021939712e+01 -2.351263912277165957e+01 -2.292694659287992920e+01 -2.409833165266338995e+01
1.348085750659635984e+01 -2.351274674473938475e+01 -2.292704464113577245e+01 -2.409844884834299705e+01
1.348889964297332256e+01 -2.351283015938864196e+01 -2.292711998925897987e+01 -2.409854032951830405e+01
1.349694177935028527e+01 -2.351289983728040411e+01 -2.292718290194069297e+01 -2.409861677262011526e+01
1.350498391572724799e+01 -2.351296688746135288e+01 -2.292724428780634582e+01 -2.409868948711635994e+01
1.351302605210420893e+01 -2.351304379712269466e+01 -2.292731642767110856e+01 -2.409877116657428076e+01
1.450000000000000000e+01 -2.351304379712269466e+01 -2.292731642767110856e+01 -2.409877116657428076e+01
