# # logMh LcMh -err(LcMh) +err(LcMh)
9.500000000000000000e+00 1.700799870198633457e+01 1.724194306445374281e+01 1.677405433951892633e+01
9.508801169473214188e+00 1.693219068287650586e+01 1.716600850260105915e+01 1.669837286315195257e+01
9.517602338946430152e+00 1.685641023651700721e+01 1.709021731634927477e+01 1.662260315668473964e+01
9.526403508419644339e+00 1.678061212139478187e+01 1.701421684489985964e+01 1.654700739788970409e+01
9.535204677892860303e+00 1.670469807139031104e+01 1.693821667964027355e+01 1.647117946314034853e+01
9.544005847366074491e+00 1.662885505676703346e+01 1.686220639478827366e+01 1.639550371874579326e+01
9.552807016839290455e+00 1.655282872918291304e+01 1.678605741290033393e+01 1.631960004546549214e+01
9.561608186312504643e+00 1.647682101128655674e+01 1.670988801611965613e+01 1.624375400645345735e+01
9.570409355785720606e+00 1.640071945398901221e+01 1.663358570048794860e+01 1.616785320749007582e+01
9.579210525258934794e+00 1.632455530335184335e+01 1.655747983198360984e+01 1.609163077472007686e+01
9.588011694732148982e+00 1.624842393320097855e+01 1.648117856070926379e+01 1.601566930569269331e+01
9.596812864205364946e+00 1.617208648113295766e+01 1.640472519606879942e+01 1.593944776619711590e+01
9.605614033678579133e+00 1.609569585903170719e+01 1.632819305278449207e+01 1.586319866527892053e+01
9.614415203151795097e+00 1.601925086672572718e+01 1.625178116936348616e+01 1.578672056408796820e+01
9.623216372625009285e+00 1.594267844816751811e+01 1.617524813880514500e+01 1.571010875752989122e+01
9.632017542098225249e+00 1.586603661371461982e+01 1.609850550531418989e+01 1.563356772211504975e+01
9.640818711571439437e+00 1.578923770962174444e+01 1.602158327963172013e+01 1.555689213961176698e+01
9.649619881044653624e+00 1.571235510098764543e+01 1.594484812521040773e+01 1.547986207676488313e+01
9.658421050517869588e+00 1.563537490647901507e+01 1.586798208237065921e+01 1.540276773058737092e+01
9.667222219991083776e+00 1.555823376488231879e+01 1.579093157540557435e+01 1.532553595435906324e+01
9.676023389464299740e+00 1.548101439043394301e+01 1.571370979161297043e+01 1.524831898925491558e+01
9.684824558937513928e+00 1.540365513802733943e+01 1.563628745432891876e+01 1.517102282172576011e+01
9.693625728410729891e+00 1.532615629344532593e+01 1.555898756229941782e+01 1.509332502459123404e+01
9.702426897883944079e+00 1.524856142001802439e+01 1.548154128599826151e+01 1.501558155403778727e+01
9.711228067357160043e+00 1.517079914904817350e+01 1.540376223013234025e+01 1.493783606796400676e+01
9.720029236830374231e+00 1.509295493115592990e+01 1.532592048497522264e+01 1.485998937733663716e+01
9.728830406303588418e+00 1.501500083661209572e+01 1.524789599182207667e+01 1.478210568140211478e+01
9.737631575776804382e+00 1.493684860547977067e+01 1.516977746196086585e+01 1.470391974899867549e+01
9.746432745250018570e+00 1.485865143439420066e+01 1.509157766963199876e+01 1.462572519915640257e+01
9.755233914723234534e+00 1.478038272981195078e+01 1.501315377923538819e+01 1.454761168038851338e+01
9.764035084196448722e+00 1.470205564336363935e+01 1.493460067310488171e+01 1.446951061362239699e+01
9.772836253669664686e+00 1.462368296490766895e+01 1.485613863783584776e+01 1.439122729197949013e+01
9.781637423142878873e+00 1.454519217230589412e+01 1.477745745025376323e+01 1.431292689435802501e+01
9.790438592616093061e+00 1.446676992001670392e+01 1.469874468275041579e+01 1.423479515728299205e+01
9.799239762089309025e+00 1.438818916973917794e+01 1.462016304850611270e+01 1.415621529097224318e+01
9.808040931562523213e+00 1.430949229626627073e+01 1.454140527529218474e+01 1.407757931724035672e+01
9.816842101035739176e+00 1.423083020774376273e+01 1.446245082597728171e+01 1.399920958951024375e+01
9.825643270508953364e+00 1.415195948347883714e+01 1.438362649418120931e+01 1.392029247277646498e+01
9.834444439982169328e+00 1.407301319443827126e+01 1.430463169895896591e+01 1.384139468991757660e+01
9.843245609455383516e+00 1.399406782414701667e+01 1.422566652696140821e+01 1.376246912133262512e+01
9.852046778928599480e+00 1.391498195535660720e+01 1.414637983694194467e+01 1.368358407377126973e+01
9.860847948401813667e+00 1.383581819949543323e+01 1.406742333746718288e+01 1.360421306152368359e+01
9.869649117875027855e+00 1.375636866965673377e+01 1.398781652329555847e+01 1.352492081601790908e+01
9.878450287348243819e+00 1.367693549743007608e+01 1.390798424504578890e+01 1.344588674981436327e+01
9.887251456821458007e+00 1.359740259144981067e+01 1.382846773742076074e+01 1.336633744547886060e+01
9.896052626294673971e+00 1.351773394928988559e+01 1.374901797390199043e+01 1.328644992467778074e+01
9.904853795767888158e+00 1.343813345325198938e+01 1.366908581217280805e+01 1.320718109433117071e+01
9.913654965241104122e+00 1.335832198749887745e+01 1.358906582322824086e+01 1.312757815176951404e+01
9.922456134714318310e+00 1.327840636586012657e+01 1.350930675852385576e+01 1.304750597319639738e+01
9.931257304187532498e+00 1.319837245775540424e+01 1.342929985462899367e+01 1.296744506088181481e+01
9.940058473660748461e+00 1.311820458950005275e+01 1.334880122656222667e+01 1.288760795243787882e+01
9.948859643133962649e+00 1.303812449041993204e+01 1.326850901127383864e+01 1.280773996956602545e+01
9.957660812607178613e+00 1.295787687349624306e+01 1.318817064048620935e+01 1.272758310650627678e+01
9.966461982080392801e+00 1.287753004850508098e+01 1.310780490315533697e+01 1.264725519385482500e+01
9.975263151553608765e+00 1.279715523813907652e+01 1.302737164105928258e+01 1.256693883521887045e+01
9.984064321026822952e+00 1.271671186183365521e+01 1.294667890142522104e+01 1.248674482224208937e+01
9.992865490500038916e+00 1.263624415825029601e+01 1.286590892025068023e+01 1.240657939624991180e+01
1.000166665997325310e+01 1.255548571495985577e+01 1.278519916276932378e+01 1.232577226715038776e+01
1.001046782944646729e+01 1.247445590702107587e+01 1.270420107234403062e+01 1.224471074169812113e+01
1.001926899891968326e+01 1.239343742793561809e+01 1.262276983118553808e+01 1.216410502468569810e+01
1.002807016839289744e+01 1.231250938024865782e+01 1.254166282233454055e+01 1.208335593816277509e+01
1.003687133786611341e+01 1.223170184010809081e+01 1.246083753715738318e+01 1.200256614305879843e+01
1.004567250733932759e+01 1.215074180232750933e+01 1.237974916820451909e+01 1.192173443645049957e+01
1.005447367681254356e+01 1.206940079754013340e+01 1.229821146891459449e+01 1.184059012616567230e+01
1.006327484628575775e+01 1.198795219911868415e+01 1.221665700403577226e+01 1.175924739420159604e+01
1.007207601575897371e+01 1.190658586437360178e+01 1.213526788205100537e+01 1.167790384669619819e+01
1.008087718523218790e+01 1.182522260021288574e+01 1.205378251910045506e+01 1.159666268132531641e+01
1.008967835470540209e+01 1.174369795592628840e+01 1.197219005463536767e+01 1.151520585721720913e+01
1.009847952417861805e+01 1.166187024994681209e+01 1.189036856487675387e+01 1.143337193501687032e+01
1.010728069365183224e+01 1.157976224886453132e+01 1.180810444965013595e+01 1.135142004807892668e+01
1.011608186312504820e+01 1.149745418611274950e+01 1.172567535653901949e+01 1.126923301568647950e+01
1.012488303259826239e+01 1.141537980760302773e+01 1.164355578956955561e+01 1.118720382563649984e+01
1.013368420207147835e+01 1.133335958746386218e+01 1.156145456663764648e+01 1.110526460829007789e+01
1.014248537154469254e+01 1.125101529151058166e+01 1.147909643709396299e+01 1.102293414592720033e+01
1.015128654101790673e+01 1.116849016865805133e+01 1.139662131792730015e+01 1.094035901938880251e+01
1.016008771049112269e+01 1.108572650771709078e+01 1.131391770941634789e+01 1.085753530601783368e+01
1.016888887996433688e+01 1.100267193990918990e+01 1.123081101218710209e+01 1.077453286763127771e+01
1.017769004943755284e+01 1.091971788141725597e+01 1.114790727148482041e+01 1.069152849134969152e+01
1.018649121891076703e+01 1.083653630113889577e+01 1.106486796165825126e+01 1.060820464061954027e+01
1.019529238838398300e+01 1.075319115889011101e+01 1.098143763244460480e+01 1.052494468533561722e+01
1.020409355785719718e+01 1.066964148779281096e+01 1.089812379933909803e+01 1.044115917624652390e+01
1.021289472733041137e+01 1.058569315327124372e+01 1.081414007509940234e+01 1.035724623144308509e+01
1.022169589680362733e+01 1.050165059852439065e+01 1.073026049399857484e+01 1.027304070305020645e+01
1.023049706627684152e+01 1.041740836898557632e+01 1.064578649842812297e+01 1.018903023954302967e+01
1.023929823575005749e+01 1.033311197711415375e+01 1.056179080308436546e+01 1.010443315114394203e+01
1.024809940522327167e+01 1.024866802036810398e+01 1.047725420661591045e+01 1.002008183412029751e+01
1.025690057469648764e+01 1.016386357430762288e+01 1.039273174231999519e+01 9.934995406295250575e+00
1.026570174416970183e+01 1.007896962560908705e+01 1.030769878612237456e+01 9.850240465095799536e+00
1.027450291364291779e+01 9.993782260082257451e+00 1.022271322269439864e+01 9.764851297470116265e+00
1.028330408311613198e+01 9.908455767675176773e+00 1.013732722135118358e+01 9.679584313999169964e+00
1.029210525258934616e+01 9.823036860376909374e+00 1.005190965392646518e+01 9.594164066827353565e+00
1.030090642206256213e+01 9.737345929650718546e+00 9.966251870938485524e+00 9.508439988362951567e+00
1.030970759153577632e+01 9.651638555153336796e+00 9.880448889391219680e+00 9.422828220915453912e+00
1.031850876100899228e+01 9.565718215298383953e+00 9.794380788542230931e+00 9.337055642054536975e+00
1.032730993048220647e+01 9.479689615532850056e+00 9.708207364494152003e+00 9.251171866571548108e+00
1.033611109995542243e+01 9.393644439211467301e+00 9.621944166418771260e+00 9.165344712004163341e+00
1.034491226942863662e+01 9.307430768539541432e+00 9.535368340594871484e+00 9.079493196484211381e+00
1.035371343890185258e+01 9.221227924889417338e+00 9.448954596310597864e+00 8.993501253468236811e+00
1.036251460837506677e+01 9.134884742961460802e+00 9.362604146494739155e+00 8.907165339428182449e+00
1.037131577784828096e+01 9.048376495836642164e+00 9.275834225756298679e+00 8.820918765916985649e+00
1.038011694732149692e+01 8.961795151102785795e+00 9.189072092918763701e+00 8.734518209286807888e+00
1.038891811679471111e+01 8.874993317530234904e+00 9.102316236719314446e+00 8.647670398341155362e+00
1.039771928626792707e+01 8.788026982729352454e+00 9.015310434973276443e+00 8.560743530485428465e+00
1.040652045574114126e+01 8.700906605928013349e+00 8.928113177814896773e+00 8.473700034041129925e+00
1.041532162521435723e+01 8.613612561839277149e+00 8.840914232409398110e+00 8.386310891269156187e+00
1.042412279468757141e+01 8.526198532253513207e+00 8.753433237267525868e+00 8.298963827239500546e+00
1.043292396416078560e+01 8.438552367298765233e+00 8.665589830123058945e+00 8.211514904474471521e+00
1.044172513363400157e+01 8.350761600420128161e+00 8.577812700546246560e+00 8.123710500294009762e+00
1.045052630310721575e+01 8.262890521101468266e+00 8.489879938026973605e+00 8.035901104175962928e+00
1.045932747258043172e+01 8.174773288905127444e+00 8.401500926889701404e+00 7.948045650920553484e+00
1.046812864205364590e+01 8.086565300550818236e+00 8.313249871252645917e+00 7.859880729848990555e+00
1.047692981152686187e+01 7.998208668162903656e+00 8.224977854120282927e+00 7.771439482205524385e+00
1.048573098100007606e+01 7.909585862754272334e+00 8.136259622505498612e+00 7.682912103003045168e+00
1.049453215047329202e+01 7.820870078239495982e+00 8.047401271369269082e+00 7.594338885109723769e+00
1.050333331994650621e+01 7.731900808790984847e+00 7.958479540325465784e+00 7.505322077256503910e+00
1.051213448941972040e+01 7.642800124587325605e+00 7.869247471105254021e+00 7.416352778069397189e+00
1.052093565889293636e+01 7.553545611840944751e+00 7.779983597887444091e+00 7.327107625794445411e+00
1.052973682836615055e+01 7.463954137507244013e+00 7.690455667661955985e+00 7.237452607352532041e+00
1.053853799783936651e+01 7.374329054853438592e+00 7.600771280999173207e+00 7.147886828707703977e+00
1.054733916731258070e+01 7.284390397003174478e+00 7.510867619827481967e+00 7.057913174178866988e+00
1.055614033678579666e+01 7.194309704086167656e+00 7.420677272565734839e+00 6.967942135606600473e+00
1.056494150625901085e+01 7.104146392229170104e+00 7.330419528977461852e+00 6.877873255480878356e+00
1.057374267573222681e+01 7.013562027730522175e+00 7.239862369681952181e+00 6.787261685779092169e+00
1.058254384520544100e+01 6.922971023759649789e+00 7.149089505684965928e+00 6.696852541834333650e+00
1.059134501467865519e+01 6.832045158815454045e+00 7.058238586203215981e+00 6.605851731427692108e+00
1.060014618415187115e+01 6.740903879411162869e+00 6.967198591893430049e+00 6.514609166928895689e+00
1.060894735362508534e+01 6.649714372554758057e+00 6.876136053365546452e+00 6.423292691743969662e+00
1.061774852309830131e+01 6.557981079142680692e+00 6.784403461287727310e+00 6.331558696997634073e+00
1.062654969257151549e+01 6.466242444957192248e+00 6.692538839751527746e+00 6.239946050162856750e+00
1.063535086204473146e+01 6.374134940161458651e+00 6.600508594127824757e+00 6.147761286195092545e+00
1.064415203151794564e+01 6.281847762016619541e+00 6.508267140841503817e+00 6.055428383191735264e+00
1.065295320099115983e+01 6.189514377092063313e+00 6.416053558512223809e+00 5.962975195671902817e+00
1.066175437046437580e+01 6.096693005945291510e+00 6.323063682130927177e+00 5.870322329759655844e+00
1.067055553993758998e+01 6.003821918930119850e+00 6.230098227897495455e+00 5.777545609962744244e+00
1.067935670941080595e+01 5.910670468849787973e+00 6.136979935353756410e+00 5.684361002345819536e+00
1.068815787888402014e+01 5.817279123693036347e+00 6.043516513089799425e+00 5.591041734296273269e+00
1.069695904835723610e+01 5.723798859371233227e+00 5.950152745415147493e+00 5.497444973327318962e+00
1.070576021783045029e+01 5.629923587170491572e+00 5.856341069052170667e+00 5.403506105288812478e+00
1.071456138730366447e+01 5.535878361359451105e+00 5.762204708429976563e+00 5.309552014288925648e+00
1.072336255677688044e+01 5.441605445119121143e+00 5.667796248658839353e+00 5.215414641579402932e+00
1.073216372625009463e+01 5.347042474475801832e+00 5.573305076981492689e+00 5.120779871970110975e+00
1.074096489572331059e+01 5.252415988769866928e+00 5.478675221690006758e+00 5.026156755849727098e+00
1.074976606519652478e+01 5.157456831348817161e+00 5.383566686203407947e+00 4.931346976494226375e+00
1.075856723466974074e+01 5.062314512321167470e+00 5.288336248434993614e+00 4.836292776207341326e+00
1.076736840414295493e+01 4.967035357658408756e+00 5.193049198679394074e+00 4.741021516637423439e+00
1.077616957361617089e+01 4.871496876643045759e+00 5.097282284876926362e+00 4.645711468409165157e+00
1.078497074308938508e+01 4.775879126608228553e+00 5.001643337060192707e+00 4.550114916156264400e+00
1.079377191256260105e+01 4.680027195697904041e+00 4.905661970677476447e+00 4.454392420718331635e+00
1.080257308203581523e+01 4.583940752916955574e+00 4.809464667837905161e+00 4.358416837996005988e+00
1.081137425150902942e+01 4.487742503441785935e+00 4.713116642822759772e+00 4.262368364060812098e+00
1.082017542098224538e+01 4.391267400593448222e+00 4.616472657084361053e+00 4.166062144102535392e+00
1.082897659045545957e+01 4.294729633568193705e+00 4.519880418567340463e+00 4.069578848569046947e+00
1.083777775992867554e+01 4.198032207388298964e+00 4.422883347789841046e+00 3.973181066986756882e+00
1.084657892940188972e+01 4.101051763055555632e+00 4.325767919132680106e+00 3.876335606978430715e+00
1.085538009887510569e+01 4.004026783879855778e+00 4.228759559798589862e+00 3.779294007961121249e+00
1.086418126834831988e+01 3.906747495301442719e+00 4.131140094577054889e+00 3.682354896025830548e+00
1.087298243782153406e+01 3.809413687428433004e+00 4.033330578774473096e+00 3.585496796082392912e+00
1.088178360729475003e+01 3.712032244734714048e+00 3.935831408826710121e+00 3.488233080642717976e+00
1.089058477676796421e+01 3.614211583737179101e+00 3.838233690618749083e+00 3.390189476855609119e+00
1.089938594624118018e+01 3.516446608869956858e+00 3.740076942668799198e+00 3.292816275071114518e+00
1.090818711571439437e+01 3.418427141794270874e+00 3.641555454542733994e+00 3.195298829045807754e+00
1.091698828518761033e+01 3.320250238465315640e+00 3.543098597340933686e+00 3.097401879589697593e+00
1.092578945466082452e+01 3.222073465581515528e+00 3.445174284906058038e+00 2.998972646256973018e+00
1.093459062413403871e+01 3.123353768148697363e+00 3.346572279001347461e+00 2.900135257296047264e+00
1.094339179360725467e+01 3.024667059361396237e+00 3.247303206137870379e+00 2.802030912584922095e+00
1.095219296308046886e+01 2.925705255156346496e+00 3.147881478490921925e+00 2.703529031821771067e+00
1.096099413255368482e+01 2.826477169924519028e+00 3.048298523447895647e+00 2.604655816401142410e+00
1.096979530202689901e+01 2.727330337057212173e+00 2.949920135022017664e+00 2.504740539092406681e+00
1.097859647150011497e+01 2.627403120996572472e+00 2.850072426405639625e+00 2.404733815587505319e+00
1.098739764097332916e+01 2.527474692521589628e+00 2.749920255244798994e+00 2.305029129798380261e+00
1.099619881044654335e+01 2.427138643466407508e+00 2.649181904629590800e+00 2.205095382303224216e+00
1.100499997991975931e+01 2.326351074540462527e+00 2.548167775565165272e+00 2.104534373515759782e+00
1.101380114939297350e+01 2.225512281962522820e+00 2.448601117760067503e+00 2.002423446164978138e+00
1.102260231886618946e+01 2.124022243078439232e+00 2.347636656585839532e+00 1.900407829571038709e+00
1.103140348833940365e+01 2.022282353001386479e+00 2.245701277962329989e+00 1.798863428040443191e+00
1.104020465781261962e+01 1.920179302141836741e+00 2.143007154942152770e+00 1.697351449341520713e+00
1.104900582728583380e+01 1.817793331445238580e+00 2.039610157219597042e+00 1.595976505670880341e+00
1.105780699675904977e+01 1.715377429574068469e+00 1.937147221766905680e+00 1.493607637381231257e+00
1.106660816623226395e+01 1.612408263508497752e+00 1.834696119673277392e+00 1.390120407343718112e+00
1.107540933570547992e+01 1.509461102097031659e+00 1.733232526545897878e+00 1.285689677648165441e+00
1.108421050517869411e+01 1.406296656566861092e+00 1.630360725893763130e+00 1.182232587239959054e+00
1.109301167465190829e+01 1.302520853237891352e+00 1.526050634100905468e+00 1.078991072374877236e+00
1.110181284412512426e+01 1.198623230189460154e+00 1.421307146412636779e+00 9.759393139662834171e-01
1.111061401359833845e+01 1.094215277233245853e+00 1.316084423905010015e+00 8.723461305614816919e-01
1.111941518307155441e+01 9.895010082106123761e-01 1.211289085748044059e+00 7.677129306731806935e-01
1.112821635254476860e+01 8.847810376344935612e-01 1.106773859984921504e+00 6.627882152840655072e-01
1.113701752201798456e+01 7.796516592571105519e-01 1.001874869363693188e+00 5.574284491505278050e-01
1.114581869149119875e+01 6.743718889352858792e-01 8.968991091513814906e-01 4.518446687191902678e-01
1.115461986096441294e+01 5.688024666271992436e-01 7.917715723480032164e-01 3.458333609063952152e-01
1.116342103043762890e+01 4.626887467198833592e-01 6.858243181108913955e-01 2.395531753288752674e-01
1.117222219991084309e+01 3.563948420293767683e-01 5.792531313956057470e-01 1.335365526631477340e-01
1.118102336938405905e+01 2.497772410057471082e-01 4.720736330069480458e-01 2.748084900454614288e-02
1.118982453885727324e+01 1.429539711637020094e-01 3.646236110976575073e-01 -7.871566877025346076e-02
1.119862570833048920e+01 3.596814432675982803e-02 2.574958837903085773e-01 -1.855595951367889351e-01
1.120742687780370339e+01 -7.153916379017621896e-02 1.499723297208779560e-01 -2.930506573012303662e-01
1.121622804727691758e+01 -1.791181042495091358e-01 4.237417550988870074e-02 -4.006103840089069723e-01
1.122502921675013354e+01 -2.869728544044475860e-01 -6.546422698097068005e-02 -5.084814818279245197e-01
1.123383038622334773e+01 -3.951704972880303868e-01 -1.737111119615796784e-01 -6.166298826144811507e-01
1.124263155569656369e+01 -5.035200850527102867e-01 -2.820412956594153808e-01 -7.249988744460051926e-01
1.125143272516977788e+01 -6.123721611313981406e-01 -3.909557833393362269e-01 -8.337885389234600542e-01
1.126023389464299385e+01 -7.213032996158346144e-01 -5.001566900828583462e-01 -9.424499091488108826e-01
1.126903506411620803e+01 -8.305323862644247157e-01 -6.096768252011919298e-01 -1.051387947327657502e+00
1.127783623358942400e+01 -9.401106854068019825e-01 -7.195777595810556315e-01 -1.160643611232548444e+00
1.128663740306263819e+01 -1.049667550142901584e+00 -8.294520643277408789e-01 -1.269883035958062401e+00
1.129543857253585415e+01 -1.159865419172618983e+00 -9.399653890513423038e-01 -1.379765449293895774e+00
1.130423974200906834e+01 -1.270144487534980104e+00 -1.050360920200724468e+00 -1.489928054869235741e+00
1.131304091148228252e+01 -1.380669486958473691e+00 -1.160918490662712799e+00 -1.600420483254234583e+00
1.132184208095549849e+01 -1.491633703131199695e+00 -1.272020450930472890e+00 -1.711246955331926500e+00
1.133064325042871268e+01 -1.602560692841784817e+00 -1.382965518155345963e+00 -1.822155867528223672e+00
1.133944441990192864e+01 -1.714253312464480317e+00 -1.494662227278632738e+00 -1.933844397650327895e+00
1.134824558937514283e+01 -1.825962366160307715e+00 -1.606443506180614822e+00 -2.045481226140000608e+00
1.135704675884835879e+01 -1.937914475174193685e+00 -1.718717001035000136e+00 -2.157111949313387456e+00
1.136584792832157298e+01 -2.050423807788344543e+00 -1.831325274113414725e+00 -2.269522341463274362e+00
1.137464909779478717e+01 -2.162885470321136872e+00 -1.943963978239705126e+00 -2.381806962402568839e+00
1.138345026726800313e+01 -2.276011994285615625e+00 -2.057195527565554016e+00 -2.494828461005677234e+00
1.139225143674121732e+01 -2.389292154748942298e+00 -2.170607096937545055e+00 -2.607977212560339542e+00
1.140105260621443328e+01 -2.502883964236254144e+00 -2.284355110753800933e+00 -2.721412817718707355e+00
1.140985377568764747e+01 -2.616970820492914296e+00 -2.398378940960284478e+00 -2.835562700025544114e+00
1.141865494516086343e+01 -2.731083441417994528e+00 -2.512474621870721236e+00 -2.949692260965267820e+00
1.142745611463407762e+01 -2.845824920590238616e+00 -2.627197710543421660e+00 -3.064452130637055571e+00
1.143625728410729181e+01 -2.960893833889164384e+00 -2.742271215596568279e+00 -3.179516452181760489e+00
1.144505845358050777e+01 -3.076235907050783425e+00 -2.857607936566094686e+00 -3.294863877535472163e+00
1.145385962305372196e+01 -3.192059149012125729e+00 -2.973272273156936318e+00 -3.410846024867315140e+00
1.146266079252693793e+01 -3.308241511635586996e+00 -3.089625124134549150e+00 -3.526857899136624841e+00
1.147146196200015211e+01 -3.424914083620942851e+00 -3.206211753171589685e+00 -3.643616414070296017e+00
1.148026313147336808e+01 -3.541961046919787748e+00 -3.323069096286578095e+00 -3.760852997552997401e+00
1.148906430094658226e+01 -3.659406517306240225e+00 -3.440620176969953370e+00 -3.878192857642527080e+00
1.149786547041979645e+01 -3.777358724375313948e+00 -3.558431822883072471e+00 -3.996285625867555424e+00
1.150666663989301242e+01 -3.895619625465533531e+00 -3.676518194203549861e+00 -4.114721056727517201e+00
1.151546780936622838e+01 -4.014413564654145006e+00 -3.795244194995656350e+00 -4.233582934312633661e+00
1.152426897883944257e+01 -4.133796920684708276e+00 -3.914487398575833943e+00 -4.353106442793582609e+00
1.153307014831265676e+01 -4.253483693873160831e+00 -4.033858054638837842e+00 -4.473109333107483820e+00
1.154187131778587272e+01 -4.373685168625875086e+00 -4.153871619814377247e+00 -4.593498717437372925e+00
1.155067248725908691e+01 -4.494402504816013888e+00 -4.274589778421350239e+00 -4.714215231210677537e+00
1.155947365673230109e+01 -4.615578754113889737e+00 -4.395615625778718005e+00 -4.835541882449061468e+00
1.156827482620551706e+01 -4.737364053309098821e+00 -4.517228842977321079e+00 -4.957499263640876563e+00
1.157707599567873302e+01 -4.859436977604316255e+00 -4.639250779822243764e+00 -5.079623175386388745e+00
1.158587716515194721e+01 -4.982103175608064483e+00 -4.761779618192758079e+00 -5.202426733023370886e+00
1.159467833462516140e+01 -5.105322513566417086e+00 -4.884889732099319204e+00 -5.325755295033514969e+00
1.160347950409837736e+01 -5.228856635286673438e+00 -5.008481186691012610e+00 -5.449232083882334265e+00
1.161228067357159155e+01 -5.353054222350822400e+00 -5.132282190940133937e+00 -5.573826253761510863e+00
1.162108184304480751e+01 -5.477639357011988785e+00 -5.256859903977247228e+00 -5.698418810046730343e+00
1.162988301251802170e+01 -5.602509348957426027e+00 -5.381663536474404097e+00 -5.823355161440447958e+00
1.163868418199123766e+01 -5.728204053420348885e+00 -5.507365296038049252e+00 -5.949042810802648518e+00
1.164748535146445185e+01 -5.853856231772843977e+00 -5.633187200361766678e+00 -6.074525263183921275e+00
1.165628652093766604e+01 -5.980401857632297258e+00 -5.759758833398825217e+00 -6.201044881865769298e+00
1.166508769041088200e+01 -6.107087191132032800e+00 -5.886368476864535459e+00 -6.327805905399530140e+00
1.167388885988409619e+01 -6.234034144568329161e+00 -6.013696867936074497e+00 -6.454371421200583825e+00
1.168269002935731216e+01 -6.361744002439914780e+00 -6.141568708648971864e+00 -6.581919296230857697e+00
1.169149119883052634e+01 -6.489274165928052618e+00 -6.269337130603910957e+00 -6.709211201252194279e+00
1.170029236830374231e+01 -6.617573895498599867e+00 -6.397949504107620200e+00 -6.837198286889579535e+00
1.170909353777695650e+01 -6.745915123822133097e+00 -6.526534591088326565e+00 -6.965295656555939630e+00
1.171789470725017068e+01 -6.874486205700113928e+00 -6.655565756061831983e+00 -7.093406655338395872e+00
1.172669587672338665e+01 -7.003668367478613987e+00 -6.785221205633920505e+00 -7.222115529323307470e+00
1.173549704619660083e+01 -7.132774763555794095e+00 -6.914140414888668040e+00 -7.351409112222920150e+00
1.174429821566981680e+01 -7.262758649420415935e+00 -7.044473580792569578e+00 -7.481043718048262292e+00
1.175309938514303099e+01 -7.393034760417528162e+00 -7.174775784125333011e+00 -7.611293736709723312e+00
1.176190055461624695e+01 -7.523478161495114946e+00 -7.305069119365308339e+00 -7.741887203624921554e+00
1.177070172408946114e+01 -7.654873219660363937e+00 -7.436821800813879335e+00 -7.872924638506848538e+00
1.177950289356267533e+01 -7.786398812974105965e+00 -7.568305070660954925e+00 -8.004492555287257005e+00
1.178830406303589129e+01 -7.918559002688153825e+00 -7.700425650339666639e+00 -8.136692355036641899e+00
1.179710523250910725e+01 -8.051197126111196312e+00 -7.833218866199995745e+00 -8.269175386022396879e+00
1.180590640198232144e+01 -8.184083169409969827e+00 -7.966187966487526140e+00 -8.401978372332413514e+00
1.181470757145553563e+01 -8.317703512874622618e+00 -8.099839505240428394e+00 -8.535567520508816841e+00
1.182350874092875159e+01 -8.451585609005460853e+00 -8.233820354016350151e+00 -8.669350863994571554e+00
1.183230991040196578e+01 -8.585979361593537362e+00 -8.368366025818060550e+00 -8.803592697369014175e+00
1.184111107987518174e+01 -8.720825242563376989e+00 -8.503475583151859141e+00 -8.938174901974894837e+00
1.184991224934839593e+01 -8.855826143931436079e+00 -8.638674744941628347e+00 -9.072977542921243810e+00
1.185871341882161190e+01 -8.991400108452214823e+00 -8.774470126918000545e+00 -9.208330089986429101e+00
1.186751458829482608e+01 -9.127296119280375208e+00 -8.910678253171084862e+00 -9.343913985389665555e+00
1.187631575776804027e+01 -9.263542219008852996e+00 -9.047131184140503990e+00 -9.479953253877202002e+00
1.188511692724125623e+01 -9.400249657735342268e+00 -9.184056415413156316e+00 -9.616442900057528220e+00
1.189391809671447042e+01 -9.537087211727014235e+00 -9.321278733991379184e+00 -9.752895689462649287e+00
1.190271926618768639e+01 -9.674348896697948064e+00 -9.458926058019176963e+00 -9.889771735376719164e+00
1.191152043566090057e+01 -9.811934649827620092e+00 -9.596921855806222368e+00 -1.002694744384901782e+01
1.192032160513411654e+01 -9.949629389377880884e+00 -9.735044962765080356e+00 -1.016421381599068141e+01
1.192912277460733073e+01 -1.008779264652305940e+01 -9.873669651470500241e+00 -1.030191564157561857e+01
1.193792394408054491e+01 -1.022599463345414961e+01 -1.001246676404257485e+01 -1.043952250286572436e+01
1.194672511355376088e+01 -1.036442306316567397e+01 -1.015140796564040926e+01 -1.057743816069093867e+01
1.195552628302697507e+01 -1.050329925054494495e+01 -1.029082739023301762e+01 -1.071577111085687228e+01
1.196432745250019103e+01 -1.064207384367827558e+01 -1.042991344109849194e+01 -1.085423424625805922e+01
1.197312862197340522e+01 -1.078135653869419741e+01 -1.056999267539531218e+01 -1.099272040199308265e+01
1.198192979144662118e+01 -1.092068998347338571e+01 -1.070989941449043492e+01 -1.113148055245633650e+01
1.199073096091983537e+01 -1.106012591696883973e+01 -1.084968518381016978e+01 -1.127056665012750969e+01
1.199953213039304956e+01 -1.120012276882210855e+01 -1.099037733131001104e+01 -1.140986820633420606e+01
1.200833329986626552e+01 -1.133992351734735493e+01 -1.113082833754071821e+01 -1.154901869715399165e+01
1.201713446933948148e+01 -1.148025524474663506e+01 -1.127163347293503648e+01 -1.168887701655823363e+01
1.202593563881269567e+01 -1.162088281153952174e+01 -1.141227411303480110e+01 -1.182949151004424237e+01
1.203473680828590986e+01 -1.176136239315491139e+01 -1.155351144237859806e+01 -1.196921334393122471e+01
1.204353797775912582e+01 -1.190280626235528949e+01 -1.169495442859202683e+01 -1.211065809611855215e+01
1.205233914723234001e+01 -1.204375599580010281e+01 -1.183675714522309264e+01 -1.225075484637711298e+01
1.206114031670555420e+01 -1.218511202716739028e+01 -1.197871318469581503e+01 -1.239151086963896553e+01
1.206994148617877016e+01 -1.232724435044253042e+01 -1.212045478506222196e+01 -1.253403391582283888e+01
1.207874265565198613e+01 -1.246967845442934930e+01 -1.226385726635313489e+01 -1.267549964250556371e+01
1.208754382512520031e+01 -1.261255928608964894e+01 -1.240643666966692926e+01 -1.281868190251236861e+01
1.209634499459841450e+01 -1.275511846340961419e+01 -1.254959801115209217e+01 -1.296063891566713622e+01
1.210514616407163047e+01 -1.289880365713600874e+01 -1.269341072063751419e+01 -1.310419659363450329e+01
1.211394733354484465e+01 -1.304305441097455898e+01 -1.283783449103000152e+01 -1.324827433091911644e+01
1.212274850301806062e+01 -1.318770915827798262e+01 -1.298260631305657142e+01 -1.339281200349939382e+01
1.213154967249127480e+01 -1.333299932053249037e+01 -1.312770402443883810e+01 -1.353829461662614264e+01
1.214035084196449077e+01 -1.347855702247386844e+01 -1.327327892330050396e+01 -1.368383512164723292e+01
1.214915201143770496e+01 -1.362511042591660271e+01 -1.341991143274930032e+01 -1.383030941908390510e+01
1.215795318091091914e+01 -1.377221993548195300e+01 -1.356643925332960876e+01 -1.397800061763429724e+01
1.216675435038413511e+01 -1.391969411027135273e+01 -1.371365761603753342e+01 -1.412573060450517204e+01
1.217555551985734930e+01 -1.406842622333684645e+01 -1.386247766979227691e+01 -1.427437477688141598e+01
1.218435668933056526e+01 -1.421740679210746094e+01 -1.401153287194102859e+01 -1.442328071227389330e+01
1.219315785880377945e+01 -1.436719594870339733e+01 -1.416113772653776337e+01 -1.457325417086903130e+01
1.220195902827699541e+01 -1.451790783488424097e+01 -1.431154054534221132e+01 -1.472427512442627062e+01
1.221076019775020960e+01 -1.466912819707758509e+01 -1.446270201480516526e+01 -1.487555437935000491e+01
1.221956136722342379e+01 -1.482155770789467653e+01 -1.461514312563677187e+01 -1.502797229015258118e+01
1.222836253669663975e+01 -1.497445327276729898e+01 -1.476784689508321868e+01 -1.518105965045137928e+01
1.223716370616985394e+01 -1.512772147628793817e+01 -1.492075205794579063e+01 -1.533469089463008572e+01
1.224596487564306990e+01 -1.528175970751781421e+01 -1.507469610573905783e+01 -1.548882330929657059e+01
1.225476604511628409e+01 -1.543596146561097981e+01 -1.522956903879014945e+01 -1.564235389243181018e+01
1.226356721458950005e+01 -1.559092537108788434e+01 -1.538516457603120280e+01 -1.579668616614456589e+01
1.227236838406271424e+01 -1.574655168385970150e+01 -1.554058881850482088e+01 -1.595251454921458212e+01
1.228116955353592843e+01 -1.590200612179802064e+01 -1.569631112227537528e+01 -1.610770112132066600e+01
1.228997072300914439e+01 -1.605785254816326812e+01 -1.585350943009560964e+01 -1.626219566623092661e+01
1.229877189248236036e+01 -1.621329128809989228e+01 -1.601052553084674912e+01 -1.641605704535303545e+01
1.230757306195557454e+01 -1.636839990034541614e+01 -1.616732538741317526e+01 -1.656947441327765702e+01
1.231637423142878873e+01 -1.652376406900836514e+01 -1.632360637266819836e+01 -1.672392176534853192e+01
1.232517540090200470e+01 -1.667761256709913908e+01 -1.647895137522793974e+01 -1.687627375897033843e+01
1.233397657037521888e+01 -1.683107225488495828e+01 -1.663585330340026047e+01 -1.702629120636965609e+01
1.234277773984843485e+01 -1.698335584558356359e+01 -1.679014581257349548e+01 -1.717656587859363171e+01
1.235157890932164904e+01 -1.713443433989611364e+01 -1.694328412845563037e+01 -1.732558455133659692e+01
1.236038007879486500e+01 -1.728632160187845557e+01 -1.709611047453663346e+01 -1.747653272922027767e+01
1.236918124826807919e+01 -1.743696686244769722e+01 -1.724744300726262836e+01 -1.762649071763276609e+01
1.237798241774129338e+01 -1.758762765422144270e+01 -1.739949368090746162e+01 -1.777576162753542377e+01
1.238678358721450934e+01 -1.773803526663084540e+01 -1.755268536019121228e+01 -1.792338517307047852e+01
1.239558475668772353e+01 -1.788685434160420584e+01 -1.770314453374598429e+01 -1.807056414946242739e+01
1.240438592616093949e+01 -1.803645449846035831e+01 -1.785307262419943797e+01 -1.821983637272127865e+01
1.241318709563415368e+01 -1.818467157918666288e+01 -1.800247092844441354e+01 -1.836687222992891222e+01
1.242198826510736964e+01 -1.833171387263197971e+01 -1.815298341824745521e+01 -1.851044432701650422e+01
1.243078943458058383e+01 -1.847931288692998208e+01 -1.830299607737253709e+01 -1.865562969648742708e+01
1.243959060405379802e+01 -1.862481241108595853e+01 -1.844808363179819111e+01 -1.880154119037372595e+01
1.244839177352701398e+01 -1.877073080663211613e+01 -1.859582757898846594e+01 -1.894563403427576631e+01
1.245719294300022817e+01 -1.891500818111007476e+01 -1.874426823127818409e+01 -1.908574813094196543e+01
1.246599411247344413e+01 -1.905774472383737361e+01 -1.888832828944924103e+01 -1.922716115822550620e+01
1.247479528194665832e+01 -1.920091322922959876e+01 -1.903175569632943009e+01 -1.937007076212976742e+01
1.248359645141987428e+01 -1.934208764971577921e+01 -1.917584038832871940e+01 -1.950833491110283902e+01
1.249239762089308847e+01 -1.948195867200502107e+01 -1.931960783572358764e+01 -1.964430950828645450e+01
1.250119879036630266e+01 -1.962161884775379050e+01 -1.945945771668609936e+01 -1.978377997882148165e+01
1.250999995983951862e+01 -1.975971713507932037e+01 -1.960013058981865441e+01 -1.991930368033998633e+01
1.251880112931273459e+01 -1.989606333920871251e+01 -1.973928034624928785e+01 -2.005284633216813717e+01
1.252760229878594878e+01 -2.003098131498426682e+01 -1.987553107935043073e+01 -2.018643155061810290e+01
1.253640346825916296e+01 -2.016509339644343868e+01 -2.001233355372097122e+01 -2.031785323916590613e+01
1.254520463773237893e+01 -2.029769216957042133e+01 -2.014804997232921480e+01 -2.044733436681162786e+01
1.255400580720559311e+01 -2.042836957229976491e+01 -2.028073838720740696e+01 -2.057600075739212286e+01
1.256280697667880730e+01 -2.055768401636134612e+01 -2.041336478983813052e+01 -2.070200324288456173e+01
1.257160814615202327e+01 -2.068505792604546656e+01 -2.054371016999971289e+01 -2.082640568209122023e+01
1.258040931562523923e+01 -2.081055543989786116e+01 -2.067022844358059430e+01 -2.095088243621512802e+01
1.258921048509845342e+01 -2.093411531007836146e+01 -2.079646060312680333e+01 -2.107177001702991959e+01
1.259801165457166761e+01 -2.105561171034229773e+01 -2.091793523337954497e+01 -2.119328818730505049e+01
1.260681282404488357e+01 -2.117482761640113864e+01 -2.103709604837510128e+01 -2.131255918442717601e+01
1.261561399351809776e+01 -2.129127099208970719e+01 -2.115526248672883014e+01 -2.142727949745058424e+01
1.262441516299131372e+01 -2.140545156229391921e+01 -2.127020976649252759e+01 -2.154069335809531083e+01
1.263321633246452791e+01 -2.151718080107436393e+01 -2.138103291191535504e+01 -2.165332869023337281e+01
1.264201750193774387e+01 -2.162584480038603729e+01 -2.148907453890083374e+01 -2.176261506187124084e+01
1.265081867141095806e+01 -2.173181935885478921e+01 -2.159335450975987314e+01 -2.187028420794970529e+01
1.265961984088417225e+01 -2.183451909323591877e+01 -2.169370966852935112e+01 -2.197532851794248643e+01
1.266842101035738821e+01 -2.193395542486196703e+01 -2.178932722247477471e+01 -2.207858362724915935e+01
1.267722217983060240e+01 -2.203050772987679906e+01 -2.187872912317818574e+01 -2.218228633657541238e+01
1.268602334930381836e+01 -2.212348481050353755e+01 -2.196593409669211283e+01 -2.228103552431496226e+01
1.269482451877703255e+01 -2.221300232619907433e+01 -2.204871902365826486e+01 -2.237728562873988380e+01
1.270362568825024852e+01 -2.229879405779575308e+01 -2.212673199203123886e+01 -2.247085612356026729e+01
1.271242685772346270e+01 -2.238065797386298428e+01 -2.220161349930840089e+01 -2.255970244841756767e+01
1.272122802719667689e+01 -2.245903814273590982e+01 -2.227220299872823617e+01 -2.264587328674358346e+01
1.273002919666989285e+01 -2.253350790747937182e+01 -2.233883104238646311e+01 -2.272818477257228054e+01
1.273883036614310704e+01 -2.260462852734488237e+01 -2.240250454731437202e+01 -2.280675250737539272e+01
1.274763153561632301e+01 -2.267224578878953167e+01 -2.246365391488977536e+01 -2.288083766268928798e+01
1.275643270508953719e+01 -2.273577656872655695e+01 -2.251977610230092353e+01 -2.295177703515219036e+01
1.276523387456275316e+01 -2.279556953812947029e+01 -2.257158437190225087e+01 -2.301955470435668971e+01
1.277403504403596735e+01 -2.285102304302518661e+01 -2.261763404383198051e+01 -2.308441204221839271e+01
1.278283621350918153e+01 -2.290216534761767875e+01 -2.265887020844499133e+01 -2.314546048679036616e+01
1.279163738298239750e+01 -2.294888382920227698e+01 -2.269495048038281837e+01 -2.320281717802173560e+01
1.280043855245561346e+01 -2.299104849132017847e+01 -2.272392826273254940e+01 -2.325816871990780754e+01
1.280923972192882765e+01 -2.302951525379152287e+01 -2.275055813773047930e+01 -2.330847236985256643e+01
1.281804089140204184e+01 -2.306434504590173162e+01 -2.277305441368012850e+01 -2.335563567812333474e+01
1.282684206087525780e+01 -2.309594394874835643e+01 -2.279136253382151622e+01 -2.340052536367519664e+01
1.283564323034847199e+01 -2.312461026287654420e+01 -2.280652841589731494e+01 -2.344269210985577345e+01
1.284444439982168618e+01 -2.315059447844384266e+01 -2.281870157533143484e+01 -2.348248738155625048e+01
1.285324556929490214e+01 -2.317448911251149823e+01 -2.282890845874023000e+01 -2.352006976628276647e+01
1.286204673876811810e+01 -2.319658793722731360e+01 -2.283716499516471998e+01 -2.355601087928990722e+01
1.287084790824133229e+01 -2.321744024856096544e+01 -2.284399423566356191e+01 -2.359088626145836898e+01
1.287964907771454648e+01 -2.323764336534105723e+01 -2.285038916907191009e+01 -2.362489756161020438e+01
1.288845024718776244e+01 -2.325763706989302904e+01 -2.285800279199986917e+01 -2.365727134778618890e+01
1.289725141666097663e+01 -2.327747647661391994e+01 -2.286655070962258307e+01 -2.368840224360525681e+01
1.290605258613419259e+01 -2.329644034719089873e+01 -2.287509928145456328e+01 -2.371778141292723419e+01
1.291485375560740678e+01 -2.331400006067284636e+01 -2.288273287505728248e+01 -2.374526724628841023e+01
1.292365492508062275e+01 -2.333024645266137753e+01 -2.288963815936723023e+01 -2.377085474595552483e+01
1.293245609455383693e+01 -2.334518772794514518e+01 -2.289577278466392585e+01 -2.379460267122636452e+01
1.294125726402705112e+01 -2.335896356927792539e+01 -2.290102554226562503e+01 -2.381690159629022574e+01
1.295005843350026709e+01 -2.337168103045407364e+01 -2.290554186514999913e+01 -2.383782019575814815e+01
1.295885960297348127e+01 -2.338335791085746607e+01 -2.290946338615172095e+01 -2.385725243556321118e+01
1.296766077244669724e+01 -2.339412126877840947e+01 -2.291282020074316961e+01 -2.387542233681364934e+01
1.297646194191991142e+01 -2.340401823109751689e+01 -2.291564559806794321e+01 -2.389239086412709057e+01
1.298526311139312739e+01 -2.341310053322278506e+01 -2.291802408957550341e+01 -2.390817697687006671e+01
1.299406428086634158e+01 -2.342145562492900979e+01 -2.292002354807680575e+01 -2.392288770178121382e+01
1.300286545033955576e+01 -2.342910921141604774e+01 -2.292177526420909217e+01 -2.393644315862300331e+01
1.301166661981277173e+01 -2.343613351980090798e+01 -2.292332704730209514e+01 -2.394893999229972081e+01
1.302046778928598769e+01 -2.344257681618067224e+01 -2.292457669857079594e+01 -2.396057693379054854e+01
1.302926895875920188e+01 -2.344848045894162425e+01 -2.292556330368206119e+01 -2.397139761420118731e+01
1.303807012823241607e+01 -2.345390857368794713e+01 -2.292635980867432011e+01 -2.398145733870157414e+01
1.304687129770563203e+01 -2.345886904494825131e+01 -2.292704607235540237e+01 -2.399069201754110026e+01
1.305567246717884622e+01 -2.346341843489167900e+01 -2.292762810620859426e+01 -2.399920876357476374e+01
1.306447363665206041e+01 -2.346759759133311007e+01 -2.292804573363228471e+01 -2.400714944903393544e+01
1.307327480612527637e+01 -2.347142591989521065e+01 -2.292838054189138219e+01 -2.401447129789903912e+01
1.308207597559849233e+01 -2.347494914525787735e+01 -2.292869024780748788e+01 -2.402120804270826682e+01
1.309087714507170652e+01 -2.347817957203281480e+01 -2.292889684541288986e+01 -2.402746229865273975e+01
1.309967831454492071e+01 -2.348114774813250349e+01 -2.292904869127283618e+01 -2.403324680499217081e+01
1.310847948401813667e+01 -2.348388775673948459e+01 -2.292917942503422424e+01 -2.403859608844474494e+01
1.311728065349135086e+01 -2.348639951867417608e+01 -2.292926277903965016e+01 -2.404353625830870200e+01
1.312608182296456683e+01 -2.348872101899825182e+01 -2.292933040382877152e+01 -2.404811163416773212e+01
1.313488299243778101e+01 -2.349085378596370077e+01 -2.292938625294943833e+01 -2.405232131897796322e+01
1.314368416191099698e+01 -2.349281306938516423e+01 -2.292940433687703816e+01 -2.405622180189329029e+01
1.315248533138421116e+01 -2.349459319527035817e+01 -2.292939189143754319e+01 -2.405979449910317314e+01
1.316128650085742535e+01 -2.349618576667784708e+01 -2.292921445185339024e+01 -2.406315708150230392e+01
1.317008767033064132e+01 -2.349763261207743170e+01 -2.292883559864697318e+01 -2.406642962550789022e+01
1.317888883980385550e+01 -2.349892079691112912e+01 -2.292839749403445637e+01 -2.406944409978780186e+01
1.318769000927707147e+01 -2.350004183924992418e+01 -2.292788163605418816e+01 -2.407220204244566020e+01
1.319649117875028566e+01 -2.350105116330837873e+01 -2.292736189027219851e+01 -2.407474043634455896e+01
1.320529234822350162e+01 -2.350196481607539667e+01 -2.292683089661558427e+01 -2.407709873553520907e+01
1.321409351769671581e+01 -2.350280694729299569e+01 -2.292633284821271644e+01 -2.407928104637327493e+01
1.322289468716992999e+01 -2.350357550813599516e+01 -2.292587157184811986e+01 -2.408127944442387047e+01
1.323169585664314596e+01 -2.350427579916584264e+01 -2.292545109457420693e+01 -2.408310050375747835e+01
1.324049702611636015e+01 -2.350490140588935617e+01 -2.292505827241117800e+01 -2.408474453936753434e+01
1.324929819558957611e+01 -2.350545443871910223e+01 -2.292470675383867373e+01 -2.408620212359953072e+01
1.325809936506279030e+01 -2.350595215154877238e+01 -2.292441348239907484e+01 -2.408749082069846992e+01
1.326690053453600626e+01 -2.350640398370773454e+01 -2.292421764120116379e+01 -2.408859032621430529e+01
1.327570170400922045e+01 -2.350681912680581220e+01 -2.292412584605372672e+01 -2.408951240755789769e+01
1.328450287348243464e+01 -2.350720587092960301e+01 -2.292411806174985145e+01 -2.409029368010935457e+01
1.329330404295565060e+01 -2.350756736944013880e+01 -2.292416893314414139e+01 -2.409096580573613622e+01
1.330210521242886657e+01 -2.350790795916998022e+01 -2.292425450168010670e+01 -2.409156141665985373e+01
1.331090638190208075e+01 -2.350822351255343889e+01 -2.292435990099225052e+01 -2.409208712411462727e+01
1.331970755137529494e+01 -2.350851298392871769e+01 -2.292447292610680165e+01 -2.409255304175063372e+01
1.332850872084851090e+01 -2.350877990060147482e+01 -2.292458933221544370e+01 -2.409297046898750594e+01
1.333730989032172509e+01 -2.350902570794452728e+01 -2.292470388521062219e+01 -2.409334753067843238e+01
1.334611105979493928e+01 -2.350925406522450345e+01 -2.292481958281563337e+01 -2.409368854763337353e+01
1.335491222926815524e+01 -2.350946602188597723e+01 -2.292494613935800274e+01 -2.409398590441395172e+01
1.336371339874137121e+01 -2.350965810003546608e+01 -2.292507341105847729e+01 -2.409424278901245486e+01
1.337251456821458540e+01 -2.350983137560841740e+01 -2.292518743910026657e+01 -2.409447531211656823e+01
1.338131573768779958e+01 -2.350998932248031537e+01 -2.292528750922145520e+01 -2.409469113573917554e+01
1.339011690716101555e+01 -2.351013222440078465e+01 -2.292537467393309214e+01 -2.409488977486847716e+01
1.339891807663422973e+01 -2.351026033139757132e+01 -2.292545232617785089e+01 -2.409506833661729175e+01
1.340771924610744570e+01 -2.351037644993331455e+01 -2.292552299761122114e+01 -2.409522990225540795e+01
1.341652041558065989e+01 -2.351048505867119331e+01 -2.292558931962805246e+01 -2.409538079771433416e+01
1.342532158505387585e+01 -2.351058831831812412e+01 -2.292564580094686022e+01 -2.409553083568938803e+01
1.343412275452709004e+01 -2.351068760056669404e+01 -2.292568871511753414e+01 -2.409568648601585394e+01
1.344292392400030423e+01 -2.351078334144798276e+01 -2.292573355969123483e+01 -2.409583312320473070e+01
1.345172509347352019e+01 -2.351087667333631259e+01 -2.292578117898948875e+01 -2.409597216768313643e+01
1.346052626294673438e+01 -2.351096765573956660e+01 -2.292583424773340894e+01 -2.409610106374572425e+01
1.346932743241995034e+01 -2.351105590446302784e+01 -2.292590450998170581e+01 -2.409620729894434987e+01
1.347812860189316453e+01 -2.351114242645149233e+01 -2.292598633158447186e+01 -2.409629852131851280e+01
1.348692977136638049e+01 -2.351123151074173734e+01 -2.292606541083165084e+01 -2.409639761065182384e+01
1.349573094083959468e+01 -2.351131698533121650e+01 -2.292612202181670256e+01 -2.409651194884573044e+01
1.350453211031280887e+01 -2.351139881929506714e+01 -2.292617805844636791e+01 -2.409661958014376637e+01
1.351333327978602483e+01 -2.351147960185745589e+01 -2.292623560120127735e+01 -2.409672360251363443e+01
1.352213444925924080e+01 -2.351156021858091094e+01 -2.292629553841342727e+01 -2.409682489874839462e+01
1.353093561873245498e+01 -2.351164518797632752e+01 -2.292636196734415677e+01 -2.409692840860849827e+01
1.353973678820566917e+01 -2.351173759749725889e+01 -2.292643783749743136e+01 -2.409703735749708642e+01
1.354853795767888514e+01 -2.351183213067834288e+01 -2.292651764458870289e+01 -2.409714661676798286e+01
1.355733912715209932e+01 -2.351192759103995300e+01 -2.292659987862783311e+01 -2.409725530345207289e+01
1.356614029662531351e+01 -2.351202113731190479e+01 -2.292668168329559819e+01 -2.409736059132821140e+01
1.357494146609852947e+01 -2.351212018999916964e+01 -2.292677023903241462e+01 -2.409747014096592466e+01
1.358374263557174544e+01 -2.351223294160097055e+01 -2.292687364020280327e+01 -2.409759224299913782e+01
1.359254380504495963e+01 -2.351234640282084953e+01 -2.292695477989147079e+01 -2.409773802575022827e+01
1.360134497451817381e+01 -2.351244244086558410e+01 -2.292701228160281701e+01 -2.409787260012835119e+01
1.361014614399138978e+01 -2.351252038862536509e+01 -2.292705495531447468e+01 -2.409798582193625549e+01
1.361894731346460397e+01 -2.351258640975528635e+01 -2.292708960201560231e+01 -2.409808321749497040e+01
1.362774848293781815e+01 -2.351264177203982797e+01 -2.292711709831469236e+01 -2.409816644576496358e+01
1.363654965241103412e+01 -2.351268964438325071e+01 -2.292714032399935320e+01 -2.409823896476714822e+01
1.364535082188425008e+01 -2.351273254102684263e+01 -2.292716129580875517e+01 -2.409830378624493008e+01
1.365415199135746427e+01 -2.351277112344178377e+01 -2.292718048708016809e+01 -2.409836175980339945e+01
1.366295316083067846e+01 -2.351280551545452369e+01 -2.292719771875432144e+01 -2.409841331215472593e+01
1.367175433030389442e+01 -2.351283596996621839e+01 -2.292721297897094956e+01 -2.409845896096148721e+01
1.368055549977711038e+01 -2.351286367060872351e+01 -2.292722728586970149e+01 -2.409850005534774553e+01
1.368935666925032280e+01 -2.351289075909682680e+01 -2.292724252227280957e+01 -2.409853899592084403e+01
1.369815783872353876e+01 -2.351291624748614950e+01 -2.292725754984263276e+01 -2.409857494512966625e+01
1.370695900819675472e+01 -2.351293874849856991e+01 -2.292727084145666794e+01 -2.409860665554047188e+01
1.371576017766996891e+01 -2.351295860370500179e+01 -2.292728257016182880e+01 -2.409863463724817478e+01
1.372456134714318310e+01 -2.351297610253955384e+01 -2.292729292978400579e+01 -2.409865927529510188e+01
1.373336251661639906e+01 -2.351299326871658479e+01 -2.292730381235448078e+01 -2.409868272507868880e+01
1.374216368608961503e+01 -2.351301115455152413e+01 -2.292731616377677639e+01 -2.409870614532627187e+01
1.375096485556282921e+01 -2.351302770882532656e+01 -2.292732787157362750e+01 -2.409872754607702561e+01
1.375976602503604340e+01 -2.351304226148190679e+01 -2.292733816375249489e+01 -2.409874635921131869e+01
1.376856719450925937e+01 -2.351305500158220241e+01 -2.292734717402427691e+01 -2.409876282914012791e+01
1.377736836398247355e+01 -2.351306615198240024e+01 -2.292735506000114754e+01 -2.409877724396365295e+01
1.378616953345568774e+01 -2.351307595159877906e+01 -2.292736199065356928e+01 -2.409878991254398883e+01
1.379497070292890371e+01 -2.351308448739759172e+01 -2.292736802748729730e+01 -2.409880094730788613e+01
1.380377187240211967e+01 -2.351309259943817764e+01 -2.292737395136392919e+01 -2.409881124751242609e+01
1.381257304187533386e+01 -2.351310263721313731e+01 -2.292738208025544822e+01 -2.409882319417082641e+01
1.382137421134854804e+01 -2.351311492163863903e+01 -2.292739270391480133e+01 -2.409883713936247673e+01
1.383017538082176401e+01 -2.351312569095613370e+01 -2.292740201729787941e+01 -2.409884936461438798e+01
1.383897655029497820e+01 -2.351313502068967054e+01 -2.292741008571840666e+01 -2.409885995566093442e+01
1.384777771976819238e+01 -2.351314315589057458e+01 -2.292741712109855001e+01 -2.409886919068259914e+01
1.385657888924140835e+01 -2.351315022753233563e+01 -2.292742323670510274e+01 -2.409887721835956853e+01
1.386538005871462431e+01 -2.351315634240137697e+01 -2.292742852488774474e+01 -2.409888415991500921e+01
1.387418122818783850e+01 -2.351316168973500709e+01 -2.292743314930025278e+01 -2.409889023016976140e+01
1.388298239766105269e+01 -2.351316629663429580e+01 -2.292743713337982570e+01 -2.409889545988876591e+01
1.389178356713426865e+01 -2.351317029520470214e+01 -2.292744059137222123e+01 -2.409889999903718305e+01
1.450000000000000000e+01 -2.351317029520470214e+01 -2.292744059137222123e+01 -2.409889999903718305e+01
