# # logMh LcMh -err(LcMh) +err(LcMh)
9.500000000000000000e+00 1.466869149968293762e+01 1.505196557175783667e+01 1.428541742760803857e+01
9.508710808390327784e+00 1.459595967245958015e+01 1.497894003413411745e+01 1.421297931078504284e+01
9.517421616780655569e+00 1.452326720518984970e+01 1.490594719467761209e+01 1.414058721570208732e+01
9.526132425170983353e+00 1.445054476655480435e+01 1.483297394471868103e+01 1.406811558839092768e+01
9.534843233561311138e+00 1.437766789874802598e+01 1.475972264762944519e+01 1.399561314986660676e+01
9.543554041951638922e+00 1.430489731080295712e+01 1.468660655973026685e+01 1.392318806187564739e+01
9.552264850341966707e+00 1.423186613941877887e+01 1.461332300976076937e+01 1.385040926907678838e+01
9.560975658732294491e+00 1.415886532158161160e+01 1.454000857488586895e+01 1.377772206827735424e+01
9.569686467122622275e+00 1.408578146072501092e+01 1.446685458627906051e+01 1.370470833517096132e+01
9.578397275512950060e+00 1.401257969475307519e+01 1.439333756348960769e+01 1.363182182601654269e+01
9.587108083903277844e+00 1.393939396770120531e+01 1.431993244245498964e+01 1.355885549294742098e+01
9.595818892293605629e+00 1.386603077584851107e+01 1.424637707591663727e+01 1.348568447578038487e+01
9.604529700683933413e+00 1.379261543121463518e+01 1.417269709015040746e+01 1.341253377227886290e+01
9.613240509074261197e+00 1.371915854555695091e+01 1.409905095803987507e+01 1.333926613307402675e+01
9.621951317464588982e+00 1.364557933667718004e+01 1.402526632253342598e+01 1.326589235082093410e+01
9.630662125854916766e+00 1.357197705728184367e+01 1.395139942988673099e+01 1.319255468467695636e+01
9.639372934245244551e+00 1.349827434158340900e+01 1.387744302278504094e+01 1.311910566038177706e+01
9.648083742635572335e+00 1.342444431522422654e+01 1.380334179520119875e+01 1.304554683524725434e+01
9.656794551025900120e+00 1.335061708959526250e+01 1.372921558779768603e+01 1.297201859139283897e+01
9.665505359416227904e+00 1.327668435505482947e+01 1.365518372596693730e+01 1.289818498414272163e+01
9.674216167806555688e+00 1.320267289227804852e+01 1.358092131295380334e+01 1.282442447160229371e+01
9.682926976196883473e+00 1.312864903240157233e+01 1.350652402266392116e+01 1.275077404213922350e+01
9.691637784587211257e+00 1.305442207520099807e+01 1.343206780472429962e+01 1.267677634567769651e+01
9.700348592977539042e+00 1.298023945501786081e+01 1.335756318370397366e+01 1.260291572633174795e+01
9.709059401367866826e+00 1.290590482358772562e+01 1.328292360021336194e+01 1.252888604696208930e+01
9.717770209758192834e+00 1.283148825384522596e+01 1.320833309018634338e+01 1.245464341750410853e+01
9.726481018148520619e+00 1.275716351338087762e+01 1.313356966460451680e+01 1.238075736215723843e+01
9.735191826538848403e+00 1.268254048403281331e+01 1.305873331526291814e+01 1.230634765280270848e+01
9.743902634929176187e+00 1.260797319531532956e+01 1.298403537739248037e+01 1.223191101323817875e+01
9.752613443319503972e+00 1.253337066501345909e+01 1.290900155374901814e+01 1.215773977627790003e+01
9.761324251709831756e+00 1.245856883640555246e+01 1.283374867664468333e+01 1.208338899616642159e+01
9.770035060100159541e+00 1.238386837380697969e+01 1.275867519041886133e+01 1.200906155719509805e+01
9.778745868490487325e+00 1.230897251443431628e+01 1.268373929614427986e+01 1.193420573272435270e+01
9.787456676880815110e+00 1.223404919201408880e+01 1.260843173026116659e+01 1.185966665376701101e+01
9.796167485271142894e+00 1.215901027141372381e+01 1.253288903104569840e+01 1.178513151178174923e+01
9.804878293661470678e+00 1.208394091189109609e+01 1.245781228519442152e+01 1.171006953858777067e+01
9.813589102051798463e+00 1.200888319520783654e+01 1.238256067650975112e+01 1.163520571390592195e+01
9.822299910442126247e+00 1.193355195573279026e+01 1.230655684065031608e+01 1.156054707081526445e+01
9.831010718832454032e+00 1.185830508983547205e+01 1.223121081156277867e+01 1.148539936810816542e+01
9.839721527222781816e+00 1.178290772269478914e+01 1.215573017972987024e+01 1.141008526565970804e+01
9.848432335613109601e+00 1.170735071561376728e+01 1.207983245383144499e+01 1.133486897739608956e+01
9.857143144003437385e+00 1.163179522842370694e+01 1.200402492987805658e+01 1.125956552696935731e+01
9.865853952393765169e+00 1.155608842832917205e+01 1.192818720416159906e+01 1.118398965249674504e+01
9.874564760784092954e+00 1.148025475614839763e+01 1.185216689263206469e+01 1.110834261966473058e+01
9.883275569174420738e+00 1.140436598753811381e+01 1.177598501820859589e+01 1.103274695686763174e+01
9.891986377564748523e+00 1.132834125670084724e+01 1.169980670297951164e+01 1.095687581042218284e+01
9.900697185955076307e+00 1.125218656408657836e+01 1.162362187314797168e+01 1.088075125502518503e+01
9.909407994345404092e+00 1.117589569028161378e+01 1.154719900363218876e+01 1.080459237693103880e+01
9.918118802735731876e+00 1.109944471378855368e+01 1.147062192329401498e+01 1.072826750428309239e+01
9.926829611126059660e+00 1.102290520307728627e+01 1.139400433430616921e+01 1.065180607184840333e+01
9.935540419516387445e+00 1.094619241751431815e+01 1.131723776755231547e+01 1.057514706747632083e+01
9.944251227906715229e+00 1.086930557281121601e+01 1.124027202016791982e+01 1.049833912545451220e+01
9.952962036297043014e+00 1.079239471981909659e+01 1.116332968945435411e+01 1.042145975018383908e+01
9.961672844687370798e+00 1.071519490040836686e+01 1.108612659378479037e+01 1.034426320703194335e+01
9.970383653077698582e+00 1.063786379186221609e+01 1.100883496266420991e+01 1.026689262106022227e+01
9.979094461468026367e+00 1.056045791140745216e+01 1.093138943597930890e+01 1.018952638683559542e+01
9.987805269858354151e+00 1.048283798686507495e+01 1.085377442866297493e+01 1.011190154506717498e+01
9.996516078248681936e+00 1.040512749203773879e+01 1.077603812772233915e+01 1.003421685635313843e+01
1.000522688663900972e+01 1.032711604930273985e+01 1.069806635137438455e+01 9.956165747231095153e+00
1.001393769502933750e+01 1.024905693083310609e+01 1.062015503695431207e+01 9.877958824711900121e+00
1.002264850341966529e+01 1.017092895447158085e+01 1.054186294227352860e+01 9.799994966669633101e+00
1.003135931180999307e+01 1.009238585657605469e+01 1.046321831073793618e+01 9.721553402414173206e+00
1.004007012020032086e+01 1.001390294569841011e+01 1.038488462942277835e+01 9.642921261974041869e+00
1.004878092859064864e+01 9.935174488178066809e+00 1.030592878717678396e+01 9.564420189179349663e+00
1.005749173698097643e+01 9.856281111753139257e+00 1.022713061450996541e+01 9.485431608996313102e+00
1.006620254537130421e+01 9.777347975401152524e+00 1.014801815835700616e+01 9.406677792445298891e+00
1.007491335376163200e+01 9.698202118630772972e+00 1.006857934529416632e+01 9.327824891967379628e+00
1.008362416215195978e+01 9.619049436456846180e+00 9.989181204913792911e+00 9.248917667999899450e+00
1.009233497054228756e+01 9.539728586250289410e+00 9.909502046079445847e+00 9.169955126421132974e+00
1.010104577893261535e+01 9.460283259210132911e+00 9.829776111879645839e+00 9.090790406540619983e+00
1.010975658732294313e+01 9.380871119546238646e+00 9.750039508548617562e+00 9.011702730543859730e+00
1.011846739571327092e+01 9.301316259448462631e+00 9.670077342056407232e+00 8.932555176840518030e+00
1.012717820410359693e+01 9.221661105057730623e+00 9.590154869988113617e+00 8.853167340127347629e+00
1.013588901249392649e+01 9.141930772504924363e+00 9.510086332083220739e+00 8.773775212926627987e+00
1.014459982088425249e+01 9.062083212036807112e+00 9.429910876968738975e+00 8.694255547104875248e+00
1.015331062927458028e+01 8.982140656327418426e+00 9.349714687458510198e+00 8.614566625196326655e+00
1.016202143766490806e+01 8.902046151934989382e+00 9.269313671960661694e+00 8.534778631909317070e+00
1.017073224605523585e+01 8.821848637534900561e+00 9.188918458302959280e+00 8.454778816766841842e+00
1.017944305444556363e+01 8.741549754440693931e+00 9.108404155153833059e+00 8.374695353727554803e+00
1.018815386283589142e+01 8.660997577352533838e+00 9.027834528213430687e+00 8.294160626491636989e+00
1.019686467122621920e+01 8.580399761267777592e+00 8.946985925503465609e+00 8.213813597032089575e+00
1.020557547961654699e+01 8.499713542225574514e+00 8.866217332554422015e+00 8.133209751896727013e+00
1.021428628800687477e+01 8.418779220343218128e+00 8.785005056944539703e+00 8.052553383741896553e+00
1.022299709639720255e+01 8.337805747544027923e+00 8.703729405220579807e+00 7.971882089867476928e+00
1.023170790478753034e+01 8.256574926719329355e+00 8.622232700475215950e+00 7.890917152963443648e+00
1.024041871317785812e+01 8.175290579813623282e+00 8.540930009061543871e+00 7.809651150565702693e+00
1.024912952156818591e+01 8.093900297599240901e+00 8.459349889821908164e+00 7.728450705376574525e+00
1.025784032995851369e+01 8.012221771094200307e+00 8.377511692173602142e+00 7.646931850014798471e+00
1.026655113834884148e+01 7.930632281158884744e+00 8.295738665202932793e+00 7.565525897114836695e+00
1.027526194673916926e+01 7.848682480782641413e+00 8.213599162135324150e+00 7.483765799429957788e+00
1.028397275512949705e+01 7.766613643559868052e+00 8.131271997660952877e+00 7.401955289458784115e+00
1.029268356351982483e+01 7.684519821834179254e+00 8.048982977538578609e+00 7.320056666129780787e+00
1.030139437191015261e+01 7.602147575027167647e+00 7.966462594839454958e+00 7.237832555214880337e+00
1.031010518030048040e+01 7.519699691830775024e+00 7.884012478732027596e+00 7.155386904929522451e+00
1.031881598869080818e+01 7.437010550158346334e+00 7.801162466675366502e+00 7.072858633641326165e+00
1.032752679708113597e+01 7.354202775048518603e+00 7.718144402665359394e+00 6.990261147431677813e+00
1.033623760547146375e+01 7.271240742340962626e+00 7.635011717538858100e+00 6.907469767143067152e+00
1.034494841386179154e+01 7.188014421846857793e+00 7.551606288390535937e+00 6.824422555303179649e+00
1.035365922225211932e+01 7.104728614847068968e+00 7.468343817123175299e+00 6.741113412570962637e+00
1.036237003064244711e+01 7.021218464372052104e+00 7.384710581584464251e+00 6.657726347159639957e+00
1.037108083903277489e+01 6.937488464305933356e+00 7.300851390351141390e+00 6.574125538260725321e+00
1.037979164742310267e+01 6.853681713069343928e+00 7.217021286141237724e+00 6.490342139997450133e+00
1.038850245581343046e+01 6.769628596225696349e+00 7.132809034603334375e+00 6.406448157848058322e+00
1.039721326420375824e+01 6.685363619308032135e+00 7.048468397290044152e+00 6.322258841326020118e+00
1.040592407259408603e+01 6.600938817094633926e+00 6.964025225632839877e+00 6.237852408556427974e+00
1.041463488098441381e+01 6.516292810637001942e+00 6.879315764131201938e+00 6.153269857142801946e+00
1.042334568937474160e+01 6.431515381022629541e+00 6.794444824884826595e+00 6.068585937160432486e+00
1.043205649776506938e+01 6.346523301309908049e+00 6.709470971855330923e+00 5.983575630764485176e+00
1.044076730615539716e+01 6.261304316018718730e+00 6.624142106906665717e+00 5.898466525130771743e+00
1.044947811454572495e+01 6.175971536739057299e+00 6.538551746209387616e+00 5.813391327268726982e+00
1.045818892293605273e+01 6.090320144396947910e+00 6.452957604927208379e+00 5.727682683866687441e+00
1.046689973132638052e+01 6.004585239823596154e+00 6.367069510656797604e+00 5.642100968990394705e+00
1.047561053971670830e+01 5.918639924997900259e+00 6.281065212152591393e+00 5.556214637843209125e+00
1.048432134810703609e+01 5.832377708979795905e+00 6.194871679074255510e+00 5.469883738885336300e+00
1.049303215649736387e+01 5.746133749325227136e+00 6.108372467934679584e+00 5.383895030715774688e+00
1.050174296488769166e+01 5.659472703427210760e+00 6.021642862900193016e+00 5.297302543954228504e+00
1.051045377327801944e+01 5.572696465523794274e+00 5.934739615404397206e+00 5.210653315643191341e+00
1.051916458166834722e+01 5.485924431622764885e+00 5.847814724821867038e+00 5.124034138423662732e+00
1.052787539005867501e+01 5.398599795371521459e+00 5.760618666768689167e+00 5.036580923974353752e+00
1.053658619844900102e+01 5.311438607683934165e+00 5.673227910671561069e+00 4.949649304696307262e+00
1.054529700683933058e+01 5.223881497200158819e+00 5.585431282032455869e+00 4.862331712367861769e+00
1.055400781522965659e+01 5.136170679848549803e+00 5.497435943847052364e+00 4.774905415850047241e+00
1.056271862361998615e+01 5.048450588725942545e+00 5.409626334426036465e+00 4.687274843025848625e+00
1.057142943201031215e+01 4.960338857929251333e+00 5.321216771820186153e+00 4.599460944038316512e+00
1.058014024040064172e+01 4.872191740187255427e+00 5.233015205166067219e+00 4.511368275208443634e+00
1.058885104879096772e+01 4.783844701620949103e+00 5.144478707637419213e+00 4.423210695604478992e+00
1.059756185718129551e+01 4.695309718314943481e+00 5.055630491271851490e+00 4.334988945358035473e+00
1.060627266557162329e+01 4.606743831690577551e+00 4.966854334261438630e+00 4.246633329119716471e+00
1.061498347396195108e+01 4.517896417232179829e+00 4.877605299289882623e+00 4.158187535174477034e+00
1.062369428235227886e+01 4.428875556232110711e+00 4.788242826623943849e+00 4.069508285840277573e+00
1.063240509074260665e+01 4.339761546581055285e+00 4.698793517555630572e+00 3.980729575606479997e+00
1.064111589913293443e+01 4.250509076925349738e+00 4.609241049809873481e+00 3.891777104040825996e+00
1.064982670752326221e+01 4.161155650303994591e+00 4.519565394224112964e+00 3.802745906383875774e+00
1.065853751591359000e+01 4.071561599929828468e+00 4.429723900625561761e+00 3.713399299234095174e+00
1.066724832430391778e+01 3.981872804352788897e+00 4.339674018288087076e+00 3.624071590417491162e+00
1.067595913269424557e+01 3.892147522756332911e+00 4.249384617126472641e+00 3.534910428386193182e+00
1.068466994108457335e+01 3.802077929456295635e+00 4.158984280668905242e+00 3.445171578243686028e+00
1.069338074947490114e+01 3.711982994964446725e+00 4.068677983279652466e+00 3.355288006649240984e+00
1.070209155786522892e+01 3.621910570685438202e+00 3.978244392957025699e+00 3.265576748413850705e+00
1.071080236625555671e+01 3.531453127230188116e+00 3.887167826148563599e+00 3.175738428311812633e+00
1.071951317464588449e+01 3.440871281416336025e+00 3.796348502450936913e+00 3.085394060381735137e+00
1.072822398303621227e+01 3.350216095782810655e+00 3.705691936031699552e+00 2.994740255533921758e+00
1.073693479142654006e+01 3.259507593140749560e+00 3.614248261071891122e+00 2.904766925209607997e+00
1.074564559981686784e+01 3.168563500061427174e+00 3.522609690218513556e+00 2.814517309904340792e+00
1.075435640820719563e+01 3.077167330650514732e+00 3.431147784905996367e+00 2.723186876395033096e+00
1.076306721659752341e+01 2.985960913206415324e+00 3.340193400567636139e+00 2.631728425845194508e+00
1.077177802498785120e+01 2.894603369190154929e+00 3.248406242056641524e+00 2.540800496323668334e+00
1.078048883337817898e+01 2.802763138901052997e+00 3.156030126423274407e+00 2.449496151378831588e+00
1.078919964176850677e+01 2.710779078940226849e+00 3.064015600859010036e+00 2.357542557021443663e+00
1.079791045015883455e+01 2.618399901577166400e+00 2.971740865257840536e+00 2.265058937896492264e+00
1.080662125854916233e+01 2.526116645709697739e+00 2.879238350916601519e+00 2.172994940502793959e+00
1.081533206693949012e+01 2.433325582833330891e+00 2.785955235254360396e+00 2.080695930412301387e+00
1.082404287532981790e+01 2.340014357503402476e+00 2.693152642311137601e+00 1.986876072695667572e+00
1.083275368372014569e+01 2.246815694098818650e+00 2.600775732324264844e+00 1.892855655873372678e+00
1.084146449211047347e+01 2.153332738372869315e+00 2.507103814209081349e+00 1.799561662536657058e+00
1.085017530050080126e+01 2.059428671294690538e+00 2.412335903734357245e+00 1.706521438855023609e+00
1.085888610889112904e+01 1.964907544795091443e+00 2.317755673413405493e+00 1.612059416176777393e+00
1.086759691728145683e+01 1.870198125315593707e+00 2.224113376830270994e+00 1.516282873800916420e+00
1.087630772567178461e+01 1.775899603174363461e+00 2.129979486531735411e+00 1.421819719816991512e+00
1.088501853406211239e+01 1.681303563591344252e+00 2.034368366723004584e+00 1.328238760459684142e+00
1.089372934245244018e+01 1.586007329460287441e+00 1.938554096914214764e+00 1.233460562006360117e+00
1.090244015084276796e+01 1.490163186594311906e+00 1.842814453255794849e+00 1.137511919932828963e+00
1.091115095923309575e+01 1.394185103582972429e+00 1.747429943600746549e+00 1.040940263565198309e+00
1.091986176762342353e+01 1.298608111119599950e+00 1.652184231553252669e+00 9.450319906859473429e-01
1.092857257601375132e+01 1.202940784509987981e+00 1.555715061510812181e+00 8.501665075091637824e-01
1.093728338440407910e+01 1.106491353766268393e+00 1.458488524807280085e+00 7.544941827252567013e-01
1.094599419279440689e+01 1.009561023520497036e+00 1.361681070630947010e+00 6.574409764100470621e-01
1.095470500118473467e+01 9.122800030166808849e-01 1.264558296112457070e+00 5.600017099209047000e-01
1.096341580957506068e+01 8.150111488456197595e-01 1.167670228391940901e+00 4.623520692992986181e-01
1.097212661796539024e+01 7.179489784341086533e-01 1.070865026067804759e+00 3.650329308004124362e-01
1.098083742635571625e+01 6.203445222707475448e-01 9.722271727930109630e-01 2.684618717484841266e-01
1.098954823474604581e+01 5.225267074921345900e-01 8.738620778413728196e-01 1.711913371428963049e-01
1.099825904313637182e+01 4.241621031212307047e-01 7.755676152114951982e-01 7.275659103096621116e-02
1.100696985152670138e+01 3.254165243858933021e-01 6.768446885873145025e-01 -2.601163981552784277e-02
1.101568065991702738e+01 2.267634656629402001e-01 5.782116766130001029e-01 -1.246847452871197026e-01
1.102439146830735517e+01 1.277209989213409502e-01 4.793120518688626097e-01 -2.238700540261807370e-01
1.103310227669768295e+01 2.878657516400220939e-02 3.800785597183998776e-01 -3.225054093903955144e-01
1.104181308508801074e+01 -7.052501395045163157e-02 2.797655334471217392e-01 -4.208155613480250024e-01
1.105052389347833852e+01 -1.703576724419598731e-01 1.797310614279009067e-01 -5.204464063118205974e-01
1.105923470186866631e+01 -2.702100761151663422e-01 7.983427942733117844e-02 -6.202544316576639183e-01
1.106794551025899409e+01 -3.706980526228750294e-01 -2.084748660408025644e-02 -7.205486186416698580e-01
1.107665631864932188e+01 -4.710663723703656380e-01 -1.213317365301082029e-01 -8.208010082106230731e-01
1.108536712703964966e+01 -5.715786068520458674e-01 -2.219645151379470160e-01 -9.211926985661447187e-01
1.109407793542997744e+01 -6.723754505167128803e-01 -3.232610973572485613e-01 -1.021489803676177255e+00
1.110278874382030523e+01 -7.732552429853982723e-01 -4.247895294742899952e-01 -1.121720956496506494e+00
1.111149955221063301e+01 -8.747763756847248828e-01 -5.265963007455630729e-01 -1.222956450623886582e+00
1.112021036060096080e+01 -9.765113114469942124e-01 -6.285017731374997751e-01 -1.324520849756488650e+00
1.112892116899128858e+01 -1.078366172205522222e+00 -7.306129046222822332e-01 -1.426119439788762211e+00
1.113763197738161637e+01 -1.180480626780308739e+00 -8.329258849004373966e-01 -1.528035368660180193e+00
1.114634278577194415e+01 -1.282596004554745539e+00 -9.352862700135725627e-01 -1.629905739095918626e+00
1.115505359416227193e+01 -1.385059418294664280e+00 -1.038186865036575979e+00 -1.731931971552752580e+00
1.116376440255259972e+01 -1.487916365205327107e+00 -1.141521832297583083e+00 -1.834310898113071131e+00
1.117247521094292750e+01 -1.590979389811586708e+00 -1.244878681689692179e+00 -1.937080097933481238e+00
1.118118601933325529e+01 -1.694428057095932472e+00 -1.348511810012318790e+00 -2.040344304179546153e+00
1.118989682772358307e+01 -1.798046671637632432e+00 -1.452284361169867699e+00 -2.143808982105396943e+00
1.119860763611391086e+01 -1.901790907066338132e+00 -1.556157393277671552e+00 -2.247424420855004712e+00
1.120731844450423864e+01 -2.005936867274772162e+00 -1.660551436909915690e+00 -2.351322297639628633e+00
1.121602925289456643e+01 -2.110178251445239184e+00 -1.765139161633657583e+00 -2.455217341256820784e+00
1.122474006128489421e+01 -2.214819464432445706e+00 -1.870073622446437600e+00 -2.559565306418453812e+00
1.123345086967522199e+01 -2.319867530092082131e+00 -1.975407502871143084e+00 -2.664327557313021178e+00
1.124216167806554978e+01 -2.425070107138938003e+00 -2.080811253846377884e+00 -2.769328960431498121e+00
1.125087248645587756e+01 -2.530871307375635038e+00 -2.186708383674906386e+00 -2.875034231076363689e+00
1.125958329484620535e+01 -2.636588054407901893e+00 -2.292274066257049547e+00 -2.980902042558754239e+00
1.126829410323653313e+01 -2.742560567208104594e+00 -2.398327891500497522e+00 -3.086793242915711666e+00
1.127700491162686092e+01 -2.849068403317283060e+00 -2.505137569422361210e+00 -3.192999237212204910e+00
1.128571572001718870e+01 -2.955577957213685991e+00 -2.611736412362165805e+00 -3.299419502065206178e+00
1.129442652840751649e+01 -3.063000569999443812e+00 -2.719146694725261604e+00 -3.406854445273626020e+00
1.130313733679784427e+01 -3.170497781624828981e+00 -2.826731171584317970e+00 -3.514264391665339993e+00
1.131184814518817205e+01 -3.278399504832028022e+00 -2.934509496448431509e+00 -3.622289513215624535e+00
1.132055895357849984e+01 -3.386650925142067337e+00 -3.042817972326441911e+00 -3.730483877957692762e+00
1.132926976196882762e+01 -3.494901604291936970e+00 -3.151004903769073717e+00 -3.838798304814800222e+00
1.133798057035915541e+01 -3.603907528558003115e+00 -3.260085982855088549e+00 -3.947729074260917681e+00
1.134669137874948319e+01 -3.713228493341417469e+00 -3.369242407934749828e+00 -4.057214578748085110e+00
1.135540218713981098e+01 -3.822919198674048502e+00 -3.478805020901403644e+00 -4.167033376446693360e+00
1.136411299553013876e+01 -3.933350036426014107e+00 -3.589065949107890674e+00 -4.277634123744137540e+00
1.137282380392046655e+01 -4.043808080169437602e+00 -3.699424631507753691e+00 -4.388191528831121957e+00
1.138153461231079433e+01 -4.154733947708434627e+00 -3.810023000737517762e+00 -4.499444894679351492e+00
1.139024542070112034e+01 -4.266013416243080059e+00 -3.921157931354597004e+00 -4.610868901131563113e+00
1.139895622909144990e+01 -4.377715205585115399e+00 -4.032677705761821940e+00 -4.722752705408408858e+00
1.140766703748177591e+01 -4.490048463794261480e+00 -4.144864601390219505e+00 -4.835232326198303454e+00
1.141637784587210547e+01 -4.602551876513602203e+00 -4.257307765796824128e+00 -4.947795987230380277e+00
1.142508865426243148e+01 -4.715678372239429983e+00 -4.370292168154850110e+00 -5.061064576324009856e+00
1.143379946265276104e+01 -4.829481973633492409e+00 -4.483879866611986564e+00 -5.175084080654998253e+00
1.144251027104308704e+01 -4.943288657782336060e+00 -4.597546833914297082e+00 -5.289030481650375037e+00
1.145122107943341483e+01 -5.057632782457066156e+00 -4.711700337025263252e+00 -5.403565227888869060e+00
1.145993188782374261e+01 -5.172473347010537736e+00 -4.826466380343738649e+00 -5.518480313677336824e+00
1.146864269621407040e+01 -5.287487148258792402e+00 -4.941350905929178694e+00 -5.633623390588406110e+00
1.147735350460439818e+01 -5.403393430617756010e+00 -5.057213240791110564e+00 -5.749573620444401456e+00
1.148606431299472597e+01 -5.519547054393888708e+00 -5.173203054251086286e+00 -5.865891054536691129e+00
1.149477512138505375e+01 -5.635954494659531022e+00 -5.289894263234827143e+00 -5.982014726084234901e+00
1.150348592977538154e+01 -5.752944872962242329e+00 -5.406904739505506541e+00 -6.098985006418978116e+00
1.151219673816570932e+01 -5.869979763323662780e+00 -5.523954065799262736e+00 -6.216005460848062825e+00
1.152090754655603710e+01 -5.987799208781947158e+00 -5.641907532199563313e+00 -6.333690885364331002e+00
1.152961835494636489e+01 -6.105771301855055455e+00 -5.759991423364083651e+00 -6.451551180346027259e+00
1.153832916333669267e+01 -6.223981288368048759e+00 -5.878552540630639811e+00 -6.569410036105457706e+00
1.154703997172702046e+01 -6.342959709608476437e+00 -5.997938719284642062e+00 -6.687980699932310813e+00
1.155575078011734824e+01 -6.461694128536112025e+00 -6.117058911633384000e+00 -6.806329345438840051e+00
1.156446158850767603e+01 -6.581179464985327243e+00 -6.236922356210031104e+00 -6.925436573760623382e+00
1.157317239689800381e+01 -6.700734932343439532e+00 -6.357190288768244990e+00 -7.044279575918634073e+00
1.158188320528833160e+01 -6.820378686212841046e+00 -6.477117352141624096e+00 -7.163640020284057996e+00
1.159059401367865938e+01 -6.940641037644633471e+00 -6.598076099942453254e+00 -7.283205975346813688e+00
1.159930482206898716e+01 -7.060865488042734839e+00 -6.718410879312761708e+00 -7.403320096772707970e+00
1.160801563045931495e+01 -7.181848783671958891e+00 -6.839800219513195501e+00 -7.523897347830722282e+00
1.161672643884964273e+01 -7.303041346213834828e+00 -6.961103051560958654e+00 -7.644979640866711001e+00
1.162543724723997052e+01 -7.424539467872674159e+00 -7.082880858997548934e+00 -7.766198076747799384e+00
1.163414805563029830e+01 -7.546612877918370543e+00 -7.204939139503593104e+00 -7.888286616333147983e+00
1.164285886402062609e+01 -7.668888544403406726e+00 -7.327458251754308094e+00 -8.010318837052505359e+00
1.165156967241095387e+01 -7.791681630230478106e+00 -7.450313048249475933e+00 -8.133050212211479391e+00
1.166028048080128166e+01 -7.914997212642203017e+00 -7.573722826559645682e+00 -8.256271598724760352e+00
1.166899128919160944e+01 -8.038625651921808668e+00 -7.697390088490292825e+00 -8.379861215353324511e+00
1.167770209758193722e+01 -8.162797382693259607e+00 -7.821646859919601624e+00 -8.503947905466917589e+00
1.168641290597226501e+01 -8.287309836092614290e+00 -7.946462902416780771e+00 -8.628156769768448697e+00
1.169512371436259279e+01 -8.412147138725140749e+00 -8.071464982242643416e+00 -8.752829295207638083e+00
1.170383452275292058e+01 -8.537545040322061851e+00 -8.197043818532982584e+00 -8.878046262111141118e+00
1.171254533114324836e+01 -8.663101036490884255e+00 -8.322862058867910307e+00 -9.003340014113858203e+00
1.172125613953357615e+01 -8.789061539168216086e+00 -8.449098844630320571e+00 -9.129024233706111602e+00
1.172996694792390393e+01 -8.915558716446728482e+00 -8.575967000454726374e+00 -9.255150432438730590e+00
1.173867775631423171e+01 -9.042184419259962525e+00 -8.702989749659771235e+00 -9.381379088860153814e+00
1.174738856470455950e+01 -9.169406079421092315e+00 -8.830654765550452368e+00 -9.508157393291732262e+00
1.175609937309488728e+01 -9.296746844714816049e+00 -8.958450133150671846e+00 -9.635043556278960253e+00
1.176481018148521507e+01 -9.424323352935166653e+00 -9.086436614097678444e+00 -9.762210091772654863e+00
1.177352098987554285e+01 -9.552519249291085757e+00 -9.215273093021876250e+00 -9.889765405560295264e+00
1.178223179826587064e+01 -9.680561615545093090e+00 -9.343957294979890804e+00 -1.001716593611029538e+01
1.179094260665619842e+01 -9.809288608563743850e+00 -9.473271249951599415e+00 -1.014530596717588828e+01
1.179965341504652443e+01 -9.938106964443713665e+00 -9.602720415693941192e+00 -1.027349351319348614e+01
1.180836422343685399e+01 -1.006694607823165200e+01 -9.732332807124230101e+00 -1.040155934933907389e+01
1.181707503182718000e+01 -1.019649756804374618e+01 -9.862617153147230198e+00 -1.053037798294026217e+01
1.182578584021750956e+01 -1.032578025796662757e+01 -9.992721210792552711e+00 -1.065883930514070244e+01
1.183449664860783557e+01 -1.045563372866712903e+01 -1.012337486291656319e+01 -1.078789259441769488e+01
1.184320745699816513e+01 -1.058559221779493598e+01 -1.025415690888792142e+01 -1.091702752670195053e+01
1.185191826538849114e+01 -1.071551366836670027e+01 -1.038492633365444640e+01 -1.104610100307895415e+01
1.186062907377882070e+01 -1.084601125193215410e+01 -1.051642008531343109e+01 -1.117560241855087710e+01
1.186933988216914670e+01 -1.097639344568234065e+01 -1.064746834222472671e+01 -1.130531854913995460e+01
1.187805069055947627e+01 -1.110720584145894563e+01 -1.077893133518341173e+01 -1.143548034773447952e+01
1.188676149894980227e+01 -1.123822788392834937e+01 -1.091091812876591050e+01 -1.156553763909078825e+01
1.189547230734013006e+01 -1.136922381970138929e+01 -1.104284310761642018e+01 -1.169560453178635839e+01
1.190418311573045784e+01 -1.150066822790089915e+01 -1.117500488649132961e+01 -1.182633156931046869e+01
1.191289392412078563e+01 -1.163221631739859419e+01 -1.130721130381316009e+01 -1.195722133098402828e+01
1.192160473251111341e+01 -1.176403820834387659e+01 -1.143968142618484762e+01 -1.208839499050290556e+01
1.193031554090144120e+01 -1.189632645604417327e+01 -1.157250211460601008e+01 -1.222015079748233646e+01
1.193902634929176898e+01 -1.202867396944157363e+01 -1.170541429926177024e+01 -1.235193363962137703e+01
1.194773715768209676e+01 -1.216128247361614889e+01 -1.183889601191967067e+01 -1.248366893531262711e+01
1.195644796607242455e+01 -1.229419474190098960e+01 -1.197205784460618894e+01 -1.261633163919579026e+01
1.196515877446275233e+01 -1.242731516864966324e+01 -1.210559315269973624e+01 -1.274903718459959023e+01
1.197386958285308012e+01 -1.256115231907125640e+01 -1.224020546336181070e+01 -1.288209917478070210e+01
1.198258039124340790e+01 -1.269521395978445888e+01 -1.237426979578070707e+01 -1.301615812378821069e+01
1.199129119963373569e+01 -1.282966354440443446e+01 -1.250894342189058328e+01 -1.315038366691828564e+01
1.200000200802406347e+01 -1.296466525785253232e+01 -1.264428861602712573e+01 -1.328504189967793891e+01
1.200871281641439126e+01 -1.309976800843378797e+01 -1.277946047457055201e+01 -1.342007554229702393e+01
1.201742362480471904e+01 -1.323574101254231294e+01 -1.291550855679663989e+01 -1.355597346828798599e+01
1.202613443319504682e+01 -1.337215265011977650e+01 -1.305190178908639176e+01 -1.369240351115316123e+01
1.203484524158537461e+01 -1.350892125532510768e+01 -1.318875873483148453e+01 -1.382908377581873083e+01
1.204355604997570239e+01 -1.364671707552250091e+01 -1.332640376429741025e+01 -1.396703038674759156e+01
1.205226685836603018e+01 -1.378458908728733334e+01 -1.346413591689530520e+01 -1.410504225767936148e+01
1.206097766675635796e+01 -1.392336903596337905e+01 -1.360279069567282839e+01 -1.424394737625392970e+01
1.206968847514668575e+01 -1.406285528878125390e+01 -1.374194377506171705e+01 -1.438376680250079076e+01
1.207839928353701353e+01 -1.420255105824151265e+01 -1.388112487756380986e+01 -1.452397723891921544e+01
1.208711009192734132e+01 -1.434361361175253435e+01 -1.402211601552871123e+01 -1.466511120797635748e+01
1.209582090031766910e+01 -1.448474989769606047e+01 -1.416308199268016565e+01 -1.480641780271195529e+01
1.210453170870799688e+01 -1.462688880547380776e+01 -1.430504738496494355e+01 -1.494873022598267198e+01
1.211324251709832467e+01 -1.476970390113507747e+01 -1.444755268611736732e+01 -1.509185511615278763e+01
1.212195332548865245e+01 -1.491280088340866605e+01 -1.459049504500845806e+01 -1.523510672180887404e+01
1.213066413387898024e+01 -1.505690741190159621e+01 -1.473445687736266230e+01 -1.537935794644053011e+01
1.213937494226930802e+01 -1.520131720428491029e+01 -1.487899595972407241e+01 -1.552363844884574817e+01
1.214808575065963581e+01 -1.534628650660149773e+01 -1.502403274439855352e+01 -1.566854026880444195e+01
1.215679655904996359e+01 -1.549181966718799863e+01 -1.516983690523011141e+01 -1.581380242914588585e+01
1.216550736744029138e+01 -1.563751685901478794e+01 -1.531615045855357593e+01 -1.595888325947599995e+01
1.217421817583061916e+01 -1.578376986377569580e+01 -1.546306529907076488e+01 -1.610447442848062849e+01
1.218292898422094694e+01 -1.593023716838432335e+01 -1.561042703527576769e+01 -1.625004730149287724e+01
1.219163979261127473e+01 -1.607659917468095756e+01 -1.575831315425052637e+01 -1.639488519511138875e+01
1.220035060100160251e+01 -1.622308354888996007e+01 -1.590657179200250226e+01 -1.653959530577741788e+01
1.220906140939192852e+01 -1.636913290808985977e+01 -1.605455895811736511e+01 -1.668370685806235443e+01
1.221777221778225808e+01 -1.651482620872794271e+01 -1.620272098698515961e+01 -1.682693143047072581e+01
1.222648302617258409e+01 -1.666035880704824734e+01 -1.635099234885363728e+01 -1.696972526524285740e+01
1.223519383456291365e+01 -1.680467394054321062e+01 -1.649857065990697436e+01 -1.711077722117944688e+01
1.224390464295323966e+01 -1.694858199583650560e+01 -1.664597688936532549e+01 -1.725118710230768571e+01
1.225261545134356922e+01 -1.709152003129461761e+01 -1.679146142408262676e+01 -1.739157863850660846e+01
1.226132625973389523e+01 -1.723389799167488690e+01 -1.693587057528075235e+01 -1.753192540806902144e+01
1.227003706812422479e+01 -1.737664654787225871e+01 -1.707969051547707551e+01 -1.767360258026744191e+01
1.227874787651455080e+01 -1.751843989370015464e+01 -1.722385019507316173e+01 -1.781302959232714755e+01
1.228745868490488036e+01 -1.766030642301663178e+01 -1.736865912534593193e+01 -1.795195372068733164e+01
1.229616949329520637e+01 -1.780160735492937718e+01 -1.751241306937236075e+01 -1.809080164048639361e+01
1.230488030168553593e+01 -1.794208297279864794e+01 -1.765555952989055655e+01 -1.822860641570673934e+01
1.231359111007586193e+01 -1.808307357425658424e+01 -1.779881043462823698e+01 -1.836733671388493150e+01
1.232230191846618972e+01 -1.822236100995236185e+01 -1.793990387793573049e+01 -1.850481814196899322e+01
1.233101272685651750e+01 -1.836157883328386475e+01 -1.808198629474159347e+01 -1.864117137182613604e+01
1.233972353524684529e+01 -1.850023707086710090e+01 -1.822275722507744433e+01 -1.877771691665675746e+01
1.234843434363717307e+01 -1.863754178593936217e+01 -1.836297983872433903e+01 -1.891210373315438531e+01
1.235714515202750086e+01 -1.877496071293014168e+01 -1.850364656175295863e+01 -1.904627486410732473e+01
1.236585596041782864e+01 -1.891110513819594985e+01 -1.864237116870209832e+01 -1.917983910768980138e+01
1.237456676880815643e+01 -1.904648054661065260e+01 -1.878059175412835202e+01 -1.931236933909295317e+01
1.238327757719848421e+01 -1.918138525943786377e+01 -1.891874632087086638e+01 -1.944402419800486115e+01
1.239198838558881199e+01 -1.931476601661930204e+01 -1.905559164439476660e+01 -1.957394038884383747e+01
1.240069919397913978e+01 -1.944751352307365977e+01 -1.918985177104216078e+01 -1.970517527510515876e+01
1.240941000236946756e+01 -1.957947996818942116e+01 -1.932588402153751161e+01 -1.983307591484133070e+01
1.241812081075979535e+01 -1.971015643603911371e+01 -1.946089072862929825e+01 -1.995942214344892918e+01
1.242683161915012313e+01 -1.983987564898462708e+01 -1.959282996938602395e+01 -2.008692132858323021e+01
1.243554242754045092e+01 -1.996828866277979841e+01 -1.972546410950722517e+01 -2.021111321605237165e+01
1.244425323593077870e+01 -2.009542257564547896e+01 -1.985664488970581942e+01 -2.033420026158513849e+01
1.245296404432110648e+01 -2.022151669088810522e+01 -1.998560595063787559e+01 -2.045742743113833484e+01
1.246167485271143427e+01 -2.034614881582430002e+01 -2.011398543880422807e+01 -2.057831219284437196e+01
1.247038566110176205e+01 -2.046927789240501028e+01 -2.024072676816344796e+01 -2.069782901664657260e+01
1.247909646949208984e+01 -2.059083318593105361e+01 -2.036672698835583262e+01 -2.081493938350627459e+01
1.248780727788241762e+01 -2.071070727874120365e+01 -2.049041161133047240e+01 -2.093100294615193491e+01
1.249651808627274541e+01 -2.082927197959135057e+01 -2.061317628893171161e+01 -2.104536767025098953e+01
1.250522889466307319e+01 -2.094582480071029806e+01 -2.073516690252683503e+01 -2.115648269889376110e+01
1.251393970305340098e+01 -2.106045610748193297e+01 -2.085443062962466598e+01 -2.126648158533919997e+01
1.252265051144372876e+01 -2.117307093154499142e+01 -2.097124025315744333e+01 -2.137490160993253951e+01
1.253136131983405654e+01 -2.128326326526053336e+01 -2.108332153633375228e+01 -2.148320499418731444e+01
1.254007212822438433e+01 -2.139183149775621828e+01 -2.119506871268509229e+01 -2.158859428282734427e+01
1.254878293661471211e+01 -2.149768199295622395e+01 -2.130280364155571604e+01 -2.169256034435673186e+01
1.255749374500503990e+01 -2.160125108951074324e+01 -2.140670138995848149e+01 -2.179580078906300500e+01
1.256620455339536768e+01 -2.170227639112320617e+01 -2.150637851566751735e+01 -2.189817426657889499e+01
1.257491536178569547e+01 -2.180001986806704650e+01 -2.160286782246049597e+01 -2.199717191367359703e+01
1.258362617017602325e+01 -2.189548373969370232e+01 -2.169639572806882200e+01 -2.209457175131858264e+01
1.259233697856635104e+01 -2.198770122139093175e+01 -2.178774119143172072e+01 -2.218766125135014278e+01
1.260104778695667882e+01 -2.207713637168694021e+01 -2.187512437233704432e+01 -2.227914837103683610e+01
1.260975859534700660e+01 -2.216351960294932510e+01 -2.195791154527135092e+01 -2.236912766062729929e+01
1.261846940373733439e+01 -2.224636901019115953e+01 -2.203620424977756898e+01 -2.245653377060475009e+01
1.262718021212766217e+01 -2.232638130559135092e+01 -2.211121457310681393e+01 -2.254154803807588792e+01
1.263589102051798818e+01 -2.240287964844100799e+01 -2.218260521402713081e+01 -2.262315408285488516e+01
1.264460182890831774e+01 -2.247594163068329465e+01 -2.224973673368425153e+01 -2.270214652768233776e+01
1.265331263729864375e+01 -2.254565887688085724e+01 -2.231364307191716989e+01 -2.277767468184454458e+01
1.266202344568897331e+01 -2.261182040256385761e+01 -2.237387083930359211e+01 -2.284976996582412312e+01
1.267073425407929932e+01 -2.267468071801716434e+01 -2.243087201161941024e+01 -2.291848942441491843e+01
1.267944506246962888e+01 -2.273399793309221906e+01 -2.248412113477429131e+01 -2.298387473141014681e+01
1.268815587085995489e+01 -2.278964681768998801e+01 -2.253286999446564209e+01 -2.304642364091433393e+01
1.269686667925028445e+01 -2.284172909008361430e+01 -2.257759726050354487e+01 -2.310586091966368372e+01
1.270557748764061046e+01 -2.289006501671094895e+01 -2.261824528142850355e+01 -2.316188475199339436e+01
1.271428829603094002e+01 -2.293476876025025746e+01 -2.265464647258315978e+01 -2.321489104791735514e+01
1.272299910442126603e+01 -2.297602100398009028e+01 -2.268694926771346587e+01 -2.326509274024671470e+01
1.273170991281159559e+01 -2.301376245292697575e+01 -2.271510233682133872e+01 -2.331242256903261278e+01
1.274042072120192159e+01 -2.304829983490095202e+01 -2.273975018741392518e+01 -2.335684948238797887e+01
1.274913152959224938e+01 -2.307981187548623581e+01 -2.276107103082988914e+01 -2.339855272014258247e+01
1.275784233798257716e+01 -2.310850729126558178e+01 -2.277913050177255272e+01 -2.343788408075861085e+01
1.276655314637290495e+01 -2.313478161054852222e+01 -2.279423599596186989e+01 -2.347532722513517456e+01
1.277526395476323273e+01 -2.315874277268202519e+01 -2.280663977214762284e+01 -2.351084577321642755e+01
1.278397476315356052e+01 -2.318082680797644812e+01 -2.281666687967429752e+01 -2.354498673627859873e+01
1.279268557154388830e+01 -2.320144234491117530e+01 -2.282460862169273241e+01 -2.357827606812961818e+01
1.280139637993421609e+01 -2.322090745326297778e+01 -2.283146344920921322e+01 -2.361035145731674234e+01
1.281010718832454387e+01 -2.323987711306458692e+01 -2.283818584701104015e+01 -2.364156837911813369e+01
1.281881799671487165e+01 -2.325861101316127133e+01 -2.284567502171390529e+01 -2.367154700460863737e+01
1.282752880510519944e+01 -2.327715943276561461e+01 -2.285432555197886018e+01 -2.369999331355236905e+01
1.283623961349552722e+01 -2.329502696540689399e+01 -2.286300842989554383e+01 -2.372704550091824416e+01
1.284495042188585501e+01 -2.331166442661218952e+01 -2.287106893607579039e+01 -2.375225991714858864e+01
1.285366123027618279e+01 -2.332717084192130130e+01 -2.287813972847297350e+01 -2.377620195536962910e+01
1.286237203866651058e+01 -2.334150178008460585e+01 -2.288445035427936602e+01 -2.379855320588984569e+01
1.287108284705683836e+01 -2.335474697841995351e+01 -2.289003571975113971e+01 -2.381945823708876731e+01
1.287979365544716615e+01 -2.336703736740198067e+01 -2.289498960739073041e+01 -2.383908512741323094e+01
1.288850446383749393e+01 -2.337836891347656021e+01 -2.289933330363901476e+01 -2.385740452331410566e+01
1.289721527222782171e+01 -2.338887025385822582e+01 -2.290314487690274348e+01 -2.387459563081370817e+01
1.290592608061814950e+01 -2.339856946361129530e+01 -2.290644250491092393e+01 -2.389069642231166668e+01
1.291463688900847728e+01 -2.340751610322356413e+01 -2.290933570081026716e+01 -2.390569650563686110e+01
1.292334769739880507e+01 -2.341578398429197705e+01 -2.291184183181383105e+01 -2.391972613677012305e+01
1.293205850578913285e+01 -2.342339559052227926e+01 -2.291404157346425663e+01 -2.393274960758030190e+01
1.294076931417946064e+01 -2.343042254118542900e+01 -2.291599174239467018e+01 -2.394485333997618781e+01
1.294948012256978842e+01 -2.343690722057159803e+01 -2.291766899529139323e+01 -2.395614544585180283e+01
1.295819093096011621e+01 -2.344287227278547547e+01 -2.291910239537781990e+01 -2.396664215019313104e+01
1.296690173935044399e+01 -2.344837683339172330e+01 -2.292033377197486388e+01 -2.397641989480858271e+01
1.297561254774077177e+01 -2.345344929526746469e+01 -2.292140499329316228e+01 -2.398549359724176711e+01
1.298432335613109956e+01 -2.345811916492527160e+01 -2.292235997400250724e+01 -2.399387835584803597e+01
1.299303416452142734e+01 -2.346243588386894885e+01 -2.292316922112113531e+01 -2.400170254661676239e+01
1.300174497291175513e+01 -2.346640834443045165e+01 -2.292383817105341137e+01 -2.400897851780749193e+01
1.301045578130208291e+01 -2.347007606566276294e+01 -2.292442268373107339e+01 -2.401572944759445249e+01
1.301916658969241070e+01 -2.347346851171903026e+01 -2.292494908087246586e+01 -2.402198794256559466e+01
1.302787739808273848e+01 -2.347659401780470745e+01 -2.292538655620450783e+01 -2.402780147940490707e+01
1.303658820647306626e+01 -2.347949642318528873e+01 -2.292577147000279325e+01 -2.403322137636778422e+01
1.304529901486339405e+01 -2.348217812968532314e+01 -2.292612008362347353e+01 -2.403823617574717275e+01
1.305400982325372183e+01 -2.348466370611257759e+01 -2.292643014762040110e+01 -2.404289726460475407e+01
1.306272063164404784e+01 -2.348697779461251045e+01 -2.292672039955662555e+01 -2.404723518966839535e+01
1.307143144003437740e+01 -2.348911492092366871e+01 -2.292698980290527189e+01 -2.405124003894206552e+01
1.308014224842470341e+01 -2.349111159363901180e+01 -2.292722551084719029e+01 -2.405499767643083331e+01
1.308885305681503297e+01 -2.349295592034532376e+01 -2.292746582338337547e+01 -2.405844601730727206e+01
1.309756386520535898e+01 -2.349464501394838223e+01 -2.292767387617740127e+01 -2.406161615171936319e+01
1.310627467359568854e+01 -2.349618463856769779e+01 -2.292776140139185870e+01 -2.406460787574353688e+01
1.311498548198601455e+01 -2.349758184875640410e+01 -2.292765900617146357e+01 -2.406750469134134462e+01
1.312369629037634411e+01 -2.349885287450597815e+01 -2.292744685068378274e+01 -2.407025889832817356e+01
1.313240709876667012e+01 -2.349997549383241235e+01 -2.292714276686197650e+01 -2.407280822080284821e+01
1.314111790715699968e+01 -2.350097461881269467e+01 -2.292678833087276047e+01 -2.407516090675262888e+01
1.314982871554732569e+01 -2.350188546378921473e+01 -2.292640919480962225e+01 -2.407736173276880720e+01
1.315853952393765525e+01 -2.350272193857380287e+01 -2.292604208196294024e+01 -2.407940179518466550e+01
1.316725033232798125e+01 -2.350349572004153842e+01 -2.292569758180287209e+01 -2.408129385828020474e+01
1.317596114071830904e+01 -2.350420890985693489e+01 -2.292538183101236271e+01 -2.408303598870150708e+01
1.318467194910863682e+01 -2.350485733855462556e+01 -2.292509026416803408e+01 -2.408462441294121703e+01
1.319338275749896461e+01 -2.350543989435706749e+01 -2.292482216736501854e+01 -2.408605762134911643e+01
1.320209356588929239e+01 -2.350596137593579016e+01 -2.292458956979601226e+01 -2.408733318207556806e+01
1.321080437427962018e+01 -2.350643345719570476e+01 -2.292442354287329564e+01 -2.408844337151811388e+01
1.321951518266994796e+01 -2.350686613344556264e+01 -2.292435402143950185e+01 -2.408937824545162343e+01
1.322822599106027575e+01 -2.350726470656871925e+01 -2.292436554114374303e+01 -2.409016387199369547e+01
1.323693679945060353e+01 -2.350763712389639437e+01 -2.292442156166671552e+01 -2.409085268612607322e+01
1.324564760784093131e+01 -2.350798860662294842e+01 -2.292450617253962619e+01 -2.409147104070627066e+01
1.325435841623125910e+01 -2.350831523580239946e+01 -2.292460444575718626e+01 -2.409202602584761266e+01
1.326306922462158688e+01 -2.350861513714260198e+01 -2.292470714157579081e+01 -2.409252313270941315e+01
1.327178003301191467e+01 -2.350889275295011771e+01 -2.292481473667458758e+01 -2.409297076922564784e+01
1.328049084140224245e+01 -2.350915064321210579e+01 -2.292493346820616651e+01 -2.409336781821804507e+01
1.328920164979257024e+01 -2.350938985421545979e+01 -2.292506555596076012e+01 -2.409371415247015946e+01
1.329791245818289802e+01 -2.350961165547293064e+01 -2.292519602045601346e+01 -2.409402729048984781e+01
1.330662326657322581e+01 -2.350981468237964123e+01 -2.292531719752894759e+01 -2.409431216723033486e+01
1.331533407496355359e+01 -2.350999348146748602e+01 -2.292542186904822898e+01 -2.409456509388674306e+01
1.332404488335388137e+01 -2.351015121938836572e+01 -2.292550238068287882e+01 -2.409480005809385261e+01
1.333275569174420916e+01 -2.351029176891132266e+01 -2.292557381592980903e+01 -2.409500972189283630e+01
1.334146650013453694e+01 -2.351041599595370002e+01 -2.292563706494192743e+01 -2.409519492696547260e+01
1.335017730852486473e+01 -2.351053302846820969e+01 -2.292569967909726003e+01 -2.409536637783915936e+01
1.335888811691519251e+01 -2.351064475122027986e+01 -2.292575036295522750e+01 -2.409553913948533221e+01
1.336759892530552030e+01 -2.351075239112881832e+01 -2.292579088780915697e+01 -2.409571389444847966e+01
1.337630973369584808e+01 -2.351085899089716236e+01 -2.292584359332277799e+01 -2.409587438847154672e+01
1.338502054208617587e+01 -2.351096070893962775e+01 -2.292592045560331826e+01 -2.409600096227593724e+01
1.339373135047650365e+01 -2.351105887320833432e+01 -2.292600089867351087e+01 -2.409611684774315776e+01
1.340244215886683143e+01 -2.351115397664623075e+01 -2.292608030541008901e+01 -2.409622764788237248e+01
1.341115296725715922e+01 -2.351124320020117864e+01 -2.292614950807614349e+01 -2.409633689232621379e+01
1.341986377564748700e+01 -2.351132673280513075e+01 -2.292619866774450443e+01 -2.409645479786575706e+01
1.342857458403781479e+01 -2.351140651669624404e+01 -2.292624180762046393e+01 -2.409657122577202415e+01
1.343728539242814257e+01 -2.351148222345489458e+01 -2.292628513261186285e+01 -2.409667931429792631e+01
1.344599620081847036e+01 -2.351155598750132825e+01 -2.292633028574310927e+01 -2.409678168925954722e+01
1.345470700920879814e+01 -2.351163111098933811e+01 -2.292638022665913056e+01 -2.409688199531954567e+01
1.346341781759912593e+01 -2.351170791375074032e+01 -2.292643479796269546e+01 -2.409698102953878518e+01
1.347212862598945371e+01 -2.351178381801899420e+01 -2.292649111073370349e+01 -2.409707652530428490e+01
1.348083943437978149e+01 -2.351185859409369172e+01 -2.292654867135669150e+01 -2.409716851683069194e+01
1.348955024277010750e+01 -2.351193563822001664e+01 -2.292661054709471813e+01 -2.409726072934531516e+01
1.349826105116043706e+01 -2.351201542794242272e+01 -2.292667442516000520e+01 -2.409735643072484024e+01
1.350697185955076307e+01 -2.351209513213846236e+01 -2.292672508702931111e+01 -2.409746517724761361e+01
1.351568266794109263e+01 -2.351217480819883576e+01 -2.292675843925783852e+01 -2.409759117713983301e+01
1.352439347633141864e+01 -2.351225825530745794e+01 -2.292680140749354933e+01 -2.409771510312136655e+01
1.353310428472174820e+01 -2.351235244428926308e+01 -2.292686003661697569e+01 -2.409784485196155046e+01
1.354181509311207421e+01 -2.351245680154023177e+01 -2.292693331068711160e+01 -2.409798029239335193e+01
1.355052590150240377e+01 -2.351255081304332251e+01 -2.292700018817404128e+01 -2.409810143791260373e+01
1.355923670989272978e+01 -2.351262439041862606e+01 -2.292704993749088160e+01 -2.409819884334637052e+01
1.356794751828305934e+01 -2.351268367999112030e+01 -2.292708852359632488e+01 -2.409827883638591572e+01
1.357665832667338535e+01 -2.351273213591155553e+01 -2.292711885467711141e+01 -2.409834541714599965e+01
1.358536913506371491e+01 -2.351277320740933519e+01 -2.292714413841698118e+01 -2.409840227640168919e+01
1.359407994345404092e+01 -2.351280939176451668e+01 -2.292716664338430022e+01 -2.409845214014473314e+01
1.360279075184437048e+01 -2.351284191027733073e+01 -2.292718720970951196e+01 -2.409849661084514949e+01
1.361150156023469648e+01 -2.351287011736111410e+01 -2.292720507418843567e+01 -2.409853516053379252e+01
1.362021236862502604e+01 -2.351289486362791337e+01 -2.292722080263500573e+01 -2.409856892462082101e+01
1.362892317701535205e+01 -2.351291912133252282e+01 -2.292723722785952845e+01 -2.409860101480551720e+01
1.363763398540568161e+01 -2.351294246600808791e+01 -2.292725379670597619e+01 -2.409863113531019962e+01
1.364634479379600762e+01 -2.351296317650398748e+01 -2.292726860213127082e+01 -2.409865775087670414e+01
1.365505560218633541e+01 -2.351298106721033321e+01 -2.292728139175821411e+01 -2.409868074266245230e+01
1.366376641057666319e+01 -2.351299663986501898e+01 -2.292729254446827625e+01 -2.409870073526176171e+01
1.367247721896699097e+01 -2.351301238623857159e+01 -2.292730446491103535e+01 -2.409872030756610783e+01
1.368118802735731876e+01 -2.351302874579687696e+01 -2.292731752728690964e+01 -2.409873996430684429e+01
1.368989883574764654e+01 -2.351304383290422706e+01 -2.292732975949471808e+01 -2.409875790631373604e+01
1.369860964413797433e+01 -2.351305684079479263e+01 -2.292734030593127770e+01 -2.409877337565830757e+01
1.370732045252830211e+01 -2.351306804039197829e+01 -2.292734938625376273e+01 -2.409878669453019384e+01
1.371603126091862990e+01 -2.351307769802879477e+01 -2.292735721639758850e+01 -2.409879817966000104e+01
1.372474206930895768e+01 -2.351308598919027304e+01 -2.292736393864114319e+01 -2.409880803973940289e+01
1.373345287769928547e+01 -2.351309315533052313e+01 -2.292736975524707788e+01 -2.409881655541396839e+01
1.374216368608961325e+01 -2.351310117288949542e+01 -2.292737661161949347e+01 -2.409882573415949736e+01
1.375087449447994103e+01 -2.351311190170030230e+01 -2.292738634707529144e+01 -2.409883745632531316e+01
1.375958530287026882e+01 -2.351312330179074905e+01 -2.292739689421188842e+01 -2.409884970936960968e+01
1.376829611126059660e+01 -2.351313305054213743e+01 -2.292740591356248459e+01 -2.409886018752179027e+01
1.377700691965092439e+01 -2.351314137883164079e+01 -2.292741361873003569e+01 -2.409886913893324589e+01
1.378571772804125217e+01 -2.351314852925216670e+01 -2.292742023415667418e+01 -2.409887682434765921e+01
1.379442853643157996e+01 -2.351315460712808303e+01 -2.292742585728640137e+01 -2.409888335696976469e+01
1.380313934482190774e+01 -2.351315980250528526e+01 -2.292743066394590201e+01 -2.409888894106466850e+01
1.381185015321223553e+01 -2.351316422771879644e+01 -2.292743475806529219e+01 -2.409889369737230069e+01
1.382056096160256331e+01 -2.351316798107644601e+01 -2.292743823059702279e+01 -2.409889773155586923e+01
1.382927176999289109e+01 -2.351317119529120703e+01 -2.292744120432449506e+01 -2.409890118625791899e+01
1.383798257838321888e+01 -2.351317390981963129e+01 -2.292744371575211915e+01 -2.409890410388714344e+01
1.384669338677354666e+01 -2.351317621904019362e+01 -2.292744585219698550e+01 -2.409890658588340173e+01
1.450000000000000000e+01 -2.351317621904019362e+01 -2.292744585219698550e+01 -2.409890658588340173e+01
