# # logMh LcMh -err(LcMh) +err(LcMh)
9.500000000000000000e+00 1.227723907458964447e+01 1.279891562702523622e+01 1.175556252215405273e+01
9.508475869574821715e+00 1.221101166316690723e+01 1.273216000190798525e+01 1.168986332442582921e+01
9.516951739149641654e+00 1.214485128672821723e+01 1.266538341848740146e+01 1.162431915496903301e+01
9.525427608724463369e+00 1.207855609759570292e+01 1.259878303257942633e+01 1.155832916261197951e+01
9.533903478299283307e+00 1.201225993648541213e+01 1.253187756900461203e+01 1.149264230396621222e+01
9.542379347874105022e+00 1.194589013619868823e+01 1.246500752409112422e+01 1.142677274830625223e+01
9.550855217448926737e+00 1.187935092234256196e+01 1.239793216928769759e+01 1.136076967539742633e+01
9.559331087023746676e+00 1.181277149215126698e+01 1.233103042593172738e+01 1.129451255837080659e+01
9.567806956598568391e+00 1.174614596958410573e+01 1.226399267503514778e+01 1.122829926413306367e+01
9.576282826173388329e+00 1.167937850346027773e+01 1.219684593374695680e+01 1.116191107317359865e+01
9.584758695748210044e+00 1.161257264907080433e+01 1.212952891513455889e+01 1.109561638300704978e+01
9.593234565323029983e+00 1.154573994122611857e+01 1.206216151043039808e+01 1.102931837202183907e+01
9.601710434897851698e+00 1.147873666948038007e+01 1.199506327633979375e+01 1.096241006262096640e+01
9.610186304472673413e+00 1.141173508186791707e+01 1.192756755707384642e+01 1.089590260666198773e+01
9.618662174047493352e+00 1.134458948944503653e+01 1.186023856591808112e+01 1.082894041297199195e+01
9.627138043622315067e+00 1.127727311441892155e+01 1.179249947983405100e+01 1.076204674900379210e+01
9.635613913197135005e+00 1.121001226109885351e+01 1.172482245144735735e+01 1.069520207075034968e+01
9.644089782771956720e+00 1.114241587238068476e+01 1.165711507551652737e+01 1.062771666924484215e+01
9.652565652346778435e+00 1.107484009679440362e+01 1.158901324191448268e+01 1.056066695167432457e+01
9.661041521921598374e+00 1.100710092617485714e+01 1.152126582323498383e+01 1.049293602911473045e+01
9.669517391496420089e+00 1.093925972045834882e+01 1.145312313325098863e+01 1.042539630766570902e+01
9.677993261071240028e+00 1.087144885953609474e+01 1.138510427676262893e+01 1.035779344230956056e+01
9.686469130646061743e+00 1.080334126675350959e+01 1.131681862863188215e+01 1.028986390487513702e+01
9.694945000220883458e+00 1.073511248015687158e+01 1.124833568550454821e+01 1.022188927480919496e+01
9.703420869795703396e+00 1.066680984181433445e+01 1.117988763934349983e+01 1.015373204428516907e+01
9.711896739370525111e+00 1.059835805742530113e+01 1.111125508141676121e+01 1.008546103343384104e+01
9.720372608945345050e+00 1.052981510083442807e+01 1.104248527270307356e+01 1.001714492896578257e+01
9.728848478520166765e+00 1.046112897970558464e+01 1.097370383159620566e+01 9.948554127814963621e+00
9.737324348094986703e+00 1.039222193823527540e+01 1.090468349050823349e+01 9.879760385962317315e+00
9.745800217669808418e+00 1.032326727532732313e+01 1.083557044289715421e+01 9.810964107757492059e+00
9.754276087244630133e+00 1.025420692759019303e+01 1.076645923899925705e+01 9.741954616181129012e+00
9.762751956819450072e+00 1.018498214846343508e+01 1.069694115824591307e+01 9.673023138680957089e+00
9.771227826394271787e+00 1.011571534072541034e+01 1.062762139917933624e+01 9.603809282271484449e+00
9.779703695969091726e+00 1.004614018031855238e+01 1.055778668855414892e+01 9.534493672082955840e+00
9.788179565543913441e+00 9.976521948462268696e+00 1.048795202289531403e+01 9.465091874029223362e+00
9.796655435118735156e+00 9.906845891762895207e+00 1.041804464347891646e+01 9.395647140046873957e+00
9.805131304693555094e+00 9.836976935971962988e+00 1.034789599591798037e+01 9.326057876025945603e+00
9.813607174268376809e+00 9.767111325299635993e+00 1.027773770491720384e+01 9.256484945682068144e+00
9.822083043843196748e+00 9.697006136217611427e+00 1.020726186384801437e+01 9.186750408587208483e+00
9.830558913418018463e+00 9.626857280983577070e+00 1.013666648250565849e+01 9.117048079461495647e+00
9.839034782992840178e+00 9.556689324980037981e+00 1.006597882418026302e+01 9.047399825779812943e+00
9.847510652567660117e+00 9.486375458231934843e+00 9.995200477800826988e+00 8.977550438663042698e+00
9.855986522142481832e+00 9.416006303590391369e+00 9.924481036754089658e+00 8.907531570426693079e+00
9.864462391717301770e+00 9.345531514252929384e+00 9.853537558076572722e+00 8.837525470429286045e+00
9.872938261292123485e+00 9.274922089976955775e+00 9.782315957285685926e+00 8.767528222668225624e+00
9.881414130866943424e+00 9.204357393539659427e+00 9.711184358180808829e+00 8.697530428898510024e+00
9.889890000441765139e+00 9.133653781165447683e+00 9.640025541230116346e+00 8.627282021100779019e+00
9.898365870016586854e+00 9.062783340998230130e+00 9.568735402383859778e+00 8.556831279612600483e+00
9.906841739591406792e+00 8.991936455331938305e+00 9.497332586454010794e+00 8.486540324209865815e+00
9.915317609166228507e+00 8.920878891150410439e+00 9.425851762675209855e+00 8.415906019625611023e+00
9.923793478741048446e+00 8.849737098109558886e+00 9.354248666511491450e+00 8.345225529707626322e+00
9.932269348315870161e+00 8.778532018161817163e+00 9.282644621197277957e+00 8.274419415126356370e+00
9.940745217890691876e+00 8.707174702832377378e+00 9.210820153429516211e+00 8.203529252235238545e+00
9.949221087465511815e+00 8.635768762511451868e+00 9.139112524029508577e+00 8.132425000993395159e+00
9.957696957040333530e+00 8.564070436941261022e+00 9.067119456860998739e+00 8.061021417021523305e+00
9.966172826615153468e+00 8.492403334354035493e+00 8.995027692773390982e+00 7.989778975934680005e+00
9.974648696189975183e+00 8.420727969562737059e+00 8.922971905482883770e+00 7.918484033642590347e+00
9.983124565764796898e+00 8.348676838251556376e+00 8.850643281787247574e+00 7.846710394715864290e+00
9.991600435339616837e+00 8.276575365884804469e+00 8.778194913285853218e+00 7.774955818483756609e+00
1.000007630491443855e+01 8.204538344010806838e+00 8.705785118402234346e+00 7.703291569619380219e+00
1.000855217448925849e+01 8.132281318351047616e+00 8.633199982730264566e+00 7.631362653971831556e+00
1.001702804406408021e+01 8.059775027119520985e+00 8.560343160657257755e+00 7.559206893581783326e+00
1.002550391363890014e+01 7.987178398077165120e+00 8.487363287461246131e+00 7.486993508693084109e+00
1.003397978321372186e+01 7.914622959724420426e+00 8.414603190605770777e+00 7.414642728843070962e+00
1.004245565278854357e+01 7.841888458248865490e+00 8.341375230249800765e+00 7.342401686247930215e+00
1.005093152236336351e+01 7.768826353256784500e+00 8.268036208774955043e+00 7.269616497738613070e+00
1.005940739193818523e+01 7.695960319662678017e+00 8.194873677332793704e+00 7.197046961992563219e+00
1.006788326151300517e+01 7.622708029859741607e+00 8.121341815268221964e+00 7.124074244451261251e+00
1.007635913108782688e+01 7.549249113734014749e+00 8.047398007347128512e+00 7.051100220120900985e+00
1.008483500066264860e+01 7.476004664479218853e+00 7.974018736497818338e+00 6.977990592460619368e+00
1.009331087023746854e+01 7.402368412334009662e+00 7.900062156998252760e+00 6.904674667669766563e+00
1.010178673981229025e+01 7.328526962267095435e+00 7.825970926898238034e+00 6.831082997635952836e+00
1.011026260938711019e+01 7.254681867142188878e+00 7.751828027873142624e+00 6.757535706411235132e+00
1.011873847896193190e+01 7.180679634285174195e+00 7.677543969719366146e+00 6.683815298850982245e+00
1.012721434853675362e+01 7.106546923839719199e+00 7.603110867142515161e+00 6.609982980536923236e+00
1.013569021811157356e+01 7.032241234252348150e+00 7.528590857375803580e+00 6.535891611128892720e+00
1.014416608768639527e+01 6.957688088753338995e+00 7.453860074598813057e+00 6.461516102907864934e+00
1.015264195726121521e+01 6.883029931800472845e+00 7.378990857628905609e+00 6.387069005972040081e+00
1.016111782683603693e+01 6.808303020287383767e+00 7.304064722886383976e+00 6.312541317688383558e+00
1.016959369641085686e+01 6.733351801402766235e+00 7.228826637423124701e+00 6.237876965382407768e+00
1.017806956598567858e+01 6.658328271061913384e+00 7.153711383620722231e+00 6.162945158503104537e+00
1.018654543556050029e+01 6.582919303643962827e+00 7.078063162154898613e+00 6.087775445133027041e+00
1.019502130513532023e+01 6.507475210090506224e+00 7.002404667234915614e+00 6.012545752946096833e+00
1.020349717471014195e+01 6.432000258609017251e+00 6.926639607531259735e+00 5.937360909686774768e+00
1.021197304428496189e+01 6.356207762071278466e+00 6.850663383000548556e+00 5.861752141142008377e+00
1.022044891385978360e+01 6.280359971773432193e+00 6.774634142387291114e+00 5.786085801159573272e+00
1.022892478343460532e+01 6.204129228077053249e+00 6.698307633556034091e+00 5.709950822598072406e+00
1.023740065300942526e+01 6.127846731845255412e+00 6.621708566195770196e+00 5.633984897494740629e+00
1.024587652258424697e+01 6.051534224787027405e+00 6.545078953258390619e+00 5.557989496315664191e+00
1.025435239215906691e+01 5.974927877723255953e+00 6.468283353070393815e+00 5.481572402376118092e+00
1.026282826173388862e+01 5.898158359625761626e+00 6.391360931789552779e+00 5.404955787461970473e+00
1.027130413130871034e+01 5.821177376247003821e+00 6.314223978278683092e+00 5.328130774215324550e+00
1.027978000088353028e+01 5.744047579319521368e+00 6.236872570902768587e+00 5.251222587736274150e+00
1.028825587045835199e+01 5.666883126814602711e+00 6.159438361112839821e+00 5.174327892516365601e+00
1.029673174003317193e+01 5.589512665125041302e+00 6.081817507998410477e+00 5.097207822251672127e+00
1.030520760960799365e+01 5.511853571523679385e+00 6.003934165594614569e+00 5.019772977452744200e+00
1.031368347918281358e+01 5.434104661182534990e+00 5.925953636404917013e+00 4.942255685960152967e+00
1.032215934875763530e+01 5.356155701187103269e+00 5.847646786635776195e+00 4.864664615738430342e+00
1.033063521833245701e+01 5.278145141974529331e+00 5.769387233929077929e+00 4.786903050019980732e+00
1.033911108790727695e+01 5.200037889320161533e+00 5.690968654134255011e+00 4.709107124506068054e+00
1.034758695748209867e+01 5.121537593031950664e+00 5.612212290118060665e+00 4.630862895945840663e+00
1.035606282705692038e+01 5.043087131071576579e+00 5.533428537614671683e+00 4.552745724528481475e+00
1.036453869663174032e+01 4.964357649652997750e+00 5.454247767218789456e+00 4.474467532087206045e+00
1.037301456620656204e+01 4.885566615453148742e+00 5.375143528022721995e+00 4.395989702883575490e+00
1.038149043578138198e+01 4.806683933447779111e+00 5.295867064633311472e+00 4.317500802262246751e+00
1.038996630535620369e+01 4.727459500849074736e+00 5.216296799781584781e+00 4.238622201916564691e+00
1.039844217493102363e+01 4.648227818235056930e+00 5.136674764472975774e+00 4.159780871997138085e+00
1.040691804450584534e+01 4.568844202041897340e+00 5.056782746157327146e+00 4.080905657926467534e+00
1.041539391408066706e+01 4.489300864664531154e+00 4.976800956171778978e+00 4.001800773157283331e+00
1.042386978365548700e+01 4.409706221278943516e+00 4.896771205669185001e+00 3.922641236888702476e+00
1.043234565323030871e+01 4.329922087959285903e+00 4.816572387133907895e+00 3.843271788784663912e+00
1.044082152280512865e+01 4.249960292370164261e+00 4.736137686291103321e+00 3.763782898449224756e+00
1.044929739237995037e+01 4.169996777547416933e+00 4.655631681863486193e+00 3.684361873231347673e+00
1.045777326195477208e+01 4.089796915463832505e+00 4.574949527500249857e+00 3.604644303427415597e+00
1.046624913152959202e+01 4.009514068731232506e+00 4.494148819088013447e+00 3.524879318374451564e+00
1.047472500110441374e+01 3.929162633762405932e+00 4.413132374773875100e+00 3.445192892750937208e+00
1.048320087067923367e+01 3.848484721231086425e+00 4.332045369023482806e+00 3.364924073438690044e+00
1.049167674025405539e+01 3.767935715201730318e+00 4.251060161410603833e+00 3.284811268992856359e+00
1.050015260982887710e+01 3.687082811537861105e+00 4.169415298390146241e+00 3.204750324685575968e+00
1.050862847940369704e+01 3.606122882407113650e+00 4.087982778284686702e+00 3.124262986529540598e+00
1.051710434897851876e+01 3.525179219220833549e+00 4.006474327014029058e+00 3.043884111427638040e+00
1.052558021855333870e+01 3.443897132153875162e+00 3.924634468005999022e+00 2.963159796301751303e+00
1.053405608812816041e+01 3.362624220946491160e+00 3.843028036045610829e+00 2.882220405847371492e+00
1.054253195770298035e+01 3.281202177233095707e+00 3.761142920431786774e+00 2.801261434034404640e+00
1.055100782727780206e+01 3.199541415876333339e+00 3.678725506159516101e+00 2.720357325593150577e+00
1.055948369685262378e+01 3.117847538651032480e+00 3.596606886006734616e+00 2.639088191295330343e+00
1.056795956642744372e+01 3.035974054513300047e+00 3.514555364933917847e+00 2.557392744092682246e+00
1.057643543600226543e+01 2.953823671133499307e+00 3.431984492555331112e+00 2.475662849711667501e+00
1.058491130557708537e+01 2.871582206564848860e+00 3.349123241828371622e+00 2.394041171301326099e+00
1.059338717515190709e+01 2.789074851567176605e+00 3.266271057518912002e+00 2.311878645615441208e+00
1.060186304472672703e+01 2.706435152599456551e+00 3.183467713874645888e+00 2.229402591324267213e+00
1.061033891430154874e+01 2.623642590780233874e+00 3.100363428915685393e+00 2.146921752644782355e+00
1.061881478387637046e+01 2.540383447777916359e+00 3.017061240824751689e+00 2.063705654731081029e+00
1.062729065345119039e+01 2.457236633217596111e+00 2.934443788925936047e+00 1.980029477509256175e+00
1.063576652302601211e+01 2.373476852088376887e+00 2.849976855508012719e+00 1.896976848668741056e+00
1.064424239260083382e+01 2.289624642893588025e+00 2.765531894175344174e+00 1.813717391611831875e+00
1.065271826217565376e+01 2.205738722252006401e+00 2.682422691856427122e+00 1.729054752647585458e+00
1.066119413175047548e+01 2.121301369340193421e+00 2.598217704266198247e+00 1.644385034414188596e+00
1.066967000132529542e+01 2.036693129163052340e+00 2.513019273563888323e+00 1.560366984762216358e+00
1.067814587090011713e+01 1.951932130328733805e+00 2.427528188388425434e+00 1.476336072269042177e+00
1.068662174047493707e+01 1.866938663771818607e+00 2.343285041180326989e+00 1.390592286363310226e+00
1.069509761004975879e+01 1.781796996976550140e+00 2.258351837198377954e+00 1.305242156754722327e+00
1.070357347962458050e+01 1.696314409834842163e+00 2.172087639610611021e+00 1.220541180059073305e+00
1.071204934919940044e+01 1.610577281764925539e+00 2.085861276177677581e+00 1.135293287352173719e+00
1.072052521877422215e+01 1.524815589381733894e+00 2.000278177994692985e+00 1.049353000768774580e+00
1.072900108834904209e+01 1.438787648738193425e+00 1.914543803654380483e+00 9.630314938220063681e-01
1.073747695792386381e+01 1.352496035557626541e+00 1.827281595024720762e+00 8.777104760905323211e-01
1.074595282749868552e+01 1.265956943685888181e+00 1.740461430718865943e+00 7.914524566529104188e-01
1.075442869707350546e+01 1.179243234693209796e+00 1.653987735762701528e+00 7.044987336237180653e-01
1.076290456664832718e+01 1.092262546507798859e+00 1.567638748839956797e+00 6.168863441756410326e-01
1.077138043622314711e+01 1.005144657159843247e+00 1.478950818489705332e+00 5.313384958299811611e-01
1.077985630579796883e+01 9.174538517151086259e-01 1.391128442510101593e+00 4.437792609201157146e-01
1.078833217537279054e+01 8.302636728356366236e-01 1.303978902007760343e+00 3.565484436635129040e-01
1.079680804494761048e+01 7.420636056458339569e-01 1.216212122838361331e+00 2.679150884533065269e-01
1.080528391452243220e+01 6.541609936427229544e-01 1.127692392201029792e+00 1.806295950844161169e-01
1.081375978409725214e+01 5.657742242111434283e-01 1.038567563299458429e+00 9.298088512282842721e-02
1.082223565367207385e+01 4.772914411278225688e-01 9.499059285038149447e-01 4.676953751830192907e-03
1.083071152324689379e+01 3.886698269596400857e-01 8.613285083313095836e-01 -8.398885441202946778e-02
1.083918739282171551e+01 2.996156861346860323e-01 7.724460596102178389e-01 -1.732146873408457743e-01
1.084766326239653722e+01 2.103831456805477507e-01 6.826194325704877386e-01 -2.618531412093922928e-01
1.085613913197135716e+01 1.210215925418389044e-01 5.923326218720186276e-01 -3.502894367883408466e-01
1.086461500154617887e+01 3.136212074425993868e-02 5.025050313527563706e-01 -4.397807898642365210e-01
1.087309087112099881e+01 -5.837126682258276383e-02 4.126767433652610562e-01 -5.294192770104265700e-01
1.088156674069582053e+01 -1.484534589994762344e-01 3.225020864012451138e-01 -6.194090044001976381e-01
1.089004261027064224e+01 -2.387640372559065860e-01 2.316517603896774691e-01 -7.091798349014906133e-01
1.089851847984546218e+01 -3.291862231994546750e-01 1.402893024736905914e-01 -7.986617488725999969e-01
1.090699434942028390e+01 -4.198205798365317043e-01 4.942919104420434584e-02 -8.890703507172676989e-01
1.091547021899510383e+01 -5.107610793164367724e-01 -4.164335319405870761e-02 -9.798788054388147817e-01
1.092394608856992555e+01 -6.018088716155619577e-01 -1.328608413673526556e-01 -1.070756901863771260e+00
1.093242195814474726e+01 -6.932015591817051181e-01 -2.249086207301933538e-01 -1.161494497633216882e+00
1.094089782771956720e+01 -7.847561213931796287e-01 -3.172013714204711121e-01 -1.252310871365888145e+00
1.094937369729438892e+01 -8.764268059877726724e-01 -4.092667055045483560e-01 -1.343586906470997100e+00
1.095784956686920886e+01 -9.684288261507860707e-01 -5.014768324909254504e-01 -1.435380819810646802e+00
1.096632543644403057e+01 -1.060513480100788497e+00 -5.938943433825421003e-01 -1.527132616819034894e+00
1.097480130601885051e+01 -1.152911538473601283e+00 -6.868187398763772045e-01 -1.619004337070825361e+00
1.098327717559367223e+01 -1.245597006935867501e+00 -7.801576270367400756e-01 -1.711036386834994927e+00
1.099175304516849394e+01 -1.338381623525987330e+00 -8.734430357231695030e-01 -1.803320211328805156e+00
1.100022891474331388e+01 -1.431432217741948065e+00 -9.667216346370299807e-01 -1.896142800846866150e+00
1.100870478431813559e+01 -1.524721807626189030e+00 -1.060319684707907495e+00 -1.989123930544470564e+00
1.101718065389295553e+01 -1.618068313672393899e+00 -1.154133864617048033e+00 -2.082002762727739764e+00
1.102565652346777725e+01 -1.711955180333076143e+00 -1.248532484198392023e+00 -2.175377876467760263e+00
1.103413239304259896e+01 -1.805858359301225846e+00 -1.342951431453681455e+00 -2.268765287148770238e+00
1.104260826261741890e+01 -1.899988424020166766e+00 -1.437262839174244800e+00 -2.362714008866088733e+00
1.105108413219224062e+01 -1.994569975159688813e+00 -1.532108529015732579e+00 -2.457031421303645047e+00
1.105956000176706056e+01 -2.088974147686974536e+00 -1.626947363901727117e+00 -2.551000931472221733e+00
1.106803587134188227e+01 -2.184127922577685510e+00 -1.722326668001372685e+00 -2.645929177153998335e+00
1.107651174091670399e+01 -2.279282853670476339e+00 -1.817906595704406048e+00 -2.740659111636546630e+00
1.108498761049152392e+01 -2.374648219685924655e+00 -1.913492831084048884e+00 -2.835803608287800426e+00
1.109346348006634564e+01 -2.470386833900666712e+00 -2.009429850969151499e+00 -2.931343816832181925e+00
1.110193934964116558e+01 -2.566193876063011636e+00 -2.105428231433009501e+00 -3.026959520693013772e+00
1.111041521921598729e+01 -2.662443413947751303e+00 -2.201893362103489515e+00 -3.122993465792013090e+00
1.111889108879080723e+01 -2.759010243100211923e+00 -2.298705417870124723e+00 -3.219315068330299123e+00
1.112736695836562895e+01 -2.855716005460257279e+00 -2.395625255584996616e+00 -3.315806755335517941e+00
1.113584282794045066e+01 -2.952795457027858728e+00 -2.492744977885176461e+00 -3.412845936170540995e+00
1.114431869751527060e+01 -3.050154837937151253e+00 -2.590168170834715067e+00 -3.510141505039587440e+00
1.115279456709009231e+01 -3.147662318342916432e+00 -2.687781014511308353e+00 -3.607543622174524511e+00
1.116127043666491225e+01 -3.245803646725762270e+00 -2.786040723844748879e+00 -3.705566569606775662e+00
1.116974630623973397e+01 -3.344038626761852040e+00 -2.884248558317923372e+00 -3.803828695205780708e+00
1.117822217581455568e+01 -3.442576369768736377e+00 -2.982735861474478334e+00 -3.902416878062994421e+00
1.118669804538937562e+01 -3.541633888715119305e+00 -3.081828977334753805e+00 -4.001438800095485249e+00
1.119517391496419734e+01 -3.640686521928481856e+00 -3.180853324802704662e+00 -4.100519719054259049e+00
1.120364978453901728e+01 -3.740508685624337470e+00 -3.280590519624212220e+00 -4.200426851624462721e+00
1.121212565411383899e+01 -3.840441525135970924e+00 -3.380300852324519045e+00 -4.300582197947422358e+00
1.122060152368866071e+01 -3.940736532927295421e+00 -3.480614627364396085e+00 -4.400858438490194757e+00
1.122907739326348064e+01 -4.041464570777667298e+00 -3.581428023982055731e+00 -4.501501117573279309e+00
1.123755326283830236e+01 -4.142354569046973189e+00 -3.682130686631737593e+00 -4.602578451462209230e+00
1.124602913241312230e+01 -4.243835495377342504e+00 -3.783424952689804943e+00 -4.704246038064879620e+00
1.125450500198794401e+01 -4.345647833743467636e+00 -3.884957507315941250e+00 -4.806338160170994023e+00
1.126298087156276395e+01 -4.447715602776602495e+00 -3.986909469343204115e+00 -4.908521736210000874e+00
1.127145674113758567e+01 -4.550235986098324581e+00 -4.089372378452853951e+00 -5.011099593743795211e+00
1.127993261071240738e+01 -4.653108816032601958e+00 -4.192025668397231009e+00 -5.114191963667972907e+00
1.128840848028722732e+01 -4.756359621920463354e+00 -4.295056195076394800e+00 -5.217663048764531908e+00
1.129688434986204904e+01 -4.860160607960271051e+00 -4.398636807220886347e+00 -5.321684408699655755e+00
1.130536021943686897e+01 -4.964085764265143474e+00 -4.502530844478296324e+00 -5.425640684051990625e+00
1.131383608901169069e+01 -5.068462903283572629e+00 -4.606851693693053029e+00 -5.530074112874092229e+00
1.132231195858651240e+01 -5.173320481137074545e+00 -4.711716343312700950e+00 -5.634924618961448139e+00
1.133078782816133234e+01 -5.278287601999398504e+00 -4.816640474167695807e+00 -5.739934729831101201e+00
1.133926369773615406e+01 -5.384036330142116356e+00 -4.922270134174188350e+00 -5.845802526110044361e+00
1.134773956731097400e+01 -5.489932773277849343e+00 -5.028053784598281339e+00 -5.951811761957417346e+00
1.135621543688579571e+01 -5.596181084129719707e+00 -5.134439839165480635e+00 -6.057922329093958780e+00
1.136469130646061743e+01 -5.702875860465329794e+00 -5.241145385977766580e+00 -6.164606334952893008e+00
1.137316717603543736e+01 -5.809710736112973173e+00 -5.348154337863487484e+00 -6.271267134362458862e+00
1.138164304561025908e+01 -5.917096186657176737e+00 -5.455688669057921381e+00 -6.378503704256432094e+00
1.139011891518507902e+01 -6.024791779468223751e+00 -5.563671679758951605e+00 -6.485911879177495898e+00
1.139859478475990073e+01 -6.132696165652377296e+00 -5.671880907350761447e+00 -6.593511423953993145e+00
1.140707065433472067e+01 -6.241019446443853091e+00 -5.780595734437346422e+00 -6.701443158450359761e+00
1.141554652390954239e+01 -6.349581212070702918e+00 -5.889686695087095636e+00 -6.809475729054310200e+00
1.142402239348436410e+01 -6.458335667313975570e+00 -5.998903350433939075e+00 -6.917767984194012065e+00
1.143249826305918404e+01 -6.567546336653832029e+00 -6.108605523946776472e+00 -7.026487149360887585e+00
1.144097413263400576e+01 -6.676866549727930256e+00 -6.218664955428184982e+00 -7.135068144027675530e+00
1.144945000220882747e+01 -6.786436585101101038e+00 -6.328818405484025078e+00 -7.244054764718176997e+00
1.145792587178364741e+01 -6.896413935849995624e+00 -6.439244293927359308e+00 -7.353583577772631941e+00
1.146640174135846912e+01 -7.006334476920081933e+00 -6.549760315500068764e+00 -7.462908638340095102e+00
1.147487761093328906e+01 -7.117019959296845499e+00 -6.660999945189859162e+00 -7.573039973403831837e+00
1.148335348050811078e+01 -7.227731006620224719e+00 -6.771849204253573618e+00 -7.683612808986875820e+00
1.149182935008293072e+01 -7.338801522244824405e+00 -6.883273754151957746e+00 -7.794329290337691063e+00
1.150030521965775243e+01 -7.450477916264556022e+00 -6.995142792130542020e+00 -7.905813040398570024e+00
1.150878108923257415e+01 -7.562158956287933442e+00 -7.107119272641289953e+00 -8.017198639934576931e+00
1.151725695880739408e+01 -7.674463180379234473e+00 -7.219584755980626767e+00 -8.129341604777842178e+00
1.152573282838221580e+01 -7.787113322915557134e+00 -7.332386853977246766e+00 -8.241839791853868391e+00
1.153420869795703574e+01 -7.900024645480795193e+00 -7.445530632804892690e+00 -8.354518658156697697e+00
1.154268456753185745e+01 -8.013433904851641643e+00 -7.559095898427842464e+00 -8.467771911275441710e+00
1.155116043710667739e+01 -8.127122929664396978e+00 -7.672940921326791397e+00 -8.581304938002002558e+00
1.155963630668149911e+01 -8.241149854438718947e+00 -7.787189428155871340e+00 -8.695110280721566554e+00
1.156811217625632082e+01 -8.355729355573153327e+00 -7.901958893029052078e+00 -8.809499818117254577e+00
1.157658804583114076e+01 -8.470458216999187329e+00 -8.017015753900350816e+00 -8.923900680098023841e+00
1.158506391540596248e+01 -8.585541699859218667e+00 -8.132366213198100269e+00 -9.038717186520337066e+00
1.159353978498078419e+01 -8.701138796418897314e+00 -8.248247755816400684e+00 -9.154029837021393945e+00
1.160201565455560413e+01 -8.816719687828564744e+00 -8.364237204986995522e+00 -9.269202170670133967e+00
1.161049152413042584e+01 -8.933030773877787212e+00 -8.481037831432647778e+00 -9.385023716322926646e+00
1.161896739370524578e+01 -9.049423800170846022e+00 -8.597943447010363727e+00 -9.500904153331328317e+00
1.162744326328006750e+01 -9.166032633702039689e+00 -8.715093545050512702e+00 -9.616971722353566676e+00
1.163591913285488744e+01 -9.283290135138539512e+00 -8.832970671880413960e+00 -9.733609598396665064e+00
1.164439500242970915e+01 -9.400460671706190041e+00 -8.950727691663972863e+00 -9.850193651748407220e+00
1.165287087200453087e+01 -9.518164479648357101e+00 -9.069158761570113469e+00 -9.967170197726600733e+00
1.166134674157935081e+01 -9.636079418157438070e+00 -9.187823778308166212e+00 -1.008433505800670993e+01
1.166982261115417252e+01 -9.754079861866671308e+00 -9.306599141627426519e+00 -1.020156058210591610e+01
1.167829848072899246e+01 -9.872496000091068424e+00 -9.425818938375719824e+00 -1.031917306180641702e+01
1.168677435030381417e+01 -9.991081608332802233e+00 -9.545283424062095179e+00 -1.043687979260350929e+01
1.169525021987863411e+01 -1.010986606967456325e+01 -9.664949385501705237e+00 -1.055478275384742126e+01
1.170372608945345583e+01 -1.022900319730415930e+01 -9.784983770806125136e+00 -1.067302262380219346e+01
1.171220195902827754e+01 -1.034816883739909166e+01 -9.905146685693118513e+00 -1.079119098910506480e+01
1.172067782860309748e+01 -1.046754644041514837e+01 -1.002551970092819289e+01 -1.090957317990210385e+01
1.172915369817791920e+01 -1.058733337297274701e+01 -1.014637414048979736e+01 -1.102829260545569667e+01
1.173762956775274091e+01 -1.070697346901320834e+01 -1.026696863592076348e+01 -1.114697830210565321e+01
1.174610543732756085e+01 -1.082720388235792797e+01 -1.038810592444175285e+01 -1.126630184027410309e+01
1.175458130690238256e+01 -1.094740533304374352e+01 -1.050936567668597732e+01 -1.138544498940150973e+01
1.176305717647720250e+01 -1.106761128860925858e+01 -1.063080226242999160e+01 -1.150442031478852556e+01
1.177153304605202422e+01 -1.118844700717938245e+01 -1.075266583952062405e+01 -1.162422817483814086e+01
1.178000891562684416e+01 -1.130909170224749793e+01 -1.087433653659052624e+01 -1.174384686790446963e+01
1.178848478520166587e+01 -1.143021221685942024e+01 -1.099642931987938788e+01 -1.186399511383945260e+01
1.179696065477648759e+01 -1.155153319142154089e+01 -1.111860184439823485e+01 -1.198446453844484694e+01
1.180543652435130753e+01 -1.167288513625870650e+01 -1.124080720960796498e+01 -1.210496306290944801e+01
1.181391239392612924e+01 -1.179454725633795320e+01 -1.136328882617986835e+01 -1.222580568649603805e+01
1.182238826350094918e+01 -1.191636498805181787e+01 -1.148598327426395116e+01 -1.234674670183968459e+01
1.183086413307577089e+01 -1.203864342924762809e+01 -1.160901416824879462e+01 -1.246827269024646156e+01
1.183934000265059083e+01 -1.216126173522200915e+01 -1.173222553099115828e+01 -1.259029793945286002e+01
1.184781587222541255e+01 -1.228383645826588655e+01 -1.185557936867789053e+01 -1.271209354785388257e+01
1.185629174180023426e+01 -1.240674973012628612e+01 -1.197893467649483945e+01 -1.283456478375773280e+01
1.186476761137505420e+01 -1.253003894142609376e+01 -1.210270573648752901e+01 -1.295737214636465851e+01
1.187324348094987592e+01 -1.265401755402874784e+01 -1.222751330417238336e+01 -1.308052180388511232e+01
1.188171935052469763e+01 -1.277821007959383870e+01 -1.235153425658109505e+01 -1.320488590260658235e+01
1.189019522009951757e+01 -1.290239317147243092e+01 -1.247639009534445975e+01 -1.332839624760040209e+01
1.189867108967433929e+01 -1.302716964813726896e+01 -1.260097798108767719e+01 -1.345336131518686074e+01
1.190714695924915922e+01 -1.315245733450052867e+01 -1.272657983228840095e+01 -1.357833483671265640e+01
1.191562282882398094e+01 -1.327831246783890151e+01 -1.285295676310023616e+01 -1.370366817257756686e+01
1.192409869839880088e+01 -1.340476702675670850e+01 -1.297907612007691824e+01 -1.383045793343649876e+01
1.193257456797362259e+01 -1.353143393014525131e+01 -1.310561477085827420e+01 -1.395725308943222842e+01
1.194105043754844431e+01 -1.365851198239039377e+01 -1.323265319130213591e+01 -1.408437077347865163e+01
1.194952630712326425e+01 -1.378638077121310523e+01 -1.336025310713665704e+01 -1.421250843528955343e+01
1.195800217669808596e+01 -1.391461823877367543e+01 -1.348824883202833291e+01 -1.434098764551901795e+01
1.196647804627290590e+01 -1.404358757845447059e+01 -1.361705272545629164e+01 -1.447012243145264954e+01
1.197495391584772761e+01 -1.417325877577201965e+01 -1.374642271175019204e+01 -1.460009483979384726e+01
1.198342978542254755e+01 -1.430313267599033544e+01 -1.387593601068773452e+01 -1.473032934129293636e+01
1.199190565499736927e+01 -1.443363369876305136e+01 -1.400614048144058543e+01 -1.486112691608551728e+01
1.200038152457219098e+01 -1.456506400946085122e+01 -1.413723829097781604e+01 -1.499288972794388641e+01
1.200885739414701092e+01 -1.469673092893225608e+01 -1.426865054674145483e+01 -1.512481131112305732e+01
1.201733326372183264e+01 -1.482930889737777491e+01 -1.440086882792672540e+01 -1.525774896682882442e+01
1.202580913329665435e+01 -1.496244570595262147e+01 -1.453391407363487886e+01 -1.539097733827036407e+01
1.203428500287147429e+01 -1.509555683417078953e+01 -1.466718474932556582e+01 -1.552392891901601324e+01
1.204276087244629601e+01 -1.522990482233010034e+01 -1.480154885164592216e+01 -1.565826079301427853e+01
1.205123674202111594e+01 -1.536409376906382107e+01 -1.493596242037082256e+01 -1.579222511775681959e+01
1.205971261159593766e+01 -1.549905686585097797e+01 -1.507106331324062687e+01 -1.592705041846132907e+01
1.206818848117075760e+01 -1.563430742800192164e+01 -1.520707739305987971e+01 -1.606153746294396356e+01
1.207666435074557931e+01 -1.576962722886231205e+01 -1.534341887794179549e+01 -1.619583557978283039e+01
1.208514022032040103e+01 -1.590549884359328203e+01 -1.548043564041159037e+01 -1.633056204677497192e+01
1.209361608989522097e+01 -1.604128355222668034e+01 -1.561784556246999145e+01 -1.646472154198336924e+01
1.210209195947004268e+01 -1.617709896039817608e+01 -1.575560138486852679e+01 -1.659859653592782536e+01
1.211056782904486262e+01 -1.631290780807982088e+01 -1.589364636909311734e+01 -1.673216924706652264e+01
1.211904369861968433e+01 -1.644825384754823006e+01 -1.603185541456834784e+01 -1.686465228052811227e+01
1.212751956819450427e+01 -1.658323893101043822e+01 -1.617015516404455511e+01 -1.699632269797632134e+01
1.213599543776932599e+01 -1.671794458469601707e+01 -1.630820366110330610e+01 -1.712768550828872804e+01
1.214447130734414770e+01 -1.685184914383631138e+01 -1.644569689871318730e+01 -1.725800138895943547e+01
1.215294717691896764e+01 -1.698528416434752586e+01 -1.658286041683911094e+01 -1.738770791185594078e+01
1.216142304649378936e+01 -1.711824836667367933e+01 -1.671902051596313754e+01 -1.751747621738422112e+01
1.216989891606861107e+01 -1.725047481298943453e+01 -1.685404944873502942e+01 -1.764690017724383964e+01
1.217837478564343101e+01 -1.738311844485401636e+01 -1.698929800143114477e+01 -1.777693888827688795e+01
1.218685065521825273e+01 -1.751492646274253673e+01 -1.712364419201590238e+01 -1.790620873346917108e+01
1.219532652479307266e+01 -1.764675434071396154e+01 -1.725829862213409172e+01 -1.803521005929383136e+01
1.220380239436789438e+01 -1.777823753598135070e+01 -1.739238044875556355e+01 -1.816409462320713786e+01
1.221227826394271432e+01 -1.790906872359328617e+01 -1.752598302098352789e+01 -1.829215442620304444e+01
1.222075413351753603e+01 -1.803991407601875352e+01 -1.765983033661524004e+01 -1.841999781542226700e+01
1.222923000309235775e+01 -1.817002720444648034e+01 -1.779334910745950182e+01 -1.854670530143345886e+01
1.223770587266717769e+01 -1.829963561293134333e+01 -1.792601620679106489e+01 -1.867325501907162177e+01
1.224618174224199940e+01 -1.842891808744039395e+01 -1.805806918353498958e+01 -1.879976699134579832e+01
1.225465761181682112e+01 -1.855741888292701702e+01 -1.819012287058212252e+01 -1.892471489527191153e+01
1.226313348139164106e+01 -1.868537012197619518e+01 -1.832183268034710721e+01 -1.904890756360528314e+01
1.227160935096646099e+01 -1.881294254594829596e+01 -1.845259739766937912e+01 -1.917328769422721280e+01
1.228008522054128271e+01 -1.893954119486170384e+01 -1.858274595491712944e+01 -1.929633643480627825e+01
1.228856109011610442e+01 -1.906560552520333118e+01 -1.871250559532427005e+01 -1.941870545508239232e+01
1.229703695969092436e+01 -1.919093972067837228e+01 -1.884215946799389840e+01 -1.953971997336284616e+01
1.230551282926574608e+01 -1.931521383310118267e+01 -1.897003451662457252e+01 -1.966039314957779283e+01
1.231398869884056779e+01 -1.943933461954440034e+01 -1.909675181170047509e+01 -1.978191742738832559e+01
1.232246456841538773e+01 -1.956212341761710150e+01 -1.922457196471364327e+01 -1.989967487052055972e+01
1.233094043799020945e+01 -1.968420001378127893e+01 -1.935168476867530529e+01 -2.001671525888725256e+01
1.233941630756502938e+01 -1.980531802573942812e+01 -1.947568900031543748e+01 -2.013494705116341876e+01
1.234789217713985110e+01 -1.992509901345325218e+01 -1.959984050212271001e+01 -2.025035752478379436e+01
1.235636804671467104e+01 -2.004436449902461703e+01 -1.972401873031710196e+01 -2.036471026773213211e+01
1.236484391628949275e+01 -2.016240880837215954e+01 -1.984642443635915043e+01 -2.047839318038516865e+01
1.237331978586431447e+01 -2.027922081226451922e+01 -1.996740553442762334e+01 -2.059103609010141511e+01
1.238179565543913441e+01 -2.039497968069131772e+01 -2.008838903870551462e+01 -2.070157032267712083e+01
1.239027152501395612e+01 -2.050922719572984931e+01 -2.020753338919944042e+01 -2.081092100226025821e+01
1.239874739458877784e+01 -2.062217211926770233e+01 -2.032564730652835649e+01 -2.091869693200704816e+01
1.240722326416359778e+01 -2.073388045692416171e+01 -2.044312722360444923e+01 -2.102463369024387418e+01
1.241569913373841771e+01 -2.084387732515983771e+01 -2.055802097216843549e+01 -2.112973367815123993e+01
1.242417500331323943e+01 -2.095251262727957453e+01 -2.067203678528801447e+01 -2.123298846927113459e+01
1.243265087288806114e+01 -2.105952367503900291e+01 -2.078466165410704036e+01 -2.133438569597096546e+01
1.244112674246288108e+01 -2.116452916339174450e+01 -2.089505147244262062e+01 -2.143400685434086839e+01
1.244960261203770280e+01 -2.126823374684203927e+01 -2.100217431214499442e+01 -2.153429318153908412e+01
1.245807848161252451e+01 -2.136948644706796685e+01 -2.110723681990188538e+01 -2.163173607423404832e+01
1.246655435118734445e+01 -2.146873885199841325e+01 -2.121060218535688691e+01 -2.172687551863993960e+01
1.247503022076216617e+01 -2.156615118294061162e+01 -2.130809055738268754e+01 -2.182421180849853570e+01
1.248350609033698611e+01 -2.166094329804051810e+01 -2.140330739895277645e+01 -2.191857919712825975e+01
1.249198195991180782e+01 -2.175387251750487749e+01 -2.149646774591606402e+01 -2.201127728909369097e+01
1.250045782948662776e+01 -2.184416557669664272e+01 -2.158653813668843924e+01 -2.210179301670484620e+01
1.250893369906144947e+01 -2.193194999214390606e+01 -2.167445538822959605e+01 -2.218944459605821606e+01
1.251740956863627119e+01 -2.201728209456090823e+01 -2.176004416510523853e+01 -2.227452002401657793e+01
1.252588543821109113e+01 -2.209979914063067241e+01 -2.184277833571484706e+01 -2.235681994554649776e+01
1.253436130778591284e+01 -2.217974529694794938e+01 -2.192285229883692566e+01 -2.243663829505897311e+01
1.254283717736073456e+01 -2.225704424752812827e+01 -2.200011156733605944e+01 -2.251397692772019710e+01
1.255131304693555450e+01 -2.233136593221948374e+01 -2.207431392115891100e+01 -2.258841794328005648e+01
1.255978891651037443e+01 -2.240289626347214735e+01 -2.214557177242866359e+01 -2.266022075451563111e+01
1.256826478608519615e+01 -2.247137017633487588e+01 -2.221107549599254227e+01 -2.273166485667720949e+01
1.257674065566001786e+01 -2.253666050885532002e+01 -2.227240742339682456e+01 -2.280091359431381548e+01
1.258521652523483780e+01 -2.259920742242851688e+01 -2.233070764999317959e+01 -2.286770719486385417e+01
1.259369239480965952e+01 -2.265842091917063783e+01 -2.238549585265881703e+01 -2.293134598568245863e+01
1.260216826438448123e+01 -2.271457403308667722e+01 -2.243665555072608342e+01 -2.299249251544727102e+01
1.261064413395930117e+01 -2.276749943760787431e+01 -2.248452460497416183e+01 -2.305047427024158679e+01
1.261912000353412289e+01 -2.281705547028390768e+01 -2.252875546412418117e+01 -2.310535547644363419e+01
1.262759587310894283e+01 -2.286375697770531090e+01 -2.256961815104997982e+01 -2.315789580436064199e+01
1.263607174268376454e+01 -2.290722794562664788e+01 -2.260695942072657516e+01 -2.320749647052672060e+01
1.264454761225858448e+01 -2.294763527192015573e+01 -2.264086954681506114e+01 -2.325440099702525032e+01
1.265302348183340619e+01 -2.298512793007977706e+01 -2.267133260884139645e+01 -2.329892325131815767e+01
1.266149935140822791e+01 -2.301969428846539856e+01 -2.269839816127481313e+01 -2.334099041565598398e+01
1.266997522098304785e+01 -2.305159671960423395e+01 -2.272236445267656890e+01 -2.338082898653189901e+01
1.267845109055786956e+01 -2.308095203247158977e+01 -2.274334142301061235e+01 -2.341856264193256720e+01
1.268692696013269128e+01 -2.310783047838931736e+01 -2.276135621397947872e+01 -2.345430474279915600e+01
1.269540282970751122e+01 -2.313252185208742873e+01 -2.277663611902247709e+01 -2.348840758515238036e+01
1.270387869928233116e+01 -2.315524027566578980e+01 -2.278943144301128143e+01 -2.352104910832029816e+01
1.271235456885715287e+01 -2.317621469023233516e+01 -2.280000726968673419e+01 -2.355242211077793613e+01
1.272083043843197459e+01 -2.319588307324168142e+01 -2.280875122825480616e+01 -2.358301491822855667e+01
1.272930630800679452e+01 -2.321439958408756610e+01 -2.281616653605113854e+01 -2.361263263212399366e+01
1.273778217758161624e+01 -2.323218841404001367e+01 -2.282311565059542247e+01 -2.364126117748460487e+01
1.274625804715643795e+01 -2.324967842353276382e+01 -2.283022578410341907e+01 -2.366913106296210856e+01
1.275473391673125789e+01 -2.326688825576720276e+01 -2.283785415246650885e+01 -2.369592235906789668e+01
1.276320978630607961e+01 -2.328380411242407177e+01 -2.284607147948142725e+01 -2.372153674536671630e+01
1.277168565588089955e+01 -2.329993728487674076e+01 -2.285440730364297224e+01 -2.374546726611050929e+01
1.278016152545572126e+01 -2.331511142863465835e+01 -2.286237315102419387e+01 -2.376784970624512283e+01
1.278863739503054120e+01 -2.332930198408561040e+01 -2.286965945304262604e+01 -2.378894451512859476e+01
1.279711326460536291e+01 -2.334248073612697283e+01 -2.287600762082495365e+01 -2.380895385142899201e+01
1.280558913418018463e+01 -2.335476256094717229e+01 -2.288157129622719310e+01 -2.382795382566715148e+01
1.281406500375500457e+01 -2.336619254050618366e+01 -2.288653448416832603e+01 -2.384585059684404129e+01
1.282254087332982628e+01 -2.337679423431989889e+01 -2.289093892142223297e+01 -2.386264954721756482e+01
1.283101674290464800e+01 -2.338665074497107454e+01 -2.289485671528059996e+01 -2.387844477466154913e+01
1.283949261247946794e+01 -2.339580357349643691e+01 -2.289834625014443148e+01 -2.389326089684844234e+01
1.284796848205428788e+01 -2.340428254827417476e+01 -2.290145604977675475e+01 -2.390710904677159476e+01
1.285644435162910959e+01 -2.341217889516656925e+01 -2.290424761921744690e+01 -2.392011017111569160e+01
1.286492022120393131e+01 -2.341947774537317528e+01 -2.290671348399408558e+01 -2.393224200675226498e+01
1.287339609077875124e+01 -2.342624457574623165e+01 -2.290890759605305504e+01 -2.394358155543940825e+01
1.288187196035357296e+01 -2.343253303581701275e+01 -2.291084097264553066e+01 -2.395422509898849484e+01
1.289034782992839467e+01 -2.343830754951100914e+01 -2.291251806758785037e+01 -2.396409703143416792e+01
1.289882369950321461e+01 -2.344368624771322374e+01 -2.291401572950974952e+01 -2.397335676591669795e+01
1.290729956907803633e+01 -2.344865750132700555e+01 -2.291532880402539973e+01 -2.398198619862861136e+01
1.291577543865285627e+01 -2.345326221461416338e+01 -2.291650001870678111e+01 -2.399002441052154566e+01
1.292425130822767798e+01 -2.345754241923912886e+01 -2.291754784334713690e+01 -2.399753699513112082e+01
1.293272717780249792e+01 -2.346150071532031589e+01 -2.291847459072272741e+01 -2.400452683991790437e+01
1.294120304737731963e+01 -2.346518047048745359e+01 -2.291929502524063622e+01 -2.401106591573427096e+01
1.294967891695214135e+01 -2.346859856578352321e+01 -2.292002523882063159e+01 -2.401717189274641484e+01
1.295815478652696129e+01 -2.347176854549373815e+01 -2.292067571039411789e+01 -2.402286138059335840e+01
1.296663065610178300e+01 -2.347471911885682161e+01 -2.292125822525117229e+01 -2.402818001246247093e+01
1.297510652567660472e+01 -2.347746526465242312e+01 -2.292178753373254452e+01 -2.403314299557230171e+01
1.298358239525142466e+01 -2.348002026292979849e+01 -2.292227457772099086e+01 -2.403776594813860612e+01
1.299205826482624460e+01 -2.348241247732139669e+01 -2.292272727265494225e+01 -2.404209768198785113e+01
1.300053413440106631e+01 -2.348464209860096830e+01 -2.292315679046389576e+01 -2.404612740673804083e+01
1.300901000397588803e+01 -2.348672888284781024e+01 -2.292356355682415270e+01 -2.404989420887146778e+01
1.301748587355070796e+01 -2.348869265535718753e+01 -2.292395321924637130e+01 -2.405343209146800376e+01
1.302596174312552968e+01 -2.349052529261657085e+01 -2.292433473008280131e+01 -2.405671585515034039e+01
1.303443761270035139e+01 -2.349225109733370687e+01 -2.292472616847134148e+01 -2.405977602619607225e+01
1.304291348227517133e+01 -2.349387155645709768e+01 -2.292511048812542640e+01 -2.406263262478876896e+01
1.305138935184999305e+01 -2.349538039355859453e+01 -2.292548188090174932e+01 -2.406527890621543975e+01
1.305986522142481299e+01 -2.349677536515315168e+01 -2.292581494332211989e+01 -2.406773578698418348e+01
1.306834109099963470e+01 -2.349805749174957725e+01 -2.292600752632300498e+01 -2.407010745717614952e+01
1.307681696057445464e+01 -2.349923713828900773e+01 -2.292606354181171469e+01 -2.407241073476630078e+01
1.308529283014927636e+01 -2.350030392777299681e+01 -2.292601403806348515e+01 -2.407459381748250848e+01
1.309376869972409807e+01 -2.350125952936478768e+01 -2.292588202497993777e+01 -2.407663703374963760e+01
1.310224456929891801e+01 -2.350212786136221510e+01 -2.292570361825720227e+01 -2.407855210446722793e+01
1.311072043887373972e+01 -2.350292848315695693e+01 -2.292551553932437258e+01 -2.408034142698954128e+01
1.311919630844856144e+01 -2.350367226219822214e+01 -2.292533590631506257e+01 -2.408200861808138171e+01
1.312767217802338138e+01 -2.350436935759256940e+01 -2.292517103358320441e+01 -2.408356768160193440e+01
1.313614804759820132e+01 -2.350501668914484554e+01 -2.292501952047413027e+01 -2.408501385781556081e+01
1.314462391717302303e+01 -2.350561282701179522e+01 -2.292488417166542902e+01 -2.408634148235816141e+01
1.315309978674784475e+01 -2.350615632793880394e+01 -2.292477515163152901e+01 -2.408753750424607887e+01
1.316157565632266468e+01 -2.350664408239623882e+01 -2.292471527033806566e+01 -2.408857289445441197e+01
1.317005152589748640e+01 -2.350708920119217638e+01 -2.292471769135023152e+01 -2.408946071103412123e+01
1.317852739547230811e+01 -2.350749795370111883e+01 -2.292476668079779856e+01 -2.409022922660443911e+01
1.318700326504712805e+01 -2.350787888419141680e+01 -2.292484772820914785e+01 -2.409091004017368576e+01
1.319547913462194977e+01 -2.350824060754457889e+01 -2.292494696963214906e+01 -2.409153424545700872e+01
1.320395500419676971e+01 -2.350857937122510677e+01 -2.292506927864833699e+01 -2.409208946380187655e+01
1.321243087377159142e+01 -2.350889238320817753e+01 -2.292519650669994036e+01 -2.409258825971641471e+01
1.322090674334641136e+01 -2.350918240290442185e+01 -2.292531559698330312e+01 -2.409304920882554057e+01
1.322938261292123308e+01 -2.350945088385968518e+01 -2.292543065581083184e+01 -2.409347111190853852e+01
1.323785848249605479e+01 -2.350969767410325062e+01 -2.292553769864808544e+01 -2.409385764955841580e+01
1.324633435207087473e+01 -2.350992062356172596e+01 -2.292563350209784545e+01 -2.409420774502560647e+01
1.325481022164569644e+01 -2.351011832361024645e+01 -2.292571785828485176e+01 -2.409451878893564114e+01
1.326328609122051816e+01 -2.351029389717103157e+01 -2.292578530475493892e+01 -2.409480248958712423e+01
1.327176196079533810e+01 -2.351045310584034098e+01 -2.292584149195061016e+01 -2.409506471973007180e+01
1.328023783037015981e+01 -2.351060172097605516e+01 -2.292590893119445639e+01 -2.409529451075765394e+01
1.328871369994497975e+01 -2.351074241367841466e+01 -2.292600818439000676e+01 -2.409547664296682257e+01
1.329718956951980147e+01 -2.351087298073889542e+01 -2.292608156743057179e+01 -2.409566439404721905e+01
1.330566543909462141e+01 -2.351099668362435580e+01 -2.292614858792375188e+01 -2.409584477932495972e+01
1.331414130866944312e+01 -2.351110959447239424e+01 -2.292621312965755820e+01 -2.409600605928723027e+01
1.332261717824426484e+01 -2.351121016635599048e+01 -2.292627209441913294e+01 -2.409614823829284802e+01
1.333109304781908477e+01 -2.351130369622081417e+01 -2.292632959903217937e+01 -2.409627779340944898e+01
1.333956891739390649e+01 -2.351138921457859965e+01 -2.292636129762087904e+01 -2.409641713153632026e+01
1.334804478696872643e+01 -2.351146985399502043e+01 -2.292638532690506992e+01 -2.409655438108497094e+01
1.335652065654354814e+01 -2.351154922900202848e+01 -2.292641439094203548e+01 -2.409668406706202148e+01
1.336499652611836808e+01 -2.351162699769486863e+01 -2.292644902977502852e+01 -2.409680496561470875e+01
1.337347239569318980e+01 -2.351170072951486034e+01 -2.292648568066058345e+01 -2.409691577836913723e+01
1.338194826526801151e+01 -2.351176751486764971e+01 -2.292652066982757120e+01 -2.409701435990772822e+01
1.339042413484283145e+01 -2.351182673872929740e+01 -2.292655269206356294e+01 -2.409710078539503186e+01
1.339890000441765316e+01 -2.351188171433820884e+01 -2.292658433751813263e+01 -2.409717909115828505e+01
1.340737587399247488e+01 -2.351193569372332348e+01 -2.292660945861241117e+01 -2.409726192883423579e+01
1.341585174356729482e+01 -2.351198730396473735e+01 -2.292661185052294215e+01 -2.409736275740653255e+01
1.342432761314211653e+01 -2.351203452038214792e+01 -2.292660490532328765e+01 -2.409746413544100818e+01
1.343280348271693647e+01 -2.351208127426870576e+01 -2.292660568306513369e+01 -2.409755686547227782e+01
1.344127935229175819e+01 -2.351213258322804833e+01 -2.292661768733110250e+01 -2.409764747912499416e+01
1.344975522186657813e+01 -2.351219039694943191e+01 -2.292664219083361132e+01 -2.409773860306525251e+01
1.345823109144139984e+01 -2.351225027664654021e+01 -2.292667402517231423e+01 -2.409782652812076620e+01
1.346670696101622156e+01 -2.351230890166300469e+01 -2.292670865917044765e+01 -2.409790914415556173e+01
1.347518283059104149e+01 -2.351236863270258937e+01 -2.292674808149178034e+01 -2.409798918391339839e+01
1.348365870016586321e+01 -2.351243758118918237e+01 -2.292679974909796670e+01 -2.409807541328039804e+01
1.349213456974068315e+01 -2.351252377654511250e+01 -2.292687128322096157e+01 -2.409817626986926342e+01
1.350061043931550486e+01 -2.351261433326010675e+01 -2.292694944305475602e+01 -2.409827922346545748e+01
1.350908630889032480e+01 -2.351269169853790686e+01 -2.292701628945486547e+01 -2.409836710762094825e+01
1.351756217846514652e+01 -2.351275176543957457e+01 -2.292706746091073811e+01 -2.409843606996841103e+01
1.352603804803996823e+01 -2.351279898438101412e+01 -2.292710717376762375e+01 -2.409849079499440450e+01
1.353451391761478817e+01 -2.351283791269405654e+01 -2.292713975513380475e+01 -2.409853607025430833e+01
1.354298978718960988e+01 -2.351287150001578041e+01 -2.292716799992895105e+01 -2.409857500010260978e+01
1.355146565676443160e+01 -2.351290061557648414e+01 -2.292719261937953945e+01 -2.409860861177342883e+01
1.355994152633925154e+01 -2.351292601786059677e+01 -2.292721422513833929e+01 -2.409863781058285426e+01
1.356841739591407148e+01 -2.351295013963507330e+01 -2.292723516967692632e+01 -2.409866510959322028e+01
1.357689326548889319e+01 -2.351297345583704868e+01 -2.292725581021008807e+01 -2.409869110146400928e+01
1.358536913506371491e+01 -2.351299327978282250e+01 -2.292727339209687898e+01 -2.409871316746876602e+01
1.359384500463853485e+01 -2.351300977753748711e+01 -2.292728803109766034e+01 -2.409873152397731388e+01
1.360232087421335656e+01 -2.351302666392038887e+01 -2.292730335635783945e+01 -2.409874997148293829e+01
1.361079674378817828e+01 -2.351304438079019121e+01 -2.292731977164223167e+01 -2.409876898993815075e+01
1.361927261336299821e+01 -2.351305992674454259e+01 -2.292733422622836414e+01 -2.409878562726072104e+01
1.362774848293781993e+01 -2.351307297988824629e+01 -2.292734636691981009e+01 -2.409879959285668249e+01
1.363622435251264164e+01 -2.351308384977398447e+01 -2.292735647696930101e+01 -2.409881122257866792e+01
1.364470022208746158e+01 -2.351309294045858422e+01 -2.292736493218892591e+01 -2.409882094872824254e+01
1.365317609166228152e+01 -2.351310209932247375e+01 -2.292737356186858477e+01 -2.409883063677636272e+01
1.366165196123710324e+01 -2.351311465684359803e+01 -2.292738567963434448e+01 -2.409884363405285157e+01
1.367012783081192495e+01 -2.351312911210901291e+01 -2.292739976883142106e+01 -2.409885845538660476e+01
1.367860370038674489e+01 -2.351314156767048758e+01 -2.292741192098654679e+01 -2.409887121435442836e+01
1.368707956996156661e+01 -2.351315188791478406e+01 -2.292742198983891200e+01 -2.409888178599065611e+01
1.369555543953638832e+01 -2.351316046671323079e+01 -2.292743035966549314e+01 -2.409889057376096844e+01
1.370403130911120826e+01 -2.351316753352834965e+01 -2.292743725433930990e+01 -2.409889781271738940e+01
1.371250717868602820e+01 -2.351317338691384151e+01 -2.292744296514155877e+01 -2.409890380868612425e+01
1.372098304826085169e+01 -2.351317821525805485e+01 -2.292744767587162258e+01 -2.409890875464448712e+01
1.372945891783567163e+01 -2.351318217880890771e+01 -2.292745154287391784e+01 -2.409891281474389757e+01
1.450000000000000000e+01 -2.351318217880890771e+01 -2.292745154287391784e+01 -2.409891281474389757e+01
