# # logMh LcMh -err(LcMh) +err(LcMh)
9.500000000000000000e+00 1.139797706997703663e+01 1.196571971221310449e+01 1.083023442774096878e+01
9.507644547612258634e+00 1.134004880942136850e+01 1.190705998067850224e+01 1.077303763816423476e+01
9.515289095224517268e+00 1.128260601984711187e+01 1.184945843449049896e+01 1.071575360520372477e+01
9.522933642836775903e+00 1.122491473115096028e+01 1.179146812247252640e+01 1.065836133982939415e+01
9.530578190449034537e+00 1.116712637870142366e+01 1.173331793163808534e+01 1.060093482576476198e+01
9.538222738061293171e+00 1.110939889166123784e+01 1.167525578960216137e+01 1.054354199372031431e+01
9.545867285673551805e+00 1.105150334993123984e+01 1.161688512258051631e+01 1.048612157728196337e+01
9.553511833285810440e+00 1.099343978508423803e+01 1.155876710101829374e+01 1.042811246915018231e+01
9.561156380898069074e+00 1.093533143337856828e+01 1.150027261689257152e+01 1.037039024986456504e+01
9.568800928510327708e+00 1.087711828030014871e+01 1.144181986566216125e+01 1.031241669493813617e+01
9.576445476122586342e+00 1.081878534448169660e+01 1.138312677489361668e+01 1.025444391406977651e+01
9.584090023734844976e+00 1.076038702838621575e+01 1.132443749803740829e+01 1.019633655873502320e+01
9.591734571347103611e+00 1.070192418910697718e+01 1.126595348081503545e+01 1.013789489739891891e+01
9.599379118959362245e+00 1.064320637981297502e+01 1.120685930911389150e+01 1.007955345051205853e+01
9.607023666571620879e+00 1.058452372511269068e+01 1.114809058848334899e+01 1.002095686174203237e+01
9.614668214183879513e+00 1.052569542822366699e+01 1.108893795590707221e+01 9.962452900540261780e+00
9.622312761796138147e+00 1.046673972110316342e+01 1.102976555147265714e+01 9.903713890733669700e+00
9.629957309408396782e+00 1.040774466357898831e+01 1.097057285625890977e+01 9.844916470899066852e+00
9.637601857020655416e+00 1.034867593299918731e+01 1.091129335960400937e+01 9.786058506394365253e+00
9.645246404632912274e+00 1.028940282623019442e+01 1.085190970268611643e+01 9.726895949774272410e+00
9.652890952245170908e+00 1.023006847840766120e+01 1.079229392030171120e+01 9.667843036513611210e+00
9.660535499857429542e+00 1.017062077269428322e+01 1.073261114258980520e+01 9.608630402798761239e+00
9.668180047469688176e+00 1.011106312164912424e+01 1.067284302662276474e+01 9.549283216675483743e+00
9.675824595081946811e+00 1.005145949290624685e+01 1.061304222184414314e+01 9.489876763968350559e+00
9.683469142694205445e+00 9.991733809037331326e+00 1.055305911631793236e+01 9.430408501756730288e+00
9.691113690306464079e+00 9.931835180832555565e+00 1.049282046369289034e+01 9.370849897972220788e+00
9.698758237918722713e+00 9.871901799182193571e+00 1.043258856405025270e+01 9.311215034314134442e+00
9.706402785530981348e+00 9.811929208207024189e+00 1.037223878318847703e+01 9.251619633225571349e+00
9.714047333143239982e+00 9.751788769754654140e+00 1.031175640504303992e+01 9.191821134466268362e+00
9.721691880755498616e+00 9.691661263221991618e+00 1.025124773227576114e+01 9.132074794168222098e+00
9.729336428367757250e+00 9.631403455120237211e+00 1.019052820868753173e+01 9.072278701552942692e+00
9.736980975980015884e+00 9.571009685396397515e+00 1.012962411069305091e+01 9.012395260099744121e+00
9.744625523592274519e+00 9.510620765075163519e+00 1.006876539623306321e+01 8.952476133917263823e+00
9.752270071204533153e+00 9.450177688960469169e+00 1.000784351635655511e+01 8.892511861564383224e+00
9.759914618816791787e+00 9.389597175125039996e+00 9.946750583919616417e+00 8.832443766330463575e+00
9.767559166429050421e+00 9.329049224038136856e+00 9.885604558096916961e+00 8.772493889979356751e+00
9.775203714041309055e+00 9.268314350036073179e+00 9.824341874057681778e+00 8.712286826014464580e+00
9.782848261653567690e+00 9.207497283493236040e+00 9.763046582877862534e+00 8.651947984108609546e+00
9.790492809265826324e+00 9.146710134380802160e+00 9.701836787432169373e+00 8.591583481329434946e+00
9.798137356878084958e+00 9.085826628540921490e+00 9.640561040895166300e+00 8.531092216186676680e+00
9.805781904490343592e+00 9.024772836088741812e+00 9.578967642105238767e+00 8.470578030072244857e+00
9.813426452102602227e+00 8.963751432287855536e+00 9.517416393029472843e+00 8.410086471546238229e+00
9.821070999714860861e+00 8.902512314109204183e+00 9.455657329826987478e+00 8.349367298391420888e+00
9.828715547327119495e+00 8.841219047511781781e+00 9.393801423037002607e+00 8.288636671986560955e+00
9.836360094939378129e+00 8.779913396870592024e+00 9.331996140276325846e+00 8.227830653464858202e+00
9.844004642551636763e+00 8.718493093177544395e+00 9.270193874301932979e+00 8.166792312053155811e+00
9.851649190163895398e+00 8.656909230002083788e+00 9.208222369988984468e+00 8.105596090015183108e+00
9.859293737776154032e+00 8.595401790791411756e+00 9.146369707981866881e+00 8.044433873600956630e+00
9.866938285388412666e+00 8.533629098806512658e+00 9.084205797172415942e+00 7.983052400440608487e+00
9.874582833000671300e+00 8.471790836167572891e+00 9.021896043633558904e+00 7.921685628701586879e+00
9.882227380612929935e+00 8.409900812240817203e+00 8.959620306625202701e+00 7.860181317856431704e+00
9.889871928225188569e+00 8.347903037261229287e+00 8.897285504316025495e+00 7.798520570206432190e+00
9.897516475837447203e+00 8.285779162918817775e+00 8.834745770608744664e+00 7.736812555228889998e+00
9.905161023449705837e+00 8.223680148102193499e+00 8.772255988178930153e+00 7.675104308025456845e+00
9.912805571061962695e+00 8.161279150002551219e+00 8.709420306222751762e+00 7.613137993782350676e+00
9.920450118674221329e+00 8.098872608697318398e+00 8.646708615076329707e+00 7.551036602318307089e+00
9.928094666286479963e+00 8.036409689439409476e+00 8.583841984473744802e+00 7.488977394405074151e+00
9.935739213898738598e+00 7.973805648476805175e+00 8.520817933748151773e+00 7.426793363205457688e+00
9.943383761510997232e+00 7.911060998844203773e+00 8.457725737190278537e+00 7.364396260498129010e+00
9.951028309123255866e+00 7.848344654166707457e+00 8.394719246408394397e+00 7.301970061925021405e+00
9.958672856735514500e+00 7.785354739406630031e+00 8.331419843877089448e+00 7.239289634936170614e+00
9.966317404347773135e+00 7.722345804258311297e+00 8.267999327307132162e+00 7.176692281209490432e+00
9.973961951960031769e+00 7.659232958428097149e+00 8.204469155900412147e+00 7.113996760955781262e+00
9.981606499572290403e+00 7.595973160769875498e+00 8.140928573705263460e+00 7.051017747834487537e+00
9.989251047184549037e+00 7.532627063837674442e+00 8.077364002043278646e+00 6.987890125632070237e+00
9.996895594796807671e+00 7.469280225257705297e+00 8.013626774745345571e+00 6.924933675770064134e+00
1.000454014240906631e+01 7.405623742834851697e+00 7.949538055231116118e+00 6.861709430438587276e+00
1.001218469002132494e+01 7.341894706160521977e+00 7.885420590223112924e+00 6.798368822097931030e+00
1.001982923763358357e+01 7.278148973824782431e+00 7.821457506007094551e+00 6.734840441642470310e+00
1.002747378524584221e+01 7.214211680453733067e+00 7.757246004660077965e+00 6.671177356247388168e+00
1.003511833285810084e+01 7.150171836412796189e+00 7.692854405465306300e+00 6.607489267360286078e+00
1.004276288047035948e+01 7.086083622052451680e+00 7.628485398849469412e+00 6.543681845255433949e+00
1.005040742808261811e+01 7.021647200275749512e+00 7.563862584994459404e+00 6.479431815557039620e+00
1.005805197569487675e+01 6.957307358969385902e+00 7.499280749846515270e+00 6.415333968092256534e+00
1.006569652330713538e+01 6.892853011872088764e+00 7.434587338004843282e+00 6.351118685739334246e+00
1.007334107091939401e+01 6.828154318111767651e+00 7.369548119437927980e+00 6.286760516785607322e+00
1.008098561853165265e+01 6.763350879554424822e+00 7.304473417111290168e+00 6.222228341997559475e+00
1.008863016614391128e+01 6.698463000205250317e+00 7.239387913551198928e+00 6.157538086859301707e+00
1.009627471375616992e+01 6.633389293328634473e+00 7.174108678745886536e+00 6.092669907911382410e+00
1.010391926136842855e+01 6.568283294083450130e+00 7.108676982633919117e+00 6.027889605532981143e+00
1.011156380898068718e+01 6.502947641857455885e+00 7.043071492389088917e+00 5.962823791325822853e+00
1.011920835659294582e+01 6.437422504699333636e+00 6.977333303945778553e+00 5.897511705452888719e+00
1.012685290420520445e+01 6.371872377517922459e+00 6.911567919749781019e+00 5.832176835286063898e+00
1.013449745181746309e+01 6.306231518639354938e+00 6.845667834613276881e+00 5.766795202665432996e+00
1.014214199942972172e+01 6.240389566359478835e+00 6.779524930285899309e+00 5.701254202433058360e+00
1.014978654704198036e+01 6.174373421945144713e+00 6.713228699662217025e+00 5.635518144228072401e+00
1.015743109465423899e+01 6.108300078232270280e+00 6.647062714275199014e+00 5.569537442189341547e+00
1.016507564226649762e+01 6.042002442085791181e+00 6.580554007222702673e+00 5.503450876948879689e+00
1.017272018987875626e+01 5.975760740984936703e+00 6.513956223750958507e+00 5.437565258218914899e+00
1.018036473749101489e+01 5.909235667141921056e+00 6.447175040989165495e+00 5.371296293294676616e+00
1.018800928510327353e+01 5.842453913022924716e+00 6.380244218417162827e+00 5.304663607628686606e+00
1.019565383271553038e+01 5.775726458770494176e+00 6.313301041023682281e+00 5.238151876517306071e+00
1.020329838032778902e+01 5.708963888170572432e+00 6.246319328637897073e+00 5.171608447703247791e+00
1.021094292794004765e+01 5.641855163403910467e+00 6.178904112219744782e+00 5.104806214588076152e+00
1.021858747555230629e+01 5.574658503821457778e+00 6.111440096261806509e+00 5.037876911381109046e+00
1.022623202316456492e+01 5.507330536216326067e+00 6.043818759018750875e+00 4.970842313413901259e+00
1.023387657077682356e+01 5.439888020449940242e+00 5.976075968347052125e+00 4.903700072552828360e+00
1.024152111838908219e+01 5.372371393522739957e+00 5.908262550092913123e+00 4.836480236952566791e+00
1.024916566600134082e+01 5.304776530884053543e+00 5.840340016474891982e+00 4.769213045293215103e+00
1.025681021361359946e+01 5.236780296710380256e+00 5.772010510972553021e+00 4.701550082448207490e+00
1.026445476122585809e+01 5.168926280315838895e+00 5.703886921878016381e+00 4.633965638753661409e+00
1.027209930883811673e+01 5.100840440690759259e+00 5.635446538389697224e+00 4.566234342991821293e+00
1.027974385645037536e+01 5.032642162335752900e+00 5.566847294990115103e+00 4.498437029681390698e+00
1.028738840406263400e+01 4.964364393019240040e+00 5.498202642369279580e+00 4.430526143669200501e+00
1.029503295167489263e+01 4.895927851563286914e+00 5.429407763982206703e+00 4.362447939144367126e+00
1.030267749928715126e+01 4.827271168557585312e+00 5.360350177160531970e+00 4.294192159954638655e+00
1.031032204689940990e+01 4.758724409040691050e+00 5.291391932512538254e+00 4.226056885568843846e+00
1.031796659451166853e+01 4.689964283951753465e+00 5.222157337129852195e+00 4.157771230773654736e+00
1.032561114212392717e+01 4.620997035179242651e+00 5.152819824560289419e+00 4.089174245798195884e+00
1.033325568973618580e+01 4.551961925730384273e+00 5.083371198266983804e+00 4.020552653193784742e+00
1.034090023734844443e+01 4.482867037792690468e+00 5.013756174697789447e+00 3.951977900887591488e+00
1.034854478496070307e+01 4.413587870059178186e+00 4.943990776405837728e+00 3.883184963712519089e+00
1.035618933257296170e+01 4.344441345755027051e+00 4.874375165632792495e+00 3.814507525877261607e+00
1.036383388018522034e+01 4.274861854138340966e+00 4.804373459523096024e+00 3.745350248753585465e+00
1.037147842779747897e+01 4.205224397952495252e+00 4.734274127718084202e+00 3.676174668186906302e+00
1.037912297540973761e+01 4.135612161907377349e+00 4.664060593637244345e+00 3.607163730177510352e+00
1.038676752302199624e+01 4.065910846164328518e+00 4.593736247320721944e+00 3.538085445007935093e+00
1.039441207063425487e+01 3.996026383159781314e+00 4.523396044815719108e+00 3.468656721503843521e+00
1.040205661824651351e+01 3.926109604950143162e+00 4.453105985829392210e+00 3.399113224070893668e+00
1.040970116585877214e+01 3.855903094784733920e+00 4.382223858184769227e+00 3.329582331384699057e+00
1.041734571347103078e+01 3.785698398194757175e+00 4.311414882399627224e+00 3.259981913989887126e+00
1.042499026108328941e+01 3.715537493156761517e+00 4.240702654845327935e+00 3.190372331468195544e+00
1.043263480869554805e+01 3.645162168326046448e+00 4.169803457738624708e+00 3.120520878913468188e+00
1.044027935630780668e+01 3.574565580292418776e+00 4.098764226501564245e+00 3.050366934083273307e+00
1.044792390392006531e+01 3.503985816929001018e+00 4.027784656091704107e+00 2.980186977766298373e+00
1.045556845153232217e+01 3.433236261870620254e+00 3.956181847165491927e+00 2.910290676575748581e+00
1.046321299914458081e+01 3.362484590195640610e+00 3.884923156735982985e+00 2.840046023655298235e+00
1.047085754675683944e+01 3.291624169916754994e+00 3.813828209875701702e+00 2.769420129957808285e+00
1.047850209436909807e+01 3.220443738069842521e+00 3.742145202857038111e+00 2.698742273282646931e+00
1.048614664198135671e+01 3.149160896733781634e+00 3.670180993757069743e+00 2.628140799710493525e+00
1.049379118959361534e+01 3.077958099433771189e+00 3.598400861167966980e+00 2.557515337699575397e+00
1.050143573720587398e+01 3.006572647734716774e+00 3.526856097714489824e+00 2.486289197754943725e+00
1.050908028481813261e+01 2.934890114799705074e+00 3.454734112776878252e+00 2.415046116822531896e+00
1.051672483243039125e+01 2.863140679018379764e+00 3.382582327713198556e+00 2.343699030323560972e+00
1.052436938004264988e+01 2.791155172714225419e+00 3.310187383150510865e+00 2.272122962277939973e+00
1.053201392765490851e+01 2.719130794563132003e+00 3.237796197991289926e+00 2.200465391134974080e+00
1.053965847526716715e+01 2.647001262767802565e+00 3.165499276849822685e+00 2.128503248685782445e+00
1.054730302287942578e+01 2.574513294339246361e+00 3.092997074120974688e+00 2.056029514557518034e+00
1.055494757049168442e+01 2.501791344476668399e+00 3.020361417670998083e+00 1.983221271282338716e+00
1.056259211810394305e+01 2.429065767140301091e+00 2.947068325628755758e+00 1.911063208651846201e+00
1.057023666571620168e+01 2.356063463971007188e+00 2.873875167264825059e+00 1.838251760677189317e+00
1.057788121332846032e+01 2.282929753190238387e+00 2.800949497924679399e+00 1.764910008455797596e+00
1.058552576094071895e+01 2.209530332355497784e+00 2.727648739708699033e+00 1.691411925002296313e+00
1.059317030855297759e+01 2.135813791199336453e+00 2.653485366391994837e+00 1.618142216006678069e+00
1.060081485616523622e+01 2.062031136243204887e+00 2.579260484967655476e+00 1.544801787518754299e+00
1.060845940377749486e+01 1.988370149862750846e+00 2.506200356005645169e+00 1.470539943719856524e+00
1.061610395138975349e+01 1.914132449447141004e+00 2.431843121525874896e+00 1.396421777368407113e+00
1.062374849900201212e+01 1.839748423206046812e+00 2.357022399361942355e+00 1.322474447050151269e+00
1.063139304661427076e+01 1.765231514370815047e+00 2.281972508566322944e+00 1.248490520175307150e+00
1.063903759422652939e+01 1.690631779187274031e+00 2.207348407939332624e+00 1.173915150435215438e+00
1.064668214183878803e+01 1.615978701315174737e+00 2.133313360041372508e+00 1.098644042588976966e+00
1.065432668945104666e+01 1.541063835594094433e+00 2.057804329300481960e+00 1.024323341887706906e+00
1.066197123706330530e+01 1.465609115392441320e+00 1.981285696981199385e+00 9.499325338036832544e-01
1.066961578467556393e+01 1.390291181567938628e+00 1.906030516437112965e+00 8.745518466987642903e-01
1.067726033228782256e+01 1.314895830009876532e+00 1.831158383564976067e+00 7.986332764547769969e-01
1.068490487990008120e+01 1.239220517363908591e+00 1.755378850667779655e+00 7.230621840600376382e-01
1.069254942751233983e+01 1.163282361099841511e+00 1.678618899070124515e+00 6.479458231295585069e-01
1.070019397512459847e+01 1.087285045083161039e+00 1.601803859821652853e+00 5.727662303446692249e-01
1.070783852273685710e+01 1.010937633869500196e+00 1.526074991092714495e+00 4.958002766462857869e-01
1.071548307034911574e+01 9.346217382723971401e-01 1.450229808704643464e+00 4.190136678401507053e-01
1.072312761796137437e+01 8.580148152807278716e-01 1.372972139431227756e+00 3.430574911302278762e-01
1.073077216557363300e+01 7.811406719962399325e-01 1.295162638551112799e+00 2.671187054413671769e-01
1.073841671318589164e+01 7.041795048457111239e-01 1.217905876697686463e+00 1.904531329937357853e-01
1.074606126079815027e+01 6.271568721792790679e-01 1.141350441129178162e+00 1.129633032293798633e-01
1.075370580841040713e+01 5.496464908257167048e-01 1.063961800077270814e+00 3.533118157416259564e-02
1.076135035602266576e+01 4.722656493245409592e-01 9.855148572064089674e-01 -4.098355855732704889e-02
1.076899490363492440e+01 3.945274877185597773e-01 9.070536775838886623e-01 -1.179987021467690522e-01
1.077663945124718303e+01 3.166195919406087356e-01 8.291828291862276545e-01 -1.959436453050101834e-01
1.078428399885944167e+01 2.386725137527926088e-01 7.514017294454524709e-01 -2.740567019398671977e-01
1.079192854647170030e+01 1.605512781469033146e-01 6.731512921650231185e-01 -3.520487358712165449e-01
1.079957309408395894e+01 8.200678247313804292e-02 5.940650451703213264e-01 -4.300514802240452128e-01
1.080721764169621757e+01 3.467162523585068292e-03 5.144431052582869590e-01 -5.075087802111168944e-01
1.081486218930847620e+01 -7.522132821297015937e-02 4.357426676041015745e-01 -5.861853240300418655e-01
1.082250673692073484e+01 -1.541572268337179918e-01 3.567837652308212260e-01 -6.650982188982572652e-01
1.083015128453299347e+01 -2.331926497766892703e-01 2.774786851602953908e-01 -7.438639847136739869e-01
1.083779583214525211e+01 -3.124552913483454319e-01 1.975358262639936302e-01 -8.224464089606844386e-01
1.084544037975751074e+01 -3.919877865516632753e-01 1.171723906712238139e-01 -9.011479637745503091e-01
1.085308492736976937e+01 -4.714363360313550411e-01 3.762015134250495940e-02 -9.804928234052150415e-01
1.086072947498202801e+01 -5.512622942570245543e-01 -4.234851595480892961e-02 -1.060176072559240179e+00
1.086837402259428664e+01 -6.313259375717881206e-01 -1.227807586834372966e-01 -1.139871116460138945e+00
1.087601857020654528e+01 -7.113076214503998296e-01 -2.033434987216337086e-01 -1.219271744179165839e+00
1.088366311781880391e+01 -7.915811428076202638e-01 -2.842314648184370851e-01 -1.298930820796803332e+00
1.089130766543106255e+01 -8.721602467533675629e-01 -3.652332798070943021e-01 -1.379087213699640824e+00
1.089895221304332118e+01 -9.527321431901368820e-01 -4.460517583849363810e-01 -1.459412527995337383e+00
1.090659676065557981e+01 -1.033542608507150851e+00 -5.272450317649712836e-01 -1.539840185249330418e+00
1.091424130826783845e+01 -1.114581748555649954e+00 -6.087702923674156441e-01 -1.620393204743884263e+00
1.092188585588009708e+01 -1.195631402296817525e+00 -6.904273186211365987e-01 -1.700835485972498340e+00
1.092953040349235572e+01 -1.277025547072292655e+00 -7.721825537170892151e-01 -1.781868540427496095e+00
1.093717495110461435e+01 -1.358607639394134203e+00 -8.540739347688258709e-01 -1.863141344019442425e+00
1.094481949871687299e+01 -1.440236148209545153e+00 -9.361490862508979882e-01 -1.944323210168192428e+00
1.095246404632913162e+01 -1.522136349281661527e+00 -1.018468050617065801e+00 -2.025804647946257475e+00
1.096010859394139025e+01 -1.604291602631176872e+00 -1.101107997372410718e+00 -2.107475207889943025e+00
1.096775314155364889e+01 -1.686349602765740086e+00 -1.183539691415343986e+00 -2.189159514116136407e+00
1.097539768916590752e+01 -1.768884519054683357e+00 -1.266475893190608826e+00 -2.271293144918757889e+00
1.098304223677816616e+01 -1.851587919922738301e+00 -1.349533243284579020e+00 -2.353642596560897360e+00
1.099068678439042479e+01 -1.934355716610539844e+00 -1.432621424957080558e+00 -2.436090008263999351e+00
1.099833133200268165e+01 -2.017349600099905160e+00 -1.515935521168235267e+00 -2.518763679031574831e+00
1.100597587961494028e+01 -2.100653229562063018e+00 -1.599541328747363211e+00 -2.601765130376763047e+00
1.101362042722719892e+01 -2.183832412781065546e+00 -1.683105774549571887e+00 -2.684559051012559205e+00
1.102126497483945755e+01 -2.267615393828339432e+00 -1.767220441932566555e+00 -2.768010345724112309e+00
1.102890952245171619e+01 -2.351472131183398595e+00 -1.851266526511741839e+00 -2.851677735855055573e+00
1.103655407006397482e+01 -2.435449585486382240e+00 -1.935418624268274268e+00 -2.935480546704490212e+00
1.104419861767623345e+01 -2.519692842310777170e+00 -2.019907223611913327e+00 -3.019478461009641013e+00
1.105184316528849209e+01 -2.604144922534099127e+00 -2.104658830996455343e+00 -3.103631014071742911e+00
1.105948771290075072e+01 -2.688616650317104728e+00 -2.189319333919780952e+00 -3.187913966714428504e+00
1.106713226051300936e+01 -2.773684026266027391e+00 -2.274618916963444537e+00 -3.272749135568610246e+00
1.107477680812526799e+01 -2.858841500604272223e+00 -2.359819835823620870e+00 -3.357863165384923576e+00
1.108242135573752662e+01 -2.944173548088678150e+00 -2.445210665368234171e+00 -3.443136430809122128e+00
1.109006590334978526e+01 -3.029761086199687092e+00 -2.530957346984208378e+00 -3.528564825415165807e+00
1.109771045096204389e+01 -3.115579086239743223e+00 -2.617026219516392249e+00 -3.614131952963094196e+00
1.110535499857430253e+01 -3.201491865777832846e+00 -2.702959534461767621e+00 -3.700024197093898071e+00
1.111299954618656116e+01 -3.287920205227752302e+00 -2.789487752243243079e+00 -3.786352658212261524e+00
1.112064409379881980e+01 -3.374613706456345064e+00 -2.876151588244700186e+00 -3.873075824667989941e+00
1.112828864141107843e+01 -3.461411474190969617e+00 -2.962838141329569464e+00 -3.959984807052369771e+00
1.113593318902333706e+01 -3.548507304047194832e+00 -3.049945705253071182e+00 -4.047068902841318483e+00
1.114357773663559570e+01 -3.635902493512498168e+00 -3.137472045969948997e+00 -4.134332941055046895e+00
1.115122228424785433e+01 -3.723400838934498580e+00 -3.224941960190046863e+00 -4.221859717678950297e+00
1.115886683186011297e+01 -3.811545398430201459e+00 -3.312760225303225781e+00 -4.310330571557177137e+00
1.116651137947237160e+01 -3.899742400793553276e+00 -3.400901826402864980e+00 -4.398582975184242017e+00
1.117415592708463024e+01 -3.988222382464232663e+00 -3.489473070556408096e+00 -4.486971694372057229e+00
1.118180047469688887e+01 -4.077053815731969344e+00 -3.578322316954384075e+00 -4.575785314509555057e+00
1.118944502230914750e+01 -4.166054521605816241e+00 -3.667134431203620704e+00 -4.664974612008011334e+00
1.119708956992140614e+01 -4.255238216857301303e+00 -3.756073472678018277e+00 -4.754402961036584330e+00
1.120473411753366477e+01 -4.345165803240304214e+00 -3.845782045939865057e+00 -4.844549560540743371e+00
1.121237866514592341e+01 -4.435020275071080320e+00 -3.935616868399249402e+00 -4.934423681742910794e+00
1.122002321275818204e+01 -4.525303993241471368e+00 -4.025866690957948357e+00 -5.024741295524994378e+00
1.122766776037044067e+01 -4.615937505871356983e+00 -4.116331425494583307e+00 -5.115543586248130659e+00
1.123531230798269931e+01 -4.706735762511501164e+00 -4.206938412029929353e+00 -5.206533112993072976e+00
1.124295685559495794e+01 -4.797825033611103684e+00 -4.297864724964327365e+00 -5.297785342257880004e+00
1.125060140320721658e+01 -4.889462360980647126e+00 -4.389337603409560806e+00 -5.389587118551733447e+00
1.125824595081947521e+01 -4.981164313203857219e+00 -4.480976543055942507e+00 -5.481352083351771931e+00
1.126589049843173385e+01 -5.073231247917661335e+00 -4.572980657940086680e+00 -5.573481837895235991e+00
1.127353504604399248e+01 -5.165690562573179712e+00 -4.665311948456809965e+00 -5.666069176689549458e+00
1.128117959365625111e+01 -5.258315383648433539e+00 -4.757820913036112209e+00 -5.758809854260754868e+00
1.128882414126850975e+01 -5.351285494939594045e+00 -4.850735632071256020e+00 -5.851835357807932070e+00
1.129646868888076838e+01 -5.444694363346810562e+00 -4.944109107591388330e+00 -5.945279619102232793e+00
1.130411323649302524e+01 -5.538205492739331604e+00 -5.037544643254170396e+00 -6.038866342224492811e+00
1.131175778410528387e+01 -5.631995478894641138e+00 -5.131578063695112490e+00 -6.132412894094169786e+00
1.131940233171754251e+01 -5.726297498424166577e+00 -5.225962495977618083e+00 -6.226632500870715070e+00
1.132704687932980114e+01 -5.820608695775433716e+00 -5.320453303693920333e+00 -6.320764087856947100e+00
1.133469142694205978e+01 -5.915320899278166067e+00 -5.415386511003742243e+00 -6.415255287552589891e+00
1.134233597455431841e+01 -6.010416246965409215e+00 -5.510661703797463673e+00 -6.510170790133354757e+00
1.134998052216657705e+01 -6.105562486332480887e+00 -5.606058410418530258e+00 -6.605066562246431516e+00
1.135762506977883568e+01 -6.200937447789154788e+00 -5.701832215482886212e+00 -6.700042680095423364e+00
1.136526961739109431e+01 -6.296828316912622014e+00 -5.798122737833532270e+00 -6.795533895991711759e+00
1.137291416500335295e+01 -6.392650339496308121e+00 -5.894456670928969189e+00 -6.890844008063647053e+00
1.138055871261561158e+01 -6.488887969111029719e+00 -5.991194098136642054e+00 -6.986581840085417383e+00
1.138820326022787022e+01 -6.585383683361184737e+00 -6.088090151002629291e+00 -7.082677215719740182e+00
1.139584780784012885e+01 -6.681914402170797906e+00 -6.185080921007974908e+00 -7.178747883333620905e+00
1.140349235545238749e+01 -6.778582901239159852e+00 -6.282698285408438998e+00 -7.274467517069880707e+00
1.141113690306464612e+01 -6.875763362077258023e+00 -6.380295346401474887e+00 -7.371231377753041158e+00
1.141878145067690475e+01 -6.972911446913644617e+00 -6.477834939423505745e+00 -7.467987954403783490e+00
1.142642599828916339e+01 -7.070430409407705952e+00 -6.575732506313379133e+00 -7.565128312502032770e+00
1.143407054590142202e+01 -7.168206330603547727e+00 -6.673949465310378137e+00 -7.662463195896717316e+00
1.144171509351368066e+01 -7.266229543146841330e+00 -6.772379811686941586e+00 -7.760079274606741073e+00
1.144935964112593929e+01 -7.364542835171132396e+00 -6.870910801746215490e+00 -7.858174868596049301e+00
1.145700418873819793e+01 -7.463009150339114939e+00 -6.969480616887721247e+00 -7.956537683790508630e+00
1.146464873635045656e+01 -7.561757386575454376e+00 -7.068689615463675580e+00 -8.054825157687233173e+00
1.147229328396271519e+01 -7.661232236528138451e+00 -7.168276056841582644e+00 -8.154188416214694257e+00
1.147993783157497383e+01 -7.760649408212350941e+00 -7.267669410298034371e+00 -8.253629406126666623e+00
1.148758237918723246e+01 -7.860261607619579927e+00 -7.367415332542984530e+00 -8.353107882696175324e+00
1.149522692679949110e+01 -7.960412623947318522e+00 -7.467922712317037082e+00 -8.452902535577599963e+00
1.150287147441174973e+01 -8.061001107067633953e+00 -7.568703035607043716e+00 -8.553299178528224189e+00
1.151051602202400836e+01 -8.161238310089300896e+00 -7.669035544065546439e+00 -8.653441076113054464e+00
1.151816056963626700e+01 -8.262469386248296743e+00 -7.770520079479333653e+00 -8.754418693017258946e+00
1.152580511724852386e+01 -8.363794036556519984e+00 -7.872014678463152393e+00 -8.855573394649887575e+00
1.153344966486078249e+01 -8.465223933306354809e+00 -7.973683579996508897e+00 -8.956764286616200721e+00
1.154109421247304113e+01 -8.567015089935061667e+00 -8.075809828303954774e+00 -9.058220351566168560e+00
1.154873876008529976e+01 -8.669206142926542569e+00 -8.178301662190200716e+00 -9.160110623662884421e+00
1.155638330769755839e+01 -8.771269095851232933e+00 -8.280688171163786748e+00 -9.261850020538679118e+00
1.156402785530981703e+01 -8.874109184248865745e+00 -8.383999163065047000e+00 -9.364219205432684490e+00
1.157167240292207566e+01 -8.977031271538674417e+00 -8.487312783450358111e+00 -9.466749759626990723e+00
1.157931695053433430e+01 -9.080064090313324954e+00 -8.590828866080149950e+00 -9.569299314546499957e+00
1.158696149814659293e+01 -9.183464821530636257e+00 -8.694803978848598902e+00 -9.672125664212673612e+00
1.159460604575885156e+01 -9.287128198717461203e+00 -8.799068682115267492e+00 -9.775187715319654913e+00
1.160225059337111020e+01 -9.390755268079169937e+00 -8.903254034732194455e+00 -9.878256501426145419e+00
1.160989514098336883e+01 -9.495014820751936924e+00 -9.008132318754482171e+00 -9.981897322749391677e+00
1.161753968859562747e+01 -9.599299030304241143e+00 -9.113088067440427764e+00 -1.008550999316805452e+01
1.162518423620788610e+01 -9.703698519880902040e+00 -9.218221559466357462e+00 -1.018917548029544662e+01
1.163282878382014474e+01 -9.808451599552121536e+00 -9.323758022294503789e+00 -1.029314517680973928e+01
1.164047333143240337e+01 -9.913342334313222537e+00 -9.429440395402929553e+00 -1.039724427322351552e+01
1.164811787904466200e+01 -1.001827315811475927e+01 -9.535229388477436174e+00 -1.050131692775208236e+01
1.165576242665692064e+01 -1.012367969820145319e+01 -9.641479837797801267e+00 -1.060587955860510512e+01
1.166340697426917927e+01 -1.022912178506639513e+01 -9.747779375708399030e+00 -1.071046419442439124e+01
1.167105152188143791e+01 -1.033461062156668397e+01 -9.854180679787409858e+00 -1.081504056334595809e+01
1.167869606949369654e+01 -1.044049850236626042e+01 -9.961052713146779425e+00 -1.091994429158574142e+01
1.168634061710595518e+01 -1.054642064273374302e+01 -1.006791429943669769e+01 -1.102492698603078836e+01
1.169398516471821381e+01 -1.065242758480344065e+01 -1.017485102288433829e+01 -1.113000414672254301e+01
1.170162971233047244e+01 -1.075883434030527930e+01 -1.028228212454702017e+01 -1.123538655606353842e+01
1.170927425994273108e+01 -1.086521805082401038e+01 -1.038960750389589727e+01 -1.134082859775212349e+01
1.171691880755498971e+01 -1.097167668967803067e+01 -1.049688676866943382e+01 -1.144646661068662752e+01
1.172456335516724835e+01 -1.107857778099376311e+01 -1.060471888159910137e+01 -1.155243668038842486e+01
1.173220790277950698e+01 -1.118543109998172902e+01 -1.071271619609892412e+01 -1.165814600386453392e+01
1.173985245039176561e+01 -1.129245175728689077e+01 -1.082071499025326666e+01 -1.176418852432051487e+01
1.174749699800402425e+01 -1.139980192711920459e+01 -1.092872543006420827e+01 -1.187087842417420092e+01
1.175514154561628288e+01 -1.150715256043229040e+01 -1.103689896659829728e+01 -1.197740615426628352e+01
1.176278609322854152e+01 -1.161457850430964456e+01 -1.114590617335127121e+01 -1.208325083526801791e+01
1.177043064084080015e+01 -1.172263288828123073e+01 -1.125414080543172091e+01 -1.219112497113074056e+01
1.177807518845305879e+01 -1.183051826746464208e+01 -1.136302783884319823e+01 -1.229800869608608593e+01
1.178571973606531742e+01 -1.193858824619979764e+01 -1.147187109251466453e+01 -1.240530539988493075e+01
1.179336428367757605e+01 -1.204698811644452050e+01 -1.158099986255121649e+01 -1.251297637033782451e+01
1.180100883128983469e+01 -1.215559841808061314e+01 -1.169047990618201993e+01 -1.262071692997920636e+01
1.180865337890209332e+01 -1.226437589024016361e+01 -1.179950805881668430e+01 -1.272924372166364293e+01
1.181629792651435196e+01 -1.237362581431534103e+01 -1.190922953294121100e+01 -1.283802209568947106e+01
1.182394247412661059e+01 -1.248275350907019465e+01 -1.201901412392624025e+01 -1.294649289421414906e+01
1.183158702173886923e+01 -1.259237992445771326e+01 -1.212926927023592683e+01 -1.305549057867949969e+01
1.183923156935112786e+01 -1.270245973836592057e+01 -1.223976804548410691e+01 -1.316515143124773424e+01
1.184687611696338649e+01 -1.281268549159586811e+01 -1.235009387490571697e+01 -1.327527710828601926e+01
1.185452066457564513e+01 -1.292290208637082216e+01 -1.246037162817179755e+01 -1.338543254456984677e+01
1.186216521218790376e+01 -1.303395387125404525e+01 -1.257152014041174937e+01 -1.349638760209634114e+01
1.186980975980016062e+01 -1.314492024118147384e+01 -1.268305696714618414e+01 -1.360678351521676355e+01
1.187745430741241925e+01 -1.325660503208300867e+01 -1.279476882414293293e+01 -1.371844124002308440e+01
1.188509885502467789e+01 -1.336868310048211228e+01 -1.290677048437029129e+01 -1.383059571659393328e+01
1.189274340263693652e+01 -1.348095588562680902e+01 -1.301895014362929714e+01 -1.394296162762432090e+01
1.190038795024919516e+01 -1.359354707125062411e+01 -1.313137750663058512e+01 -1.405571663587066311e+01
1.190803249786145379e+01 -1.370685889345955921e+01 -1.324461908316981962e+01 -1.416909870374929881e+01
1.191567704547371243e+01 -1.382023835649291144e+01 -1.335787254718687400e+01 -1.428260416579894887e+01
1.192332159308597106e+01 -1.393441177772513306e+01 -1.347173149397124803e+01 -1.439709206147901810e+01
1.193096614069822969e+01 -1.404905521125059664e+01 -1.358607841345253675e+01 -1.451203200904865653e+01
1.193861068831048833e+01 -1.416393948223735322e+01 -1.370059450875475804e+01 -1.462728445571994840e+01
1.194625523592274696e+01 -1.427923958867985377e+01 -1.381547100670614192e+01 -1.474300817065356561e+01
1.195389978353500560e+01 -1.439529447097436510e+01 -1.393123362966370316e+01 -1.485935531228502704e+01
1.196154433114726423e+01 -1.451141689810736679e+01 -1.404725718369376963e+01 -1.497557661252096395e+01
1.196918887875952286e+01 -1.462840162957035517e+01 -1.416389133372240927e+01 -1.509291192541830107e+01
1.197683342637178150e+01 -1.474583253788532033e+01 -1.428102926780175252e+01 -1.521063580796888814e+01
1.198447797398404013e+01 -1.486351521572855106e+01 -1.439848172141291371e+01 -1.532854871004418840e+01
1.199212252159629877e+01 -1.498169463541864133e+01 -1.451651091335195609e+01 -1.544687835748532656e+01
1.199976706920855740e+01 -1.510045356715026799e+01 -1.463519288328436652e+01 -1.556571425101616946e+01
1.200741161682081604e+01 -1.521925111860010382e+01 -1.475393245172372048e+01 -1.568456978547648717e+01
1.201505616443307467e+01 -1.533876564192854453e+01 -1.487373011442434034e+01 -1.580380116943274871e+01
1.202270071204533330e+01 -1.545856664753720011e+01 -1.499393383000582958e+01 -1.592319946506857065e+01
1.203034525965759194e+01 -1.557846712896265373e+01 -1.511436413899232001e+01 -1.604257011893298923e+01
1.203798980726985057e+01 -1.569879297127392448e+01 -1.523544148395316711e+01 -1.616214445859468185e+01
1.204563435488210921e+01 -1.581939621636438709e+01 -1.535703124817672816e+01 -1.628176118455204602e+01
1.205327890249436784e+01 -1.593986785776383996e+01 -1.547869024846856156e+01 -1.640104546705911659e+01
1.206092345010662648e+01 -1.606073994970074281e+01 -1.560107652942210343e+01 -1.652040336997938397e+01
1.206856799771888511e+01 -1.618145525265589058e+01 -1.572370680302512014e+01 -1.663920370228666101e+01
1.207621254533114197e+01 -1.630189175475592478e+01 -1.584629010162834462e+01 -1.675749340788350494e+01
1.208385709294340060e+01 -1.642244196292407210e+01 -1.596957471524992123e+01 -1.687530921059822120e+01
1.209150164055565924e+01 -1.654267596097205484e+01 -1.609298360289652763e+01 -1.699236831904758205e+01
1.209914618816791787e+01 -1.666236829127277019e+01 -1.621593210059349488e+01 -1.710880448195204551e+01
1.210679073578017650e+01 -1.678204277212507378e+01 -1.633870987477286008e+01 -1.722537566947728749e+01
1.211443528339243514e+01 -1.690080217241013116e+01 -1.646080714934974054e+01 -1.734079719547052179e+01
1.212207983100469377e+01 -1.701904131064592107e+01 -1.658231558297717001e+01 -1.745576703831467213e+01
1.212972437861695241e+01 -1.713729378953707894e+01 -1.670360544413351178e+01 -1.757098213494064609e+01
1.213736892622921104e+01 -1.725521092413447377e+01 -1.682441853192236536e+01 -1.768600331634658218e+01
1.214501347384146968e+01 -1.737283206406829805e+01 -1.694474414898234116e+01 -1.780091997915425495e+01
1.215265802145372831e+01 -1.749041763661343651e+01 -1.706472795292590305e+01 -1.791610732030096997e+01
1.216030256906598694e+01 -1.760768129718237773e+01 -1.718418867250317561e+01 -1.803117392186157986e+01
1.216794711667824558e+01 -1.772443195845258757e+01 -1.730374176114455409e+01 -1.814512215576062104e+01
1.217559166429050421e+01 -1.784124927837837760e+01 -1.742334345762464665e+01 -1.825915509913210855e+01
1.218323621190276285e+01 -1.795771458045461344e+01 -1.754268417989641904e+01 -1.837274498101280784e+01
1.219088075951502148e+01 -1.807378769924291717e+01 -1.766163017447842520e+01 -1.848594522400740914e+01
1.219852530712728012e+01 -1.818957810945134668e+01 -1.778026558996126028e+01 -1.859889062894143308e+01
1.220616985473953875e+01 -1.830509417325147936e+01 -1.789874177499590502e+01 -1.871144657150705370e+01
1.221381440235179738e+01 -1.841965355241259417e+01 -1.801639267532324240e+01 -1.882291442950194593e+01
1.222145894996405602e+01 -1.853446786526056655e+01 -1.813456130910258679e+01 -1.893437442141854632e+01
1.222910349757631465e+01 -1.864836406687219394e+01 -1.825187140359694027e+01 -1.904485673014744762e+01
1.223674804518857329e+01 -1.876184202246498245e+01 -1.836864677650847710e+01 -1.915503726842148779e+01
1.224439259280083192e+01 -1.887503815311785615e+01 -1.848500096147775551e+01 -1.926507534475795680e+01
1.225203714041309055e+01 -1.898766228295071556e+01 -1.860086095460482269e+01 -1.937446361129660843e+01
1.225968168802534919e+01 -1.909938927368142458e+01 -1.871637931350038997e+01 -1.948239923386245920e+01
1.226732623563760782e+01 -1.921108781795186715e+01 -1.883192119038218237e+01 -1.959025444552155193e+01
1.227497078324986646e+01 -1.932177316088357344e+01 -1.894636315496390111e+01 -1.969718316680324577e+01
1.228261533086212509e+01 -1.943178897325942600e+01 -1.906012853230184589e+01 -1.980344941421700611e+01
1.229025987847438373e+01 -1.954131753556915285e+01 -1.917327079351717956e+01 -1.990936427762112615e+01
1.229790442608664236e+01 -1.965019469478515646e+01 -1.928575704011217695e+01 -2.001463234945813596e+01
1.230554897369890099e+01 -1.975813546565507650e+01 -1.939772734373390506e+01 -2.011854358757624794e+01
1.231319352131115963e+01 -1.986582239934612915e+01 -1.951003752836749783e+01 -2.022160727032476046e+01
1.232083806892341826e+01 -1.997225866659731963e+01 -1.962014730487937442e+01 -2.032437002831526485e+01
1.232848261653567690e+01 -2.007791238042686643e+01 -1.973067122302013132e+01 -2.042515353783360155e+01
1.233612716414793553e+01 -2.018272284840269748e+01 -1.983977939720247363e+01 -2.052566629960292133e+01
1.234377171176019417e+01 -2.028653389718335376e+01 -1.994766668378589358e+01 -2.062540111058081393e+01
1.235141625937245280e+01 -2.038941577480967737e+01 -2.005530044542680201e+01 -2.072353110419255273e+01
1.235906080698471143e+01 -2.049183782149216881e+01 -2.016243774553385748e+01 -2.082123789745048015e+01
1.236670535459697007e+01 -2.059269463619171603e+01 -2.026772744934614323e+01 -2.091766182303728883e+01
1.237434990220922870e+01 -2.069252025665537431e+01 -2.037312740386400733e+01 -2.101191310944674129e+01
1.238199444982148734e+01 -2.079112514634621078e+01 -2.047694614252515422e+01 -2.110530415016726735e+01
1.238963899743374597e+01 -2.088835169769348710e+01 -2.057948286897206813e+01 -2.119722052641490606e+01
1.239728354504600460e+01 -2.098442863451792562e+01 -2.068101325813087854e+01 -2.128784401090497269e+01
1.240492809265826324e+01 -2.107963777369467095e+01 -2.078145792729344521e+01 -2.137781762009589670e+01
1.241257264027052187e+01 -2.117314086412238794e+01 -2.087882475805832527e+01 -2.146745697018645060e+01
1.242021718788277873e+01 -2.126514573584026735e+01 -2.097421184701334340e+01 -2.155607962466719130e+01
1.242786173549503737e+01 -2.135566210675660770e+01 -2.106876934788731148e+01 -2.164255486562590391e+01
1.243550628310729600e+01 -2.144427313230925591e+01 -2.116197671551719139e+01 -2.172656954910132043e+01
1.244315083071955463e+01 -2.153135812745979649e+01 -2.124971369427332135e+01 -2.181300256064627163e+01
1.245079537833181327e+01 -2.161711398675297602e+01 -2.133604958817365471e+01 -2.189817838533229732e+01
1.245843992594407190e+01 -2.170091237797011630e+01 -2.142096898576355812e+01 -2.198085577017667447e+01
1.246608447355633054e+01 -2.178275520597265569e+01 -2.150307841375227014e+01 -2.206243199819304124e+01
1.247372902116858917e+01 -2.186271635266246349e+01 -2.158397908886255223e+01 -2.214145361646237475e+01
1.248137356878084780e+01 -2.194050836109077807e+01 -2.166245091397413347e+01 -2.221856580820742266e+01
1.248901811639310644e+01 -2.201645761443355909e+01 -2.173924456474534139e+01 -2.229367066412177678e+01
1.249666266400536507e+01 -2.209042481680517511e+01 -2.181413984248824534e+01 -2.236670979112210489e+01
1.250430721161762371e+01 -2.216203510428429269e+01 -2.188635002843004074e+01 -2.243772018013854463e+01
1.251195175922988234e+01 -2.223166097523039042e+01 -2.195667681369129198e+01 -2.250664513676948886e+01
1.251959630684214098e+01 -2.229882302875513744e+01 -2.202406517491536775e+01 -2.257358088259490714e+01
1.252724085445439961e+01 -2.236354071123988518e+01 -2.208896167406734179e+01 -2.263811974841242858e+01
1.253488540206665824e+01 -2.242624458696375811e+01 -2.215207428017182067e+01 -2.270041489375569554e+01
1.254252994967891688e+01 -2.248664514290443606e+01 -2.221273084249417451e+01 -2.276055944331469760e+01
1.255017449729117551e+01 -2.254448841271008774e+01 -2.226785719029569677e+01 -2.282111963512447872e+01
1.255781904490343415e+01 -2.259995596930158968e+01 -2.232002146089440586e+01 -2.287989047770877349e+01
1.256546359251569278e+01 -2.265281192625423401e+01 -2.236936483301385437e+01 -2.293625901949461365e+01
1.257310814012795142e+01 -2.270279797534621480e+01 -2.241540103249268512e+01 -2.299019491819974448e+01
1.258075268774021005e+01 -2.275065936002935274e+01 -2.245908842259586180e+01 -2.304223029746284368e+01
1.258839723535246868e+01 -2.279611714629119845e+01 -2.250026174781666555e+01 -2.309197254476573136e+01
1.259604178296472732e+01 -2.283908456995064640e+01 -2.253875144178189416e+01 -2.313941769811939864e+01
1.260368633057698595e+01 -2.287965499793033075e+01 -2.257452935519617654e+01 -2.318478064066448496e+01
1.261133087818924459e+01 -2.291784165221054792e+01 -2.260770816913614567e+01 -2.322797513528495017e+01
1.261897542580150322e+01 -2.295304304610678159e+01 -2.263747189763294898e+01 -2.326861419458061420e+01
1.262661997341376008e+01 -2.298616005738993096e+01 -2.266458754644332529e+01 -2.330773256833653662e+01
1.263426452102601871e+01 -2.301705347556930903e+01 -2.268913704658155694e+01 -2.334496990455706111e+01
1.264190906863827735e+01 -2.304582507615319997e+01 -2.271125058431288934e+01 -2.338039956799351060e+01
1.264955361625053598e+01 -2.307261710166395474e+01 -2.273104982430318444e+01 -2.341418437902472505e+01
1.265719816386279462e+01 -2.309749722167284247e+01 -2.274858865232936012e+01 -2.344640579101632483e+01
1.266484271147505325e+01 -2.312033812320315107e+01 -2.276365000334594768e+01 -2.347702624306035446e+01
1.267248725908731188e+01 -2.314145768222731903e+01 -2.277645775336691969e+01 -2.350645761108771836e+01
1.268013180669957052e+01 -2.316110228861772313e+01 -2.278730669989927549e+01 -2.353489787733617078e+01
1.268777635431182915e+01 -2.317950760242567654e+01 -2.279645766355176306e+01 -2.356255754129959001e+01
1.269542090192408779e+01 -2.319690064720624534e+01 -2.280423089333506681e+01 -2.358957040107742387e+01
1.270306544953634642e+01 -2.321346770474706744e+01 -2.281104713591767563e+01 -2.361588827357645926e+01
1.271070999714860505e+01 -2.322936608403598768e+01 -2.281747225378079236e+01 -2.364125991429118301e+01
1.271835454476086369e+01 -2.324499368148218892e+01 -2.282397133770792408e+01 -2.366601602525645376e+01
1.272599909237312232e+01 -2.326038439607715702e+01 -2.283075408060211586e+01 -2.369001471155219818e+01
1.273364363998538096e+01 -2.327550293334279985e+01 -2.283785470190512612e+01 -2.371315116478047358e+01
1.274128818759763959e+01 -2.329020788760192673e+01 -2.284525047630373606e+01 -2.373516529890011739e+01
1.274893273520989823e+01 -2.330430863116134077e+01 -2.285271943227558822e+01 -2.375589783004709332e+01
1.275657728282215686e+01 -2.331764881359860908e+01 -2.285989274814254202e+01 -2.377540487905467614e+01
1.276422183043441549e+01 -2.333024010202949228e+01 -2.286648387232088453e+01 -2.379399633173810003e+01
1.277186637804667413e+01 -2.334190279438317006e+01 -2.287238874673598588e+01 -2.381141684203035425e+01
1.277951092565893276e+01 -2.335285732036227913e+01 -2.287776552852918499e+01 -2.382794911219537326e+01
1.278715547327119140e+01 -2.336315672840265023e+01 -2.288238814363388229e+01 -2.384392531317141817e+01
1.279480002088345003e+01 -2.337281203345938252e+01 -2.288655590096647785e+01 -2.385906816595228719e+01
1.280244456849570867e+01 -2.338185437493737595e+01 -2.289030745914433851e+01 -2.387340129073041339e+01
1.281008911610796730e+01 -2.339037147308842179e+01 -2.289372279537861488e+01 -2.388702015079822871e+01
1.281773366372022593e+01 -2.339825129415448757e+01 -2.289678136988857204e+01 -2.389972121842040309e+01
1.282537821133248457e+01 -2.340560136630632115e+01 -2.289954461993448120e+01 -2.391165811267816110e+01
1.283302275894474320e+01 -2.341250092492206392e+01 -2.290204953121838827e+01 -2.392295231862573957e+01
1.284066730655700184e+01 -2.341895307131330384e+01 -2.290429942404821873e+01 -2.393360671857838895e+01
1.284831185416926047e+01 -2.342499168938731202e+01 -2.290631518848240233e+01 -2.394366819029222171e+01
1.285595640178151911e+01 -2.343066380785615621e+01 -2.290812829938438711e+01 -2.395319931632792532e+01
1.286360094939377774e+01 -2.343594818529995294e+01 -2.290974624774448998e+01 -2.396215012285541590e+01
1.287124549700603637e+01 -2.344082862710887838e+01 -2.291117559643529944e+01 -2.397048165778245732e+01
1.287889004461829501e+01 -2.344540890328332239e+01 -2.291248090033632323e+01 -2.397833690623032155e+01
1.288653459223055364e+01 -2.344968640212611533e+01 -2.291366125999531533e+01 -2.398571154425691532e+01
1.289417913984281228e+01 -2.345369282680233880e+01 -2.291472326584828068e+01 -2.399266238775639692e+01
1.290182368745507091e+01 -2.345745328975866073e+01 -2.291567708881148491e+01 -2.399922949070583655e+01
1.290946823506732954e+01 -2.346096523318565019e+01 -2.291653332569966040e+01 -2.400539714067163999e+01
1.291711278267958818e+01 -2.346422784706513909e+01 -2.291729840836826426e+01 -2.401115728576201391e+01
1.292475733029184681e+01 -2.346727379729109941e+01 -2.291798153819966899e+01 -2.401656605638252984e+01
1.293240187790410545e+01 -2.347012193602977703e+01 -2.291860152563010899e+01 -2.402164234642944507e+01
1.294004642551636408e+01 -2.347279940772494555e+01 -2.291916369168103529e+01 -2.402643512376885582e+01
1.294769097312862272e+01 -2.347531738671415980e+01 -2.291967837633394112e+01 -2.403095639709437847e+01
1.295533552074088135e+01 -2.347767744697256376e+01 -2.292015550455473161e+01 -2.403519938939039591e+01
1.296298006835313998e+01 -2.347989583103758804e+01 -2.292059359551806352e+01 -2.403919806655711255e+01
1.297062461596539684e+01 -2.348196544855948886e+01 -2.292100190639430224e+01 -2.404292899072467549e+01
1.297826916357765548e+01 -2.348390903882977554e+01 -2.292138753863644496e+01 -2.404643053902310612e+01
1.298591371118991411e+01 -2.348575052910456762e+01 -2.292176079808453792e+01 -2.404974026012459731e+01
1.299355825880217274e+01 -2.348749416368713128e+01 -2.292212029303979648e+01 -2.405286803433446607e+01
1.300120280641443138e+01 -2.348914334082010669e+01 -2.292247085620743619e+01 -2.405581582543277719e+01
1.300884735402669001e+01 -2.349070850426929624e+01 -2.292282693013067885e+01 -2.405859007840791364e+01
1.301649190163894865e+01 -2.349219390144707376e+01 -2.292318799251100003e+01 -2.406119981038314748e+01
1.302413644925120728e+01 -2.349359422535694719e+01 -2.292355028361751579e+01 -2.406363816709637860e+01
1.303178099686346592e+01 -2.349493328945020210e+01 -2.292392346243632062e+01 -2.406594311646408357e+01
1.303942554447572455e+01 -2.349620070767866764e+01 -2.292430938030370413e+01 -2.406809203505363115e+01
1.304707009208798318e+01 -2.349739003016308914e+01 -2.292468610635694404e+01 -2.407009395396923424e+01
1.305471463970024182e+01 -2.349850292584404343e+01 -2.292500770323388082e+01 -2.407199814845420605e+01
1.306235918731250045e+01 -2.349954787793609867e+01 -2.292521304198551135e+01 -2.407388271388668599e+01
1.307000373492475909e+01 -2.350049653336322564e+01 -2.292529964859300051e+01 -2.407569341813345076e+01
1.307764828253701772e+01 -2.350136503753510198e+01 -2.292531398134055820e+01 -2.407741609372964575e+01
1.308529283014927636e+01 -2.350216060228725112e+01 -2.292527576365454678e+01 -2.407904544091995547e+01
1.309293737776153499e+01 -2.350289578822357583e+01 -2.292520910682611657e+01 -2.408058246962103510e+01
1.310058192537379362e+01 -2.350358373139700419e+01 -2.292513465260796934e+01 -2.408203281018603903e+01
1.310822647298605226e+01 -2.350423364216561595e+01 -2.292506376711359550e+01 -2.408340351721763639e+01
1.311587102059831089e+01 -2.350484576786833202e+01 -2.292499587174869902e+01 -2.408469566398796502e+01
1.312351556821056953e+01 -2.350542301034810322e+01 -2.292493892485171969e+01 -2.408590709584448675e+01
1.313116011582282816e+01 -2.350596270465094761e+01 -2.292491505061605039e+01 -2.408701035868584484e+01
1.313880466343508679e+01 -2.350646129226968384e+01 -2.292490872071323338e+01 -2.408801386382613430e+01
1.314644921104734543e+01 -2.350692126204448229e+01 -2.292492474454026663e+01 -2.408891777954869795e+01
1.315409375865960406e+01 -2.350734790691601717e+01 -2.292497334099548212e+01 -2.408972247283655221e+01
1.316173830627186270e+01 -2.350774588174964208e+01 -2.292505306494501482e+01 -2.409043869855426934e+01
1.316938285388412133e+01 -2.350811798312820144e+01 -2.292518136738549828e+01 -2.409105459887090461e+01
1.317702740149637819e+01 -2.350846746744375082e+01 -2.292531847232677222e+01 -2.409161646256072942e+01
1.318467194910863682e+01 -2.350880034919218531e+01 -2.292544888982047979e+01 -2.409215180856389082e+01
1.319231649672089546e+01 -2.350911562143839717e+01 -2.292557245270293365e+01 -2.409265879017386069e+01
1.319996104433315409e+01 -2.350941177949640348e+01 -2.292568663805948503e+01 -2.409313692093332193e+01
1.320760559194541273e+01 -2.350968845805684282e+01 -2.292578669953260828e+01 -2.409359021658107736e+01
1.321525013955767136e+01 -2.350994613394774291e+01 -2.292587684819323357e+01 -2.409401541970225225e+01
1.322289468716992999e+01 -2.351018236157490549e+01 -2.292595603256761549e+01 -2.409440869058219548e+01
1.323053923478218863e+01 -2.351040050804885340e+01 -2.292605979636870828e+01 -2.409474121972899852e+01
1.323818378239444726e+01 -2.351060173921681340e+01 -2.292615807078381707e+01 -2.409504540764980973e+01
1.324582833000670590e+01 -2.351078905903744953e+01 -2.292625035760728025e+01 -2.409532776046761882e+01
1.325347287761896453e+01 -2.351096439679213645e+01 -2.292633250070613471e+01 -2.409559629287813820e+01
1.326111742523122317e+01 -2.351112664039458977e+01 -2.292638044616028026e+01 -2.409587283462889928e+01
1.326876197284348180e+01 -2.351127078108058654e+01 -2.292642892528559173e+01 -2.409611263687558136e+01
1.327640652045574043e+01 -2.351141089965227948e+01 -2.292647701885930189e+01 -2.409634478044525707e+01
1.328405106806799907e+01 -2.351155431923530514e+01 -2.292650448397368734e+01 -2.409660415449692294e+01
1.329169561568025770e+01 -2.351170351839371975e+01 -2.292654034893154602e+01 -2.409686668785589347e+01
1.329934016329251634e+01 -2.351185460845850628e+01 -2.292657767386016232e+01 -2.409713154305685023e+01
1.330698471090477497e+01 -2.351201670636397978e+01 -2.292658800631841487e+01 -2.409744540640954469e+01
1.331462925851703361e+01 -2.351224367261653470e+01 -2.292657779279840113e+01 -2.409790955243466826e+01
1.450000000000000000e+01 -2.351224367261653470e+01 -2.292657779279840113e+01 -2.409790955243466826e+01
