# # Muv, logPhi, -err(logPhi), +err(logPhi)
-3.000000000000000000e+01 -1.392770132066283750e+01 -1.503127732820404283e+01 -1.282412531312163217e+01
-2.989898989898989967e+01 -1.371713230414536966e+01 -1.477000816991141896e+01 -1.266425643837932036e+01
-2.979797979797979579e+01 -1.350132325476809214e+01 -1.449993488051025459e+01 -1.250271162902592970e+01
-2.969696969696969546e+01 -1.329665535344278737e+01 -1.424702182347999013e+01 -1.234628888340558461e+01
-2.959595959595959869e+01 -1.308663472185790333e+01 -1.398548301793193538e+01 -1.218778642578387128e+01
-2.949494949494949481e+01 -1.288549979000801216e+01 -1.373726462894563838e+01 -1.203373495107038593e+01
-2.939393939393939448e+01 -1.268366884697920938e+01 -1.348787776373210079e+01 -1.187945993022631797e+01
-2.929292929292929060e+01 -1.248645969606894646e+01 -1.324505518968541473e+01 -1.172786420245247818e+01
-2.919191919191919027e+01 -1.229248091588301683e+01 -1.300711203988744735e+01 -1.157784979187858632e+01
-2.909090909090909349e+01 -1.209955302610910266e+01 -1.277028283871922554e+01 -1.142882321349897978e+01
-2.898989898989898961e+01 -1.191314521037144836e+01 -1.254320888498196140e+01 -1.128308153576093531e+01
-2.888888888888888928e+01 -1.172482328477102875e+01 -1.231289006524083973e+01 -1.113675650430121777e+01
-2.878787878787878896e+01 -1.154575208043691070e+01 -1.209621586660827219e+01 -1.099528829426554921e+01
-2.868686868686868507e+01 -1.136233497191679298e+01 -1.187286047180088033e+01 -1.085180947203270563e+01
-2.858585858585858475e+01 -1.118771870796206791e+01 -1.166226551915177545e+01 -1.071317189677236037e+01
-2.848484848484848442e+01 -1.101216962789693099e+01 -1.145020955379249905e+01 -1.057412970200136293e+01
-2.838383838383838054e+01 -1.084222460639359475e+01 -1.124606158346205298e+01 -1.043838762932513653e+01
-2.828282828282828376e+01 -1.067442232830693705e+01 -1.104497738667793882e+01 -1.030386726993593527e+01
-2.818181818181818343e+01 -1.050947353506536963e+01 -1.084777601038903505e+01 -1.017117105974170421e+01
-2.808080808080807955e+01 -1.034919849291864935e+01 -1.065722260157072832e+01 -1.004117438426657039e+01
-2.797979797979797922e+01 -1.018954218953704860e+01 -1.047093004943465999e+01 -9.908154329639437208e+00
-2.787878787878788245e+01 -1.003661088126320422e+01 -1.029398446159655478e+01 -9.779237300929853660e+00
-2.777777777777777857e+01 -9.882517873008843878e+00 -1.011542737447664564e+01 -9.649608371541042118e+00
-2.767676767676767824e+01 -9.735714600925216899e+00 -9.946656460835434643e+00 -9.524772741014999156e+00
-2.757575757575757791e+01 -9.588494570466961520e+00 -9.777380715123666022e+00 -9.399608425810257017e+00
-2.747474747474747403e+01 -9.447120847695304136e+00 -9.615859207354121807e+00 -9.278382488036486464e+00
-2.737373737373737370e+01 -9.307569164752385049e+00 -9.464142852240563286e+00 -9.150995477264206812e+00
-2.727272727272726982e+01 -9.171898106888548341e+00 -9.326658417702317294e+00 -9.017137796074779388e+00
-2.717171717171716949e+01 -9.039837692325964014e+00 -9.194590490733190791e+00 -8.885084893918737237e+00
-2.707070707070707272e+01 -8.910112841812344087e+00 -9.064857821243991864e+00 -8.755367862380696309e+00
-2.696969696969696884e+01 -8.785391591379537957e+00 -8.940128812796954705e+00 -8.630654369962121208e+00
-2.686868686868686851e+01 -8.661828472910629628e+00 -8.818435700587958337e+00 -8.505221245233300920e+00
-2.676767676767676818e+01 -8.544158048622513490e+00 -8.703130207517114414e+00 -8.385185889727912567e+00
-2.666666666666666430e+01 -8.427100922568188324e+00 -8.588404622696499402e+00 -8.265797222439877245e+00
-2.656565656565656752e+01 -8.315503629298007127e+00 -8.478920490981487035e+00 -8.152086767614527218e+00
-2.646464646464646364e+01 -8.205974388838482625e+00 -8.371411604652141847e+00 -8.040537173024823403e+00
-2.636363636363636331e+01 -8.100640271280791893e+00 -8.268342873135715365e+00 -7.932937669425869309e+00
-2.626262626262626299e+01 -7.998477389336256849e+00 -8.170156297613804242e+00 -7.826798481058708568e+00
-2.616161616161615910e+01 -7.899563502907956725e+00 -8.074852128177523625e+00 -7.724274877638389825e+00
-2.606060606060605878e+01 -7.804619123009535642e+00 -7.983107843791154679e+00 -7.626130402227916605e+00
-2.595959595959595845e+01 -7.712250347637187531e+00 -7.893611834527526128e+00 -7.530888860746848934e+00
-2.585858585858585457e+01 -7.624386183200644318e+00 -7.808198438771852601e+00 -7.440573927629436035e+00
-2.575757575757575779e+01 -7.538655763263427900e+00 -7.724599893063495593e+00 -7.352711633463360208e+00
-2.565656565656565746e+01 -7.457396006134922040e+00 -7.645072047570037554e+00 -7.269719964699806525e+00
-2.555555555555555358e+01 -7.378709524689442745e+00 -7.567770676913195160e+00 -7.189648372465690329e+00
-2.545454545454545325e+01 -7.303962423283041794e+00 -7.494041049938930499e+00 -7.113883796627153089e+00
-2.535353535353535648e+01 -7.232313450676705280e+00 -7.423053316756692332e+00 -7.041573584596718227e+00
-2.525252525252525260e+01 -7.164119482259486915e+00 -7.355165982118939461e+00 -6.973072982400034370e+00
-2.515151515151515227e+01 -7.099338820604104150e+00 -7.290350371057112255e+00 -6.908327270151096045e+00
-2.505050505050505194e+01 -7.037704162454866186e+00 -7.228321086292369024e+00 -6.847087238617363347e+00
-2.494949494949494806e+01 -6.979623767825089864e+00 -7.169536756963359458e+00 -6.789710778686820269e+00
-2.484848484848484773e+01 -6.924520560736730168e+00 -7.113353754051420452e+00 -6.735687367422039884e+00
-2.474747474747474740e+01 -6.872937154579953578e+00 -7.060416863453498060e+00 -6.685457445706409096e+00
-2.464646464646464352e+01 -6.824336487789572914e+00 -7.010083387486141682e+00 -6.638589588093004146e+00
-2.454545454545454675e+01 -6.779069511471615073e+00 -6.962821172952056159e+00 -6.595317849991173986e+00
-2.444444444444444642e+01 -6.736879302382813961e+00 -6.918300066529704750e+00 -6.555458538235923172e+00
-2.434343434343434254e+01 -6.697830234140552008e+00 -6.876648380453963760e+00 -6.519012087827140256e+00
-2.424242424242424221e+01 -6.661830587213130705e+00 -6.837762787640866868e+00 -6.485898386785394543e+00
-2.414141414141414543e+01 -6.628861105027699985e+00 -6.803337116416952490e+00 -6.454385093638447479e+00
-2.404040404040404155e+01 -6.598819264300326282e+00 -6.772229344403865703e+00 -6.425409184196786860e+00
-2.393939393939394122e+01 -6.571748468407303534e+00 -6.743978873621904846e+00 -6.399518063192702222e+00
-2.383838383838383734e+01 -6.547412784354002646e+00 -6.718389000274393119e+00 -6.376436568433612173e+00
-2.373737373737373701e+01 -6.526013230571478196e+00 -6.695623571660651585e+00 -6.356402889482304808e+00
-2.363636363636363313e+01 -6.507178674613245839e+00 -6.675360440026796738e+00 -6.338996909199694940e+00
-2.353535353535353281e+01 -6.491098690738303922e+00 -6.657763855916640772e+00 -6.324433525559967073e+00
-2.343434343434343248e+01 -6.477476253197815836e+00 -6.642567843932057237e+00 -6.312384662463574436e+00
-2.333333333333332860e+01 -6.466356352254730488e+00 -6.634678743033629367e+00 -6.298033961475831610e+00
-2.323232323232323182e+01 -6.457587845542832383e+00 -6.635117953872066821e+00 -6.280057737213597946e+00
-2.313131313131313149e+01 -6.451030386631347646e+00 -6.637224405049869880e+00 -6.264836368212825413e+00
-2.303030303030302761e+01 -6.446689251221656036e+00 -6.640844431684048033e+00 -6.252534070759264040e+00
-2.292929292929292728e+01 -6.444242244316385815e+00 -6.645649677453416615e+00 -6.242834811179355015e+00
-2.282828282828283051e+01 -6.443828373385812824e+00 -6.651546463866226055e+00 -6.236110282905399593e+00
-2.272727272727272663e+01 -6.445010394273191778e+00 -6.659081127105756615e+00 -6.230939661440626942e+00
-2.262626262626262630e+01 -6.447915781965308568e+00 -6.668021857302681710e+00 -6.227809706627935427e+00
-2.252525252525252597e+01 -6.452160345272216269e+00 -6.677308645174508506e+00 -6.227012045369924031e+00
-2.242424242424242209e+01 -6.457724925718056674e+00 -6.686770352428127673e+00 -6.228679499007985676e+00
-2.232323232323232176e+01 -6.464356389919064583e+00 -6.696232421902064580e+00 -6.232480357936064586e+00
-2.222222222222222143e+01 -6.471908028607341379e+00 -6.705547463290335131e+00 -6.238268593924347627e+00
-2.212121212121211755e+01 -6.480200981626373924e+00 -6.714566755650314356e+00 -6.245835207602433492e+00
-2.202020202020202078e+01 -6.489033637939667365e+00 -6.723218645218449474e+00 -6.254848630660885256e+00
-2.191919191919192045e+01 -6.498243618267904864e+00 -6.731339876741770922e+00 -6.265147359794038806e+00
-2.181818181818181657e+01 -6.507648731897751837e+00 -6.738958365829751607e+00 -6.276339097965752067e+00
-2.171717171717171624e+01 -6.517055438032778980e+00 -6.745879113384358305e+00 -6.288231762681199655e+00
-2.161616161616161946e+01 -6.526345345144197729e+00 -6.752197265668579362e+00 -6.300493424619816096e+00
-2.151515151515151558e+01 -6.535321824766959331e+00 -6.757774942698130616e+00 -6.312868706835788046e+00
-2.141414141414141525e+01 -6.543899778787920063e+00 -6.762672618539276925e+00 -6.325126939036563201e+00
-2.131313131313131493e+01 -6.551937810503069670e+00 -6.766842377192803681e+00 -6.337033243813335659e+00
-2.121212121212121104e+01 -6.559347870641952127e+00 -6.770301021523605911e+00 -6.348394719760298344e+00
-2.111111111111111072e+01 -6.566085150134601811e+00 -6.773084994548732141e+00 -6.359085305720471482e+00
-2.101010101010100684e+01 -6.572037366119895196e+00 -6.775168327141372515e+00 -6.368906405098417878e+00
-2.090909090909090651e+01 -6.577271295642779236e+00 -6.776657155762995544e+00 -6.377885435522562929e+00
-2.080808080808080973e+01 -6.581642307158769079e+00 -6.777489058822034451e+00 -6.385795555495503706e+00
-2.070707070707070585e+01 -6.585298464511382122e+00 -6.777805510372977515e+00 -6.392791418649786728e+00
-2.060606060606060552e+01 -6.588130456114407174e+00 -6.777560087399398192e+00 -6.398700824829416156e+00
-2.050505050505050164e+01 -6.590271947704533950e+00 -6.776863385809676288e+00 -6.403680509599391613e+00
-2.040404040404040131e+01 -6.591695453328834553e+00 -6.775713911733287631e+00 -6.407676994924381475e+00
-2.030303030303030454e+01 -6.592481478026460451e+00 -6.774174335282988402e+00 -6.410788620769932500e+00
-2.020202020202020066e+01 -6.592673715631750753e+00 -6.772279377131144251e+00 -6.413068054132357254e+00
-2.010101010101010033e+01 -6.592305030369602470e+00 -6.770053943704981592e+00 -6.414556117034223348e+00
-2.000000000000000000e+01 -6.591465766043196339e+00 -6.767555083147613004e+00 -6.415376448938779674e+00
