# # Muv, logPhi, -err(logPhi), +err(logPhi)
-3.000000000000000000e+01 -1.711311720224796318e+01 -1.766922926091416102e+01 -1.655700514358176534e+01
-2.989898989898989967e+01 -1.699103300663101734e+01 -1.753004556521311130e+01 -1.645202044804892338e+01
-2.979797979797979579e+01 -1.686787424039454564e+01 -1.738935127587136265e+01 -1.634639720491772863e+01
-2.969696969696969546e+01 -1.674892647332561424e+01 -1.725406694138209218e+01 -1.624378600526913630e+01
-2.959595959595959869e+01 -1.662876924754959518e+01 -1.711713002592640009e+01 -1.614040846917279026e+01
-2.949494949494949481e+01 -1.651214607017647040e+01 -1.698469015903700452e+01 -1.603960198131593629e+01
-2.939393939393939448e+01 -1.639577054585448934e+01 -1.685251219202315554e+01 -1.593902889968582137e+01
-2.929292929292929060e+01 -1.628154921178413161e+01 -1.672302550056553727e+01 -1.584007292300272418e+01
-2.919191919191919027e+01 -1.616884562836543537e+01 -1.659544448157661023e+01 -1.574224677515426229e+01
-2.909090909090909349e+01 -1.605709360121094775e+01 -1.646900425432859905e+01 -1.564518294809329468e+01
-2.898989898989898961e+01 -1.594796053768135735e+01 -1.634587269709479429e+01 -1.555004837826792041e+01
-2.888888888888888928e+01 -1.583873616928360661e+01 -1.622255825894026415e+01 -1.545491407962695085e+01
-2.878787878787878896e+01 -1.573307926532480927e+01 -1.610374085942004641e+01 -1.536241767122957036e+01
-2.868686868686868507e+01 -1.562643233618001304e+01 -1.598361872849517340e+01 -1.526924594386485268e+01
-2.858585858585858475e+01 -1.552324257128852381e+01 -1.586782954205380847e+01 -1.517865560052323914e+01
-2.848484848484848442e+01 -1.542013530875365035e+01 -1.575211516973194747e+01 -1.508815544777535322e+01
-2.838383838383838054e+01 -1.531941910026415954e+01 -1.563936839069721962e+01 -1.499946980983109945e+01
-2.828282828282828376e+01 -1.521979540451799018e+01 -1.552797436632265082e+01 -1.491161644271332953e+01
-2.818181818181818343e+01 -1.512159717120130509e+01 -1.541833042498514850e+01 -1.482486391741746168e+01
-2.808080808080807955e+01 -1.502535939544579868e+01 -1.531111941132535748e+01 -1.473959937956623989e+01
-2.797979797979797922e+01 -1.492971446476541431e+01 -1.520462551614339652e+01 -1.465480341338743209e+01
-2.787878787878788245e+01 -1.483676986674799458e+01 -1.510146877359317408e+01 -1.457207095990281509e+01
-2.777777777777777857e+01 -1.474370483115593622e+01 -1.499815967671893091e+01 -1.448924998559294153e+01
-2.767676767676767824e+01 -1.465357010683606731e+01 -1.489845294396487141e+01 -1.440868726970726321e+01
-2.757575757575757791e+01 -1.456349757273111223e+01 -1.479893703024832519e+01 -1.432805811521389927e+01
-2.747474747474747403e+01 -1.447583881884128942e+01 -1.470338672807430669e+01 -1.424829090960827216e+01
-2.737373737373737370e+01 -1.438901675326480500e+01 -1.460884831779256743e+01 -1.416918518873704258e+01
-2.727272727272726982e+01 -1.430385106842663312e+01 -1.451628742836449959e+01 -1.409141470848876665e+01
-2.717171717171716949e+01 -1.422018053322589104e+01 -1.442551806578902429e+01 -1.401484300066275779e+01
-2.707070707070707272e+01 -1.413751571776010252e+01 -1.433595624911389699e+01 -1.393907518640630805e+01
-2.696969696969696884e+01 -1.405690053318221189e+01 -1.424883024438480916e+01 -1.386497082197961461e+01
-2.686868686868686851e+01 -1.397673532440407840e+01 -1.416226503184205754e+01 -1.379120561696609926e+01
-2.676767676767676818e+01 -1.389901228796876786e+01 -1.407858044855373869e+01 -1.371944412738379704e+01
-2.666666666666666430e+01 -1.382140548782652623e+01 -1.399507740294192537e+01 -1.364773357271112708e+01
-2.656565656565656752e+01 -1.374606733541510373e+01 -1.391707658147433513e+01 -1.357505808935587233e+01
-2.646464646464646364e+01 -1.367141425396099841e+01 -1.384020355429995774e+01 -1.350262495362203907e+01
-2.636363636363636331e+01 -1.359844653377468404e+01 -1.376514226182482048e+01 -1.343175080572454760e+01
-2.626262626262626299e+01 -1.352664158847811748e+01 -1.369134031189149425e+01 -1.336194286506474072e+01
-2.616161616161615910e+01 -1.345602043108404011e+01 -1.361881840561530232e+01 -1.329322245655277790e+01
-2.606060606060605878e+01 -1.338695893297295214e+01 -1.354797033642238802e+01 -1.322594752952351627e+01
-2.595959595959595845e+01 -1.331865131358699372e+01 -1.347794960593401825e+01 -1.315935302123996919e+01
-2.585858585858585457e+01 -1.325222886166671543e+01 -1.340997481156048643e+01 -1.309448291177294443e+01
-2.575757575757575779e+01 -1.318619287338847634e+01 -1.334338277821653485e+01 -1.302900296856041784e+01
-2.565656565656565746e+01 -1.312205602625224365e+01 -1.327873460899060376e+01 -1.296537744351388355e+01
-2.555555555555555358e+01 -1.305849001813855992e+01 -1.321468253433247853e+01 -1.290229750194464131e+01
-2.545454545454545325e+01 -1.299648400085726152e+01 -1.315222818848921449e+01 -1.284073981322530855e+01
-2.535353535353535648e+01 -1.293537884539257909e+01 -1.309070330485083034e+01 -1.278005438593432785e+01
-2.525252525252525260e+01 -1.287544689477078208e+01 -1.303038269152463435e+01 -1.272051109801692981e+01
-2.515151515151515227e+01 -1.281668680535922356e+01 -1.297126392085523605e+01 -1.266210968986321106e+01
-2.505050505050505194e+01 -1.275876404060979041e+01 -1.291300839561674074e+01 -1.260451968560284008e+01
-2.494949494949494806e+01 -1.270223307514282851e+01 -1.285617447562186655e+01 -1.254829167466379047e+01
-2.484848484848484773e+01 -1.264624713525912902e+01 -1.279990752428820677e+01 -1.249258674623005128e+01
-2.474747474747474740e+01 -1.259175404162722955e+01 -1.274516137738274502e+01 -1.243834670587171409e+01
-2.464646464646464352e+01 -1.253770094596242224e+01 -1.269087501323538802e+01 -1.238452687868945645e+01
-2.454545454545454675e+01 -1.248498291513807601e+01 -1.263794794138587463e+01 -1.233201788889027739e+01
-2.444444444444444642e+01 -1.243292427297769542e+01 -1.258569955815617192e+01 -1.228014898779921893e+01
-2.434343434343434254e+01 -1.238189792680076273e+01 -1.253450349919780926e+01 -1.222929235440371620e+01
-2.424242424242424221e+01 -1.233171116917695542e+01 -1.248416494455371328e+01 -1.217925739380019756e+01
-2.414141414141414543e+01 -1.228228828953723806e+01 -1.243460683146745183e+01 -1.212996974760702429e+01
-2.404040404040404155e+01 -1.223385240462504342e+01 -1.238605164579172246e+01 -1.208165316345836438e+01
-2.393939393939394122e+01 -1.218594109593492192e+01 -1.233803466638999780e+01 -1.203384752547984604e+01
-2.383838383838383734e+01 -1.213913714954054512e+01 -1.229113865903264191e+01 -1.198713564004844834e+01
-2.373737373737373701e+01 -1.209264307784126657e+01 -1.224456359865188482e+01 -1.194072255703064833e+01
-2.363636363636363313e+01 -1.204720304925375096e+01 -1.219905358925198158e+01 -1.189535250925552035e+01
-2.353535353535353281e+01 -1.200218251498338518e+01 -1.215397216716960394e+01 -1.185039286279716642e+01
-2.343434343434343248e+01 -1.195799420827871984e+01 -1.210973138073796385e+01 -1.180625703581947583e+01
-2.333333333333332860e+01 -1.191435122564496041e+01 -1.206604301572832050e+01 -1.176265943556160032e+01
-2.323232323232323182e+01 -1.187132230158837842e+01 -1.202297484442200926e+01 -1.171966975875474759e+01
-2.313131313131313149e+01 -1.182894656037621495e+01 -1.198056504737609806e+01 -1.167732807337633183e+01
-2.303030303030302761e+01 -1.178698644482005520e+01 -1.193857502071050902e+01 -1.163539786892960137e+01
-2.292929292929292728e+01 -1.174577331241174249e+01 -1.189733547584276074e+01 -1.159421114898072425e+01
-2.282828282828283051e+01 -1.170479437318079796e+01 -1.185633251386971132e+01 -1.155325623249188460e+01
-2.272727272727272663e+01 -1.166457964431494077e+01 -1.181609580806462390e+01 -1.151306348056525763e+01
-2.262626262626262630e+01 -1.162456403739823507e+01 -1.177605917945311731e+01 -1.147306889534335284e+01
-2.252525252525252597e+01 -1.158519350511192236e+01 -1.173666839609749069e+01 -1.143371861412635404e+01
-2.242424242424242209e+01 -1.154612491036679778e+01 -1.169757948266870606e+01 -1.139467033806488949e+01
-2.232323232323232176e+01 -1.150752376587943360e+01 -1.165895768898904983e+01 -1.135608984276981737e+01
-2.222222222222222143e+01 -1.146931894619944359e+01 -1.162073146658826772e+01 -1.131790642581061945e+01
-2.212121212121211755e+01 -1.143141790913414724e+01 -1.158280779417531825e+01 -1.128002802409297622e+01
-2.202020202020202078e+01 -1.139400115542065173e+01 -1.154536729485044333e+01 -1.124263501599086013e+01
-2.191919191919192045e+01 -1.135673679851721296e+01 -1.150807724069551874e+01 -1.120539635633890718e+01
-2.181818181818181657e+01 -1.132003166641656478e+01 -1.147134522440830295e+01 -1.116871810842482660e+01
-2.171717171717171624e+01 -1.128335463267624483e+01 -1.143463884500253513e+01 -1.113207042034995453e+01
-2.161616161616161946e+01 -1.124719365227397461e+01 -1.139844720881289142e+01 -1.109594009573505780e+01
-2.151515151515151558e+01 -1.121115853422224973e+01 -1.136237918678527414e+01 -1.105993788165922531e+01
-2.141414141414141525e+01 -1.117549358600129317e+01 -1.132667979192727969e+01 -1.102430738007530664e+01
-2.131313131313131493e+01 -1.114004781940228916e+01 -1.129119774997481152e+01 -1.098889788882976681e+01
-2.121212121212121104e+01 -1.110483604224938858e+01 -1.125594803256766774e+01 -1.095372405193110943e+01
-2.111111111111111072e+01 -1.106993300852071016e+01 -1.122100579828544831e+01 -1.091886021875597201e+01
-2.101010101010100684e+01 -1.103513631535506434e+01 -1.118616821792362082e+01 -1.088410441278650787e+01
-2.090909090909090651e+01 -1.100073464531243417e+01 -1.115172506148102904e+01 -1.084974422914383929e+01
-2.080808080808080973e+01 -1.096631914720069290e+01 -1.111726646062223267e+01 -1.081537183377915312e+01
-2.070707070707070585e+01 -1.093231359472129505e+01 -1.108321770439987830e+01 -1.078140948504271179e+01
-2.060606060606060552e+01 -1.089831737275545898e+01 -1.104917722349736309e+01 -1.074745752201355486e+01
-2.050505050505050164e+01 -1.086464291872331955e+01 -1.101545862540473664e+01 -1.071382721204190247e+01
-2.040404040404040131e+01 -1.083107054821253890e+01 -1.098184183922603196e+01 -1.068029925719904583e+01
-2.030303030303030454e+01 -1.079770139018597952e+01 -1.094842853180358411e+01 -1.064697424856837493e+01
-2.020202020202020066e+01 -1.076452361923595724e+01 -1.091520708257718830e+01 -1.061384015589472618e+01
-2.010101010101010033e+01 -1.073143591362529392e+01 -1.088207615830536135e+01 -1.058079566894522650e+01
-2.000000000000000000e+01 -1.069862567826715072e+01 -1.084922384308928933e+01 -1.054802751344501210e+01
