# # Muv, logPhi, -err(logPhi), +err(logPhi)
-3.000000000000000000e+01 -1.073439671622978331e+01 -1.103839701350244695e+01 -1.043039641895711966e+01
-2.989898989898989967e+01 -1.061777015945103209e+01 -1.090641548347529977e+01 -1.032912483542676441e+01
-2.979797979797979579e+01 -1.050044247491350724e+01 -1.077345997328327698e+01 -1.022742497654373750e+01
-2.969696969696969546e+01 -1.038717344352878946e+01 -1.064564582953934391e+01 -1.012870105751823502e+01
-2.959595959595959869e+01 -1.027310022767507114e+01 -1.051675481105480614e+01 -1.002944564429533614e+01
-2.949494949494949481e+01 -1.016247624046341613e+01 -1.039219755629691555e+01 -9.932754924629916715e+00
-2.939393939393939448e+01 -1.005236411318445633e+01 -1.026825747465174921e+01 -9.836470751717163452e+00
-2.929292929292929060e+01 -9.944474170666355306e+00 -1.014707571516433404e+01 -9.741872626168376570e+00
-2.919191919191919027e+01 -9.838228523855057972e+00 -1.002794494413011073e+01 -9.648512103580005217e+00
-2.909090909090909349e+01 -9.733152772399698449e+00 -9.910243259046511710e+00 -9.556062285752885188e+00
-2.898989898989898961e+01 -9.630687572234146288e+00 -9.795794399905810579e+00 -9.465580744562481996e+00
-2.888888888888888928e+01 -9.528497974527851966e+00 -9.681664695687507205e+00 -9.375331253368196727e+00
-2.878787878787878896e+01 -9.429734577896313752e+00 -9.571782440546281023e+00 -9.287686715246346481e+00
-2.868686868686868507e+01 -9.330495452924225219e+00 -9.461305031389340314e+00 -9.199685874459110124e+00
-2.858585858585858475e+01 -9.234583341788969335e+00 -9.354929502395998853e+00 -9.114237181181939818e+00
-2.848484848484848442e+01 -9.139130019458434617e+00 -9.249128794571838341e+00 -9.029131244345030893e+00
-2.838383838383838054e+01 -9.046097253681148587e+00 -9.146297205654994045e+00 -8.945897301707303129e+00
-2.828282828282828376e+01 -8.954385033288243534e+00 -9.045099113923365408e+00 -8.863670952653121660e+00
-2.818181818181818343e+01 -8.864291861479244972e+00 -8.945886268848163070e+00 -8.782697454110326873e+00
-2.808080808080807955e+01 -8.776241825572947519e+00 -8.849176830113810510e+00 -8.703306821032084528e+00
-2.797979797979797922e+01 -8.689140465503529143e+00 -8.753645639646128629e+00 -8.624635291360929656e+00
-2.787878787878788245e+01 -8.604679129690341099e+00 -8.661319622997000423e+00 -8.548038636383681776e+00
-2.777777777777777857e+01 -8.520614112231966075e+00 -8.569521780035593395e+00 -8.471706444428338756e+00
-2.767676767676767824e+01 -8.439364709036258461e+00 -8.481119336387569874e+00 -8.397610081684947048e+00
-2.757575757575757791e+01 -8.358680929703863782e+00 -8.393457611247185923e+00 -8.323904248160541641e+00
-2.747474747474747403e+01 -8.280401711056997627e+00 -8.308690418550359169e+00 -8.252113003563636084e+00
-2.737373737373737370e+01 -8.203305464771725397e+00 -8.226735087779603717e+00 -8.179875841763847077e+00
-2.727272727272726982e+01 -8.128032989023868282e+00 -8.147101548358564926e+00 -8.108964429689171638e+00
-2.717171717171716949e+01 -8.054448012928370204e+00 -8.069526232305994640e+00 -8.039369793550745769e+00
-2.707070707070707272e+01 -7.982210575013028553e+00 -7.994196949892861781e+00 -7.970224200133195325e+00
-2.696969696969696884e+01 -7.912063931835270125e+00 -7.921630214490144262e+00 -7.902497649180395989e+00
-2.686868686868686851e+01 -7.842881705562280814e+00 -7.852253023136685606e+00 -7.833510387987876022e+00
-2.676767676767676818e+01 -7.776055834801507416e+00 -7.787253809125298964e+00 -7.764857860477715867e+00
-2.666666666666666430e+01 -7.709988027029281099e+00 -7.724315886497593375e+00 -7.695660167560968823e+00
-2.656565656565656752e+01 -7.646144985899553603e+00 -7.663837730829374806e+00 -7.628452240969732401e+00
-2.646464646464646364e+01 -7.583464774129524244e+00 -7.604235733271256237e+00 -7.562693814987792251e+00
-2.636363636363636331e+01 -7.522612354214362362e+00 -7.546124539922054453e+00 -7.499100168506670272e+00
-2.626262626262626299e+01 -7.463239912083908578e+00 -7.489188034353227330e+00 -7.437291789814589826e+00
-2.616161616161615910e+01 -7.405376871136486905e+00 -7.433455635150386875e+00 -7.377298107122586934e+00
-2.606060606060605878e+01 -7.349233233890603678e+00 -7.379137402139617663e+00 -7.319329065641589693e+00
-2.595959595959595845e+01 -7.294349213979866242e+00 -7.325790556854736124e+00 -7.262907871104996360e+00
-2.585858585858585457e+01 -7.241355405791136235e+00 -7.274043711722232075e+00 -7.208667099860040395e+00
-2.575757575757575779e+01 -7.189430775339516799e+00 -7.223084058903488369e+00 -7.155777491775545229e+00
-2.565656565656565746e+01 -7.139381041919114601e+00 -7.173731684213564996e+00 -7.105030399624664206e+00
-2.555555555555555358e+01 -7.090512583407191372e+00 -7.125285692646222913e+00 -7.055739474168159830e+00
-2.545454545454545325e+01 -7.043321005838603988e+00 -7.078267558642021839e+00 -7.008374453035186136e+00
-2.535353535353535648e+01 -6.997474173215795901e+00 -7.032339342682589312e+00 -6.962609003749002490e+00
-2.525252525252525260e+01 -6.953102117603762622e+00 -6.987647454819551740e+00 -6.918556780387973504e+00
-2.515151515151515227e+01 -6.910182414714069132e+00 -6.944182697326198195e+00 -6.876182132101940070e+00
-2.505050505050505194e+01 -6.868580471742397719e+00 -6.901803184054932316e+00 -6.835357759429863123e+00
-2.494949494949494806e+01 -6.828490311502176446e+00 -6.860824082880606412e+00 -6.796156540123746481e+00
-2.484848484848484773e+01 -6.789597980525903687e+00 -6.821547640195920081e+00 -6.757648320855887292e+00
-2.474747474747474740e+01 -6.752212485431428490e+00 -6.783661459679517058e+00 -6.720763511183339922e+00
-2.464646464646464352e+01 -6.715981157043040994e+00 -6.746780577547578872e+00 -6.685181736538503117e+00
-2.454545454545454675e+01 -6.681161349626674628e+00 -6.711205044041435919e+00 -6.651117655211913338e+00
-2.444444444444444642e+01 -6.647539962302546179e+00 -6.676700701256427450e+00 -6.618379223348664908e+00
-2.434343434343434254e+01 -6.615200155304596485e+00 -6.643375580070554953e+00 -6.587024730538638018e+00
-2.424242424242424221e+01 -6.584066778374448425e+00 -6.611154127873783537e+00 -6.556979428875113314e+00
-2.414141414141414543e+01 -6.554108913587915808e+00 -6.580010235723492862e+00 -6.528207591452338754e+00
-2.404040404040404155e+01 -6.525335589358667754e+00 -6.549974209060580144e+00 -6.500696969656755364e+00
-2.393939393939394122e+01 -6.497649224289615333e+00 -6.520933328793684147e+00 -6.474365119785546518e+00
-2.383838383838383734e+01 -6.471101472836125801e+00 -6.492980988573666679e+00 -6.449221957098584923e+00
-2.373737373737373701e+01 -6.445563967342790690e+00 -6.465955834529894197e+00 -6.425172100155687183e+00
-2.363636363636363313e+01 -6.421087701132170977e+00 -6.439959951852386233e+00 -6.402215450411955722e+00
-2.353535353535353281e+01 -6.397577500695684982e+00 -6.414875044260235804e+00 -6.380279957131134161e+00
-2.343434343434343248e+01 -6.375033142412545040e+00 -6.392534572502886370e+00 -6.357531712322203710e+00
-2.333333333333332860e+01 -6.353396505709664410e+00 -6.371163751754137294e+00 -6.335629259665191526e+00
-2.323232323232323182e+01 -6.332636123228390090e+00 -6.350648215156925680e+00 -6.314624031299854501e+00
-2.313131313131313149e+01 -6.312711620281895364e+00 -6.330946944618508709e+00 -6.294476295945282018e+00
-2.303030303030302761e+01 -6.293578145541049551e+00 -6.312014032164419142e+00 -6.275142258917679960e+00
-2.292929292929292728e+01 -6.275199981329742549e+00 -6.294082470007129615e+00 -6.256317492652355483e+00
-2.282828282828283051e+01 -6.257529191694107595e+00 -6.277080148137514470e+00 -6.237978235250700720e+00
-2.272727272727272663e+01 -6.240528441371759882e+00 -6.261207973757708878e+00 -6.219848908985810887e+00
-2.262626262626262630e+01 -6.224151765707060413e+00 -6.245909509753765576e+00 -6.202394021660355250e+00
-2.252525252525252597e+01 -6.208358831048772508e+00 -6.231103446967362736e+00 -6.185614215130182281e+00
-2.242424242424242209e+01 -6.193105899665605207e+00 -6.216898751036690207e+00 -6.169313048294520208e+00
-2.232323232323232176e+01 -6.178351696501315438e+00 -6.203264772601580823e+00 -6.153438620401050052e+00
-2.222222222222222143e+01 -6.164054981940990885e+00 -6.190293565354433980e+00 -6.137816398527547790e+00
-2.212121212121211755e+01 -6.150173627560117318e+00 -6.177613035649743622e+00 -6.122734219470491013e+00
-2.202020202020202078e+01 -6.136672144883378976e+00 -6.165182578045082629e+00 -6.108161711721675324e+00
-2.191919191919192045e+01 -6.123504571910096672e+00 -6.152949278056182969e+00 -6.094059865764010375e+00
-2.181818181818181657e+01 -6.110646525945050200e+00 -6.140902399791452027e+00 -6.080390652098648374e+00
-2.171717171717171624e+01 -6.098044291187023624e+00 -6.128976635279093976e+00 -6.067111947094953273e+00
-2.161616161616161946e+01 -6.085684627527797375e+00 -6.117178653003750632e+00 -6.054190602051844117e+00
-2.151515151515151558e+01 -6.073518275506424757e+00 -6.105452858425707952e+00 -6.041583692587141563e+00
-2.141414141414141525e+01 -6.061529403979008634e+00 -6.093849635187925884e+00 -6.029209172770091385e+00
-2.131313131313131493e+01 -6.049682627088296627e+00 -6.082361150160344287e+00 -6.017004104016248967e+00
-2.121212121212121104e+01 -6.037953722669751500e+00 -6.070886961444884378e+00 -6.005020483894618621e+00
-2.111111111111111072e+01 -6.026327494220764081e+00 -6.059422238605544742e+00 -5.993232749835983419e+00
-2.101010101010100684e+01 -6.014765719548777589e+00 -6.047936335580203604e+00 -5.981595103517351575e+00
-2.090909090909090651e+01 -6.003278774822938146e+00 -6.036459929315628692e+00 -5.970097620330247601e+00
-2.080808080808080973e+01 -5.991809528422084696e+00 -6.024922497338906169e+00 -5.958696559505263224e+00
-2.070707070707070585e+01 -5.980390078779493024e+00 -6.013376723764694454e+00 -5.947403433794291594e+00
-2.060606060606060552e+01 -5.968964217069289369e+00 -6.001763707451967633e+00 -5.936164726686611104e+00
-2.050505050505050164e+01 -5.957559295184622350e+00 -5.990126801369769716e+00 -5.924991788999474984e+00
-2.040404040404040131e+01 -5.946141130595783864e+00 -5.978433761088172815e+00 -5.913848500103394912e+00
-2.030303030303030454e+01 -5.934716646627581582e+00 -5.966700957788501292e+00 -5.902732335466661873e+00
-2.020202020202020066e+01 -5.923279993886492178e+00 -5.954928347267981259e+00 -5.891631640505003098e+00
-2.010101010101010033e+01 -5.911814600818781962e+00 -5.943103652167342155e+00 -5.880525549470221769e+00
-2.000000000000000000e+01 -5.900344213560963169e+00 -5.931258695814852544e+00 -5.869429731307073794e+00
