# # Muv, logPhi, -err(logPhi), +err(logPhi)
-3.000000000000000000e+01 -1.147736991015917951e+01 -1.182625003720638190e+01 -1.112848978311197712e+01
-2.989898989898989967e+01 -1.135982616971172199e+01 -1.169305531222374128e+01 -1.102659702719970269e+01
-2.979797979797979579e+01 -1.124151917703613535e+01 -1.155879607362436978e+01 -1.092424228044790091e+01
-2.969696969696969546e+01 -1.112729536510099315e+01 -1.142972012865942766e+01 -1.082487060154255865e+01
-2.959595959595959869e+01 -1.101219998593414218e+01 -1.129946996335996445e+01 -1.072493000850831990e+01
-2.949494949494949481e+01 -1.090056725843224861e+01 -1.117357812610950418e+01 -1.062755639075499303e+01
-2.939393939393939448e+01 -1.078940222229473633e+01 -1.104824212847077014e+01 -1.053056231611870253e+01
-2.929292929292929060e+01 -1.068044765134326646e+01 -1.092565092459972931e+01 -1.043524437808680361e+01
-2.919191919191919027e+01 -1.057311582828464935e+01 -1.080508378432148753e+01 -1.034114787224781118e+01
-2.909090909090909349e+01 -1.046691747085617585e+01 -1.068589545198892132e+01 -1.024793948972343038e+01
-2.898989898989898961e+01 -1.036333024850115692e+01 -1.056996608318784858e+01 -1.015669441381446525e+01
-2.888888888888888928e+01 -1.025995781414191477e+01 -1.045426993851668662e+01 -1.006564568976714291e+01
-2.878787878787878896e+01 -1.016003389482088792e+01 -1.034285930715544843e+01 -9.977208482486327412e+00
-2.868686868686868507e+01 -1.005954928086595146e+01 -1.023073283133444811e+01 -9.888365730397454811e+00
-2.858585858585858475e+01 -9.962412139258796984e+00 -1.012274314212627324e+01 -9.802081136391320726e+00
-2.848484848484848442e+01 -9.865671336627089616e+00 -1.001524178919394181e+01 -9.716100884060237419e+00
-2.838383838383838054e+01 -9.771345412413777964e+00 -9.910705804313899137e+00 -9.631985020513656792e+00
-2.828282828282828376e+01 -9.678301696957699818e+00 -9.807752731794886714e+00 -9.548850662120512922e+00
-2.818181818181818343e+01 -9.586844535911273724e+00 -9.706742177205814670e+00 -9.466946894616732777e+00
-2.808080808080807955e+01 -9.497415722832165841e+00 -9.608218922751211366e+00 -9.386612522913120316e+00
-2.797979797979797922e+01 -9.408876623297288688e+00 -9.510793346204204468e+00 -9.306959900390372908e+00
-2.787878787878788245e+01 -9.322985819720482681e+00 -9.416590068371446520e+00 -9.229381571069518841e+00
-2.777777777777777857e+01 -9.237406166769563498e+00 -9.322797518723408672e+00 -9.152014814815718324e+00
-2.767676767676767824e+01 -9.154659030650059037e+00 -9.232429633797304191e+00 -9.076888427502813883e+00
-2.757575757575757791e+01 -9.072394338013928916e+00 -9.142688940144513055e+00 -9.002099735883344778e+00
-2.747474747474747403e+01 -8.992533857799577035e+00 -9.055847242832923527e+00 -8.929220472766230543e+00
-2.737373737373737370e+01 -8.913798289922164386e+00 -8.971046853024590817e+00 -8.856549726819737955e+00
-2.727272727272726982e+01 -8.836857426692146689e+00 -8.888680347799009951e+00 -8.785034505585283426e+00
-2.717171717171716949e+01 -8.761570450764603279e+00 -8.808274355330290462e+00 -8.714866546198916097e+00
-2.707070707070707272e+01 -8.687573616857344305e+00 -8.729412285670303362e+00 -8.645734948044385249e+00
-2.696969696969696884e+01 -8.615657803249959557e+00 -8.653462438571041915e+00 -8.577853167928877198e+00
-2.686868686868686851e+01 -8.544620995061039892e+00 -8.580337745897853807e+00 -8.508904244224225977e+00
-2.676767676767676818e+01 -8.475950567203124564e+00 -8.510618155861129353e+00 -8.441282978545119775e+00
-2.666666666666666430e+01 -8.407931991379594905e+00 -8.441863446733819387e+00 -8.374000536025370423e+00
-2.656565656565656752e+01 -8.342140968907893139e+00 -8.375395000548506275e+00 -8.308886937267280004e+00
-2.646464646464646364e+01 -8.277432056012976602e+00 -8.310045214325734619e+00 -8.244818897700218585e+00
-2.636363636363636331e+01 -8.214523445167934312e+00 -8.246992270962762106e+00 -8.182054619373106519e+00
-2.626262626262626299e+01 -8.153038791235202254e+00 -8.185506311364594723e+00 -8.120571271105809785e+00
-2.616161616161615910e+01 -8.093006250906702448e+00 -8.125472430469297791e+00 -8.060540071344107105e+00
-2.606060606060605878e+01 -8.034661055101667060e+00 -8.067125874631546623e+00 -8.002196235571787497e+00
-2.595959595959595845e+01 -7.977488834962576547e+00 -8.009952240961560221e+00 -7.945025428963592873e+00
-2.585858585858585457e+01 -7.922198036397937848e+00 -7.954660023492293064e+00 -7.889736049303582632e+00
-2.575757575757575779e+01 -7.867860853767399298e+00 -7.900321349942436733e+00 -7.835400357592361864e+00
-2.565656565656565746e+01 -7.815393164045711494e+00 -7.847852165717955408e+00 -7.782934162373467579e+00
-2.555555555555555358e+01 -7.764001171756490294e+00 -7.796746819152517105e+00 -7.731255524360463482e+00
-2.545454545454545325e+01 -7.714257201123873919e+00 -7.747535071919187999e+00 -7.680979330328559840e+00
-2.535353535353535648e+01 -7.665776858649554271e+00 -7.699493551340844455e+00 -7.632060165958264086e+00
-2.525252525252525260e+01 -7.618712075209490564e+00 -7.652775585981467898e+00 -7.584648564437513230e+00
-2.515151515151515227e+01 -7.573042201090705916e+00 -7.607364646745394587e+00 -7.538719755436017245e+00
-2.505050505050505194e+01 -7.528601337119564363e+00 -7.563095442878227992e+00 -7.494107231360900734e+00
-2.494949494949494806e+01 -7.485637755113380365e+00 -7.520224582156801674e+00 -7.451050928069959056e+00
-2.484848484848484773e+01 -7.443754662523240917e+00 -7.478349945716120217e+00 -7.409159379330361617e+00
-2.474747474747474740e+01 -7.403358211266563238e+00 -7.437893318039670021e+00 -7.368823104493456455e+00
-2.464646464646464352e+01 -7.363987019226007291e+00 -7.398382222234899608e+00 -7.329591816217114975e+00
-2.454545454545454675e+01 -7.325995441436792710e+00 -7.360189589776325647e+00 -7.291801293097259773e+00
-2.444444444444444642e+01 -7.289097998544579404e+00 -7.323087413382762811e+00 -7.255108583706395997e+00
-2.434343434343434254e+01 -7.253421604400045908e+00 -7.287158600047417778e+00 -7.219684608752674038e+00
-2.424242424242424221e+01 -7.218871379382192366e+00 -7.252307988695966046e+00 -7.185434770068418686e+00
-2.414141414141414543e+01 -7.185409296800173706e+00 -7.218499944928464807e+00 -7.152318648671882606e+00
-2.404040404040404155e+01 -7.153075006285579462e+00 -7.185782973527187423e+00 -7.120367039043971502e+00
-2.393939393939394122e+01 -7.121715569583309424e+00 -7.154142104576454386e+00 -7.089289034590164462e+00
-2.383838383838383734e+01 -7.091461072804574606e+00 -7.123885257585800268e+00 -7.059036888023348943e+00
-2.373737373737373701e+01 -7.062082448277997138e+00 -7.094504188861192162e+00 -7.029660707694802113e+00
-2.363636363636363313e+01 -7.033733470785543673e+00 -7.066152743712728501e+00 -7.001314197858358845e+00
-2.353535353535353281e+01 -7.006238006623534353e+00 -7.038654731580999524e+00 -6.973821281666069183e+00
-2.343434343434343248e+01 -6.979657094237621706e+00 -7.012071233117177727e+00 -6.947242955358065686e+00
-2.333333333333332860e+01 -6.953898078502128044e+00 -6.986309568340266729e+00 -6.921486588663989359e+00
-2.323232323232323182e+01 -6.928945079308603816e+00 -6.961353867219922442e+00 -6.896536291397285190e+00
-2.313131313131313149e+01 -6.904768670519398022e+00 -6.937174711050825948e+00 -6.872362629987970095e+00
-2.303030303030302761e+01 -6.881297729317739531e+00 -6.913700956659458718e+00 -6.848894501976020344e+00
-2.292929292929292728e+01 -6.858549099264197757e+00 -6.890949485598194535e+00 -6.826148712930200979e+00
-2.282828282828283051e+01 -6.836410825290469617e+00 -6.868808293924121067e+00 -6.804013356656818168e+00
-2.272727272727272663e+01 -6.814926459690492599e+00 -6.847320993581229587e+00 -6.782531925799755612e+00
-2.262626262626262630e+01 -6.793979767391137514e+00 -6.826483013963328794e+00 -6.761476520818946234e+00
-2.252525252525252597e+01 -6.773599864062819442e+00 -6.806358273350997301e+00 -6.740841454774641583e+00
-2.242424242424242209e+01 -6.753704227486202250e+00 -6.786708540229643205e+00 -6.720699914742761294e+00
-2.232323232323232176e+01 -6.734282961531333100e+00 -6.767521742201696000e+00 -6.701044180860970201e+00
-2.222222222222222143e+01 -6.715293098623611456e+00 -6.748754114641087654e+00 -6.681832082606135259e+00
-2.212121212121211755e+01 -6.696690284872533816e+00 -6.730360354635014808e+00 -6.663020215110052824e+00
-2.202020202020202078e+01 -6.678469461036457666e+00 -6.712334457160552326e+00 -6.644604464912363007e+00
-2.191919191919192045e+01 -6.660553226474327460e+00 -6.694598525642944331e+00 -6.626507927305710588e+00
-2.181818181818181657e+01 -6.642973992243763171e+00 -6.677184607825715545e+00 -6.608763376661810796e+00
-2.171717171717171624e+01 -6.625624378826335814e+00 -6.659984696367803103e+00 -6.591264061284868525e+00
-2.161616161616161946e+01 -6.608555270577920027e+00 -6.643050157848348292e+00 -6.574060383307491762e+00
-2.151515151515151558e+01 -6.591681071737474973e+00 -6.626294903269433156e+00 -6.557067240205516789e+00
-2.141414141414141525e+01 -6.575020357881250277e+00 -6.609738276666148771e+00 -6.540302439096351783e+00
-2.131313131313131493e+01 -6.558527843011482616e+00 -6.593335089291806561e+00 -6.523720596731158672e+00
-2.121212121212121104e+01 -6.542187873406470899e+00 -6.577070273742765316e+00 -6.507305473070176483e+00
-2.111111111111111072e+01 -6.525997673665567156e+00 -6.560942000623249726e+00 -6.491053346707884586e+00
-2.101010101010100684e+01 -6.509905132911133485e+00 -6.544898282375997134e+00 -6.474911983446269836e+00
-2.090909090909090651e+01 -6.493951937695291221e+00 -6.528982655738030161e+00 -6.458921219652552281e+00
-2.080808080808080973e+01 -6.478047428980381106e+00 -6.513104004800696067e+00 -6.442990853160066145e+00
-2.070707070707070585e+01 -6.462265228090671165e+00 -6.497338376095947332e+00 -6.427192080085394998e+00
-2.060606060606060552e+01 -6.446516186427036388e+00 -6.481596278142732537e+00 -6.411436094711340239e+00
-2.050505050505050164e+01 -6.430857118985058740e+00 -6.465936574891875566e+00 -6.395777663078241915e+00
-2.040404040404040131e+01 -6.415236222130680233e+00 -6.450307753867241090e+00 -6.380164690394119376e+00
-2.030303030303030454e+01 -6.399670209957787570e+00 -6.434727843659186597e+00 -6.364612576256388543e+00
-2.020202020202020066e+01 -6.384152395642222366e+00 -6.419191032206662761e+00 -6.349113759077781971e+00
-2.010101010101010033e+01 -6.368658161171007137e+00 -6.403673383676587783e+00 -6.333642938665426492e+00
-2.000000000000000000e+01 -6.353225952303027668e+00 -6.388214592377109646e+00 -6.318237312228945690e+00
