# # Muv, logPhi, -err(logPhi), +err(logPhi)
-3.000000000000000000e+01 -1.239988699482213264e+01 -1.279317461172104586e+01 -1.200659937792321941e+01
-2.989898989898989967e+01 -1.228142457444757518e+01 -1.265875924141242592e+01 -1.190408990748272444e+01
-2.979797979797979579e+01 -1.216213641837419246e+01 -1.252318828593709199e+01 -1.180108455081129293e+01
-2.969696969696969546e+01 -1.204695644090342022e+01 -1.239284417243412584e+01 -1.170106870937271459e+01
-2.959595959595959869e+01 -1.193083709722565544e+01 -1.226122800222709941e+01 -1.160044619222421147e+01
-2.949494949494949481e+01 -1.181819417304670061e+01 -1.213399608504286320e+01 -1.150239226105053802e+01
-2.939393939393939448e+01 -1.170597458200998986e+01 -1.200725887994914842e+01 -1.140469028407083130e+01
-2.929292929292929060e+01 -1.159595381102706924e+01 -1.188325376938152900e+01 -1.130865385267260947e+01
-2.919191919191919027e+01 -1.148753428676390520e+01 -1.176124663078384458e+01 -1.121382194274396582e+01
-2.909090909090909349e+01 -1.138021159231681168e+01 -1.164056840495211631e+01 -1.111985477968150704e+01
-2.898989898989898961e+01 -1.127550091604564386e+01 -1.152315668269324789e+01 -1.102784514939803984e+01
-2.888888888888888928e+01 -1.117094371140684395e+01 -1.140589226761877129e+01 -1.093599515519491661e+01
-2.878787878787878896e+01 -1.106985791037831568e+01 -1.129295335350725971e+01 -1.084676246724937165e+01
-2.868686868686868507e+01 -1.096812563102302462e+01 -1.117917762071554755e+01 -1.075707364133050170e+01
-2.858585858585858475e+01 -1.086976184049115979e+01 -1.106957551964985775e+01 -1.066994816133246182e+01
-2.848484848484848442e+01 -1.077173142376151738e+01 -1.096037568756432812e+01 -1.058308715995870664e+01
-2.838383838383838054e+01 -1.067611041961214369e+01 -1.085413896420302216e+01 -1.049808187502126522e+01
-2.828282828282828376e+01 -1.058173313356511258e+01 -1.074943567980951897e+01 -1.041403058732070619e+01
-2.818181818181818343e+01 -1.048890973890137523e+01 -1.064663329224174859e+01 -1.033118618556100188e+01
-2.808080808080807955e+01 -1.039810014806275973e+01 -1.054630386069174186e+01 -1.024989643543377760e+01
-2.797979797979797922e+01 -1.030812073481244262e+01 -1.044699234112830588e+01 -1.016924912849657936e+01
-2.787878787878788245e+01 -1.022079857404862757e+01 -1.035092262591696688e+01 -1.009067452218028826e+01
-2.777777777777777857e+01 -1.013370139211383147e+01 -1.025514677050127155e+01 -1.001225601372639140e+01
-2.767676767676767824e+01 -1.004945453614038087e+01 -1.016282755381219971e+01 -9.936081518468562024e+00
-2.757575757575757791e+01 -9.965606020721644143e+00 -1.007102296215994741e+01 -9.860189079283340874e+00
-2.747474747474747403e+01 -9.884162026223476616e+00 -9.983118614783036193e+00 -9.785205437663917039e+00
-2.737373737373737370e+01 -9.803784534913338788e+00 -9.896529780380255659e+00 -9.711039289446421918e+00
-2.727272727272726982e+01 -9.725172850338241304e+00 -9.812030408848379182e+00 -9.638315291828103426e+00
-2.717171717171716949e+01 -9.648181727772056959e+00 -9.729452674813577673e+00 -9.566910780730536246e+00
-2.707070707070707272e+01 -9.572423011398955239e+00 -9.648346691827649479e+00 -9.496499330970260999e+00
-2.696969696969696884e+01 -9.498736535060231745e+00 -9.570494748407677221e+00 -9.426978321712786268e+00
-2.686868686868686851e+01 -9.425842789823340340e+00 -9.495363126383534080e+00 -9.356322453263146599e+00
-2.676767676767676818e+01 -9.355327138847361113e+00 -9.422776892086432099e+00 -9.287877385608290126e+00
-2.666666666666666430e+01 -9.285355915557698125e+00 -9.351013097924976591e+00 -9.219698733190419659e+00
-2.656565656565656752e+01 -9.217616773539834440e+00 -9.282553079591101763e+00 -9.152680467488567118e+00
-2.646464646464646364e+01 -9.150878732864978105e+00 -9.215128664420596749e+00 -9.086628801309359460e+00
-2.636363636363636331e+01 -9.085914708054197320e+00 -9.149527071452631333e+00 -9.022302344655763306e+00
-2.626262626262626299e+01 -9.022319356529385104e+00 -9.085335183316813001e+00 -8.959303529741957206e+00
-2.616161616161615910e+01 -8.960119509228640311e+00 -9.022580062687854507e+00 -8.897658955769426115e+00
-2.606060606060605878e+01 -8.899576821269745253e+00 -8.961526701734518596e+00 -8.837626940804971909e+00
-2.595959595959595845e+01 -8.840120643948422341e+00 -8.901596033350392290e+00 -8.778645254546452392e+00
-2.585858585858585457e+01 -8.782540229969660217e+00 -8.843586819187446935e+00 -8.721493640751873500e+00
-2.575757575757575779e+01 -8.725797582894271542e+00 -8.786448440693050088e+00 -8.665146725095492997e+00
-2.565656565656565746e+01 -8.670922857020755714e+00 -8.731221330312159523e+00 -8.610624383729351905e+00
-2.555555555555555358e+01 -8.617018929720796194e+00 -8.677174575693033631e+00 -8.556863283748558757e+00
-2.545454545454545325e+01 -8.564737844393169652e+00 -8.624890711176348645e+00 -8.504584977609990659e+00
-2.535353535353535648e+01 -8.513641593806893226e+00 -8.573791593009225664e+00 -8.453491594604560788e+00
-2.525252525252525260e+01 -8.463905017583908119e+00 -8.524052085692153113e+00 -8.403757949475663125e+00
-2.515151515151515227e+01 -8.415510032223487258e+00 -8.475654108440721757e+00 -8.355365956006252759e+00
-2.505050505050505194e+01 -8.368258378789292351e+00 -8.428399365349774186e+00 -8.308117392228810516e+00
-2.494949494949494806e+01 -8.322455594975675552e+00 -8.382593458401229825e+00 -8.262317731550121280e+00
-2.484848484848484773e+01 -8.277618864155096290e+00 -8.337753473075705912e+00 -8.217484255234486668e+00
-2.474747474747474740e+01 -8.234256431472218196e+00 -8.294387770041112162e+00 -8.174125092903324230e+00
-2.464646464646464352e+01 -8.191793908359073839e+00 -8.251921831402336593e+00 -8.131665985315811085e+00
-2.454545454545454675e+01 -8.150687653743348804e+00 -8.210812132201855462e+00 -8.090563175284842146e+00
-2.444444444444444642e+01 -8.110577243900866762e+00 -8.170698162247841623e+00 -8.050456325553891901e+00
-2.434343434343434254e+01 -8.071635884977389708e+00 -8.131753180320085761e+00 -8.011518589634693654e+00
-2.424242424242424221e+01 -8.033748998050505463e+00 -8.093862584422931050e+00 -7.973635411678079876e+00
-2.414141414141414543e+01 -7.996871437952985495e+00 -8.056981220044274750e+00 -7.936761655861696241e+00
-2.404040404040404155e+01 -7.961076154716081099e+00 -8.021182076112371107e+00 -7.900970233319791092e+00
-2.393939393939394122e+01 -7.926152188004070176e+00 -7.986254122654099064e+00 -7.866050253354041288e+00
-2.383838383838383734e+01 -7.892313447929792503e+00 -7.952411369007919006e+00 -7.832215526851665999e+00
-2.373737373737373701e+01 -7.859224700917956774e+00 -7.919318453607765207e+00 -7.799130948228148341e+00
-2.363636363636363313e+01 -7.827149368971492827e+00 -7.887238929429234879e+00 -7.767059808513750774e+00
-2.353535353535353281e+01 -7.795825878840741296e+00 -7.855911119072955806e+00 -7.735740638608526787e+00
-2.343434343434343248e+01 -7.765380768971320791e+00 -7.825461639478389131e+00 -7.705299898464252450e+00
-2.333333333333332860e+01 -7.735685153250252633e+00 -7.795815189193566752e+00 -7.675555117306938513e+00
-2.323232323232323182e+01 -7.706739676824942542e+00 -7.767062648867648633e+00 -7.646416704782236451e+00
-2.313131313131313149e+01 -7.678527222023036281e+00 -7.739045313948074600e+00 -7.618009130097997961e+00
-2.303030303030302761e+01 -7.650947753139727858e+00 -7.711663054084712421e+00 -7.590232452194743296e+00
-2.292929292929292728e+01 -7.624075285758014076e+00 -7.684985842381092169e+00 -7.563164729134935982e+00
-2.282828282828283051e+01 -7.597727263305928069e+00 -7.658832854004203661e+00 -7.536621672607652478e+00
-2.272727272727272663e+01 -7.572035324358703079e+00 -7.633330885233711172e+00 -7.510739763483694986e+00
-2.262626262626262630e+01 -7.546804857971332936e+00 -7.608287110265620434e+00 -7.485322605677045438e+00
-2.252525252525252597e+01 -7.522140560372382545e+00 -7.583802554671264851e+00 -7.460478566073500239e+00
-2.242424242424242209e+01 -7.497915517311456668e+00 -7.559750774143599195e+00 -7.436080260479314141e+00
-2.232323232323232176e+01 -7.474152950672222850e+00 -7.536153202446934429e+00 -7.412152698897511272e+00
-2.222222222222222143e+01 -7.450806447880276906e+00 -7.512962891359115325e+00 -7.388650004401438487e+00
-2.212121212121211755e+01 -7.427826343460048442e+00 -7.490129561402468106e+00 -7.365523125517628777e+00
-2.202020202020202078e+01 -7.405240697862865318e+00 -7.467680438872662307e+00 -7.342800956853068328e+00
-2.191919191919192045e+01 -7.382932309670765747e+00 -7.445498257067939996e+00 -7.320366362273591498e+00
-2.181818181818181657e+01 -7.360997883998035896e+00 -7.423679160901854424e+00 -7.298316607094217368e+00
-2.171717171717171624e+01 -7.339262867969831738e+00 -7.402048573510500162e+00 -7.276477162429163315e+00
-2.161616161616161946e+01 -7.317851983895446999e+00 -7.380731243717054468e+00 -7.254972724073839530e+00
-2.151515151515151558e+01 -7.296632403661461375e+00 -7.359594282648997066e+00 -7.233670524673925684e+00
-2.141414141414141525e+01 -7.275661453403047041e+00 -7.338695438696379192e+00 -7.212627468109714890e+00
-2.131313131313131493e+01 -7.254878669037139183e+00 -7.317974432037785526e+00 -7.191782906036492840e+00
-2.121212121212121104e+01 -7.234275629135473729e+00 -7.297423258172591964e+00 -7.171128000098355493e+00
-2.111111111111111072e+01 -7.213862833063624969e+00 -7.277053081352915953e+00 -7.150672584774333984e+00
-2.101010101010100684e+01 -7.193567051386599687e+00 -7.256790824690211750e+00 -7.130343278082987624e+00
-2.090909090909090651e+01 -7.173468631129831685e+00 -7.236718072056138595e+00 -7.110219190203524775e+00
-2.080808080808080973e+01 -7.153430168348483775e+00 -7.216697174415490856e+00 -7.090163162281476694e+00
-2.070707070707070585e+01 -7.133578728394889268e+00 -7.196856828777693060e+00 -7.070300628012085475e+00
-2.060606060606060552e+01 -7.113779353442417630e+00 -7.177061867530777128e+00 -7.050496839354058132e+00
-2.050505050505050164e+01 -7.094127422006462069e+00 -7.157409072436139219e+00 -7.030845771576784919e+00
-2.040404040404040131e+01 -7.074546430991216717e+00 -7.137822137039388615e+00 -7.011270724943044819e+00
-2.030303030303030454e+01 -7.055065867973088878e+00 -7.118331453073023063e+00 -6.991800282873154693e+00
-2.020202020202020066e+01 -7.035677919472397512e+00 -7.098929812578445464e+00 -6.972426026366349561e+00
-2.010101010101010033e+01 -7.016346900654404806e+00 -7.079581980163165866e+00 -6.953111821145643745e+00
-2.000000000000000000e+01 -6.997132191554820579e+00 -7.060348234257355138e+00 -6.933916148852286021e+00
