# # Muv, logPhi, -err(logPhi), +err(logPhi)
-3.000000000000000000e+01 -1.345364393575695061e+01 -1.389009121351788423e+01 -1.301719665799601700e+01
-2.989898989898989967e+01 -1.333426743204374709e+01 -1.375446096294664322e+01 -1.291407390114085096e+01
-2.979797979797979579e+01 -1.321400276614457070e+01 -1.361758456084633551e+01 -1.281042097144280589e+01
-2.969696969696969546e+01 -1.309787158319833189e+01 -1.348597971710159094e+01 -1.270976344929507285e+01
-2.959595959595959869e+01 -1.298073328048061725e+01 -1.335300561658906027e+01 -1.260846094437217424e+01
-2.949494949494949481e+01 -1.286708542876618822e+01 -1.322444279640609288e+01 -1.250972806112628355e+01
-2.939393939393939448e+01 -1.275381667688873044e+01 -1.309631448657832919e+01 -1.241131886719913169e+01
-2.929292929292929060e+01 -1.264273527248702678e+01 -1.297090657498966237e+01 -1.231456396998439118e+01
-2.919191919191919027e+01 -1.253323382967697519e+01 -1.284747169966637692e+01 -1.221899595968757346e+01
-2.909090909090909349e+01 -1.242479265236655195e+01 -1.272531681796589709e+01 -1.212426848676720681e+01
-2.898989898989898961e+01 -1.231896470018729950e+01 -1.260643731529747669e+01 -1.203149208507712231e+01
-2.888888888888888928e+01 -1.221322886026294618e+01 -1.248762021805663913e+01 -1.193883750246925324e+01
-2.878787878787878896e+01 -1.211098776572196911e+01 -1.237317008147568131e+01 -1.184880544996825691e+01
-2.868686868686868507e+01 -1.200801423519126843e+01 -1.225776326706279029e+01 -1.175826520331974656e+01
-2.858585858585858475e+01 -1.190843066587904708e+01 -1.214656843729195579e+01 -1.167029289446613838e+01
-2.848484848484848442e+01 -1.180911748720773069e+01 -1.203569121062974290e+01 -1.158254376378571848e+01
-2.838383838383838054e+01 -1.171220856015354705e+01 -1.192777632732417459e+01 -1.149664079298291952e+01
-2.828282828282828376e+01 -1.161650504144848561e+01 -1.182134706074211117e+01 -1.141166302215486006e+01
-2.818181818181818343e+01 -1.152232288036345409e+01 -1.171677861413875021e+01 -1.132786714658815796e+01
-2.808080808080807955e+01 -1.143014039364514467e+01 -1.161467064536994265e+01 -1.124561014192034669e+01
-2.797979797979797922e+01 -1.133872848279454182e+01 -1.151350247904630741e+01 -1.116395448654277622e+01
-2.787878787878788245e+01 -1.124998346988153841e+01 -1.141559767852985630e+01 -1.108436926123322053e+01
-2.777777777777777857e+01 -1.116137698306289572e+01 -1.131787169386593384e+01 -1.100488227225985760e+01
-2.767676767676767824e+01 -1.107563948067629234e+01 -1.122363651909738280e+01 -1.092764244225520187e+01
-2.757575757575757791e+01 -1.099021601960446581e+01 -1.113041730920325101e+01 -1.085001473000568062e+01
-2.747474747474747403e+01 -1.090719812681275336e+01 -1.104055497545082964e+01 -1.077384127817467707e+01
-2.737373737373737370e+01 -1.082518852326486858e+01 -1.095190497842662936e+01 -1.069847206810310780e+01
-2.727272727272726982e+01 -1.074491631404411685e+01 -1.086531334507658464e+01 -1.062451928301164905e+01
-2.717171717171716949e+01 -1.066623198739987011e+01 -1.078060720369501979e+01 -1.055185677110472042e+01
-2.707070707070707272e+01 -1.058872255004280660e+01 -1.069730315235268137e+01 -1.048014194773293184e+01
-2.696969696969696884e+01 -1.051327773471099825e+01 -1.061642633583250372e+01 -1.041012913358949277e+01
-2.686868686868686851e+01 -1.043853931931738366e+01 -1.053861553346911784e+01 -1.033846310516564948e+01
-2.676767676767676818e+01 -1.036619240153927279e+01 -1.046406994233484511e+01 -1.026831486074370048e+01
-2.666666666666666430e+01 -1.029428227387417749e+01 -1.039001572909603688e+01 -1.019854881865231810e+01
-2.656565656565656752e+01 -1.022461055488719950e+01 -1.031835700332226935e+01 -1.013086410645212965e+01
-2.646464646464646364e+01 -1.015585943170503924e+01 -1.024815551687303028e+01 -1.006356334653704820e+01
-2.636363636363636331e+01 -1.008885755922495520e+01 -1.018047565988918635e+01 -9.997239458560724046e+00
-2.626262626262626299e+01 -1.002317038580372888e+01 -1.011415041695703643e+01 -9.932190354650421327e+00
-2.616161616161615910e+01 -9.958823364158407188e+00 -1.004920539812019697e+01 -9.868441330196617400e+00
-2.606060606060605878e+01 -9.896105530148886942e+00 -9.985933746755803142e+00 -9.806277313541970742e+00
-2.595959595959595845e+01 -9.834388758938235497e+00 -9.923697307518331456e+00 -9.745080210358139539e+00
-2.585858585858585457e+01 -9.774545313406427738e+00 -9.863380102567697705e+00 -9.685710524245157771e+00
-2.575757575757575779e+01 -9.715424598503901166e+00 -9.803815880140183125e+00 -9.627033316867619206e+00
-2.565656565656565746e+01 -9.658174071235352542e+00 -9.746165469563591088e+00 -9.570182672907113997e+00
-2.555555555555555358e+01 -9.601791092244527093e+00 -9.689414375653617739e+00 -9.514167808835436446e+00
-2.545454545454545325e+01 -9.547009622896222680e+00 -9.634303212070488343e+00 -9.459716033721957018e+00
-2.535353535353535648e+01 -9.493337178757935035e+00 -9.580334140585611280e+00 -9.406340216930258791e+00
-2.525252525252525260e+01 -9.440972243286458010e+00 -9.527706486616429160e+00 -9.354237999956486860e+00
-2.515151515151515227e+01 -9.389900016491619539e+00 -9.476404053068259614e+00 -9.303395979914979463e+00
-2.505050505050505194e+01 -9.339889092335960541e+00 -9.426193618147461706e+00 -9.253584566524459376e+00
-2.494949494949494806e+01 -9.291304626817060708e+00 -9.377440133917030352e+00 -9.205169119717091064e+00
-2.484848484848484773e+01 -9.243575414521229661e+00 -9.329570308136160506e+00 -9.157580520906298815e+00
-2.474747474747474740e+01 -9.197315554536647397e+00 -9.283197260142177498e+00 -9.111433848931117296e+00
-2.464646464646464352e+01 -9.151834473166472250e+00 -9.237629566347148824e+00 -9.066039379985795676e+00
-2.454545454545454675e+01 -9.107694287717139403e+00 -9.193426980502275470e+00 -9.021961594932003337e+00
-2.444444444444444642e+01 -9.064457759190956310e+00 -9.150151945627811756e+00 -8.978763572754100863e+00
-2.434343434343434254e+01 -9.022346236806306763e+00 -9.108023437761477936e+00 -8.936669035851135590e+00
-2.424242424242424221e+01 -8.981225523839301061e+00 -9.066906135293411495e+00 -8.895544912385190628e+00
-2.414141414141414543e+01 -8.941043232243375272e+00 -9.026746486775266476e+00 -8.855339977711484067e+00
-2.404040404040404155e+01 -8.901907681866882527e+00 -8.987649965031151211e+00 -8.816165398702613842e+00
-2.393939393939394122e+01 -8.863547698558601695e+00 -8.949346142015061289e+00 -8.777749255102142101e+00
-2.383838383838383734e+01 -8.826265123077346786e+00 -8.912131861199988236e+00 -8.740398384954705335e+00
-2.373737373737373701e+01 -8.789614172280558080e+00 -8.875564262864116927e+00 -8.703664081696999233e+00
-2.363636363636363313e+01 -8.753973099338153929e+00 -8.840015375839811895e+00 -8.667930822836495963e+00
-2.353535353535353281e+01 -8.718991256307907278e+00 -8.805136720303343267e+00 -8.632845792312471289e+00
-2.343434343434343248e+01 -8.684863753734434866e+00 -8.771119095620354855e+00 -8.598608411848514876e+00
-2.333333333333332860e+01 -8.651423995516500653e+00 -8.737796025080720952e+00 -8.565051965952280355e+00
-2.323232323232323182e+01 -8.618689585495454608e+00 -8.705183008810168488e+00 -8.532196162180740728e+00
-2.313131313131313149e+01 -8.586656626337518361e+00 -8.673274360419675588e+00 -8.500038892255361134e+00
-2.303030303030302761e+01 -8.555193746490978413e+00 -8.641938522989073945e+00 -8.468448969992882880e+00
-2.292929292929292728e+01 -8.524435617260625264e+00 -8.611306921276504767e+00 -8.437564313244745762e+00
-2.282828282828283051e+01 -8.494123526791209855e+00 -8.581122133057055734e+00 -8.407124920525363976e+00
-2.272727272727272663e+01 -8.464482748342646801e+00 -8.551605571884911328e+00 -8.377359924800382274e+00
-2.262626262626262630e+01 -8.435233580370628204e+00 -8.522478928884279270e+00 -8.347988231856977137e+00
-2.252525252525252597e+01 -8.406561000798040695e+00 -8.493924249837352392e+00 -8.319197751758728998e+00
-2.242424242424242209e+01 -8.378289084979160251e+00 -8.465765997683018185e+00 -8.290812172275302316e+00
-2.232323232323232176e+01 -8.350475387563200513e+00 -8.438060308586246450e+00 -8.262890466540154577e+00
-2.222222222222222143e+01 -8.323068660827301457e+00 -8.410755523129406441e+00 -8.235381798525196473e+00
-2.212121212121211755e+01 -8.296011349189967632e+00 -8.383793636052278231e+00 -8.208229062327657033e+00
-2.202020202020202078e+01 -8.269366876742651584e+00 -8.357237391537081450e+00 -8.181496361948221718e+00
-2.191919191919192045e+01 -8.242971554484293861e+00 -8.330923127342749979e+00 -8.155019981625837744e+00
-2.181818181818181657e+01 -8.216992547650367129e+00 -8.305017499793809321e+00 -8.128967595506924937e+00
-2.171717171717171624e+01 -8.191177483724482400e+00 -8.279268225719912166e+00 -8.103086741729052633e+00
-2.161616161616161946e+01 -8.165732889906278658e+00 -8.253881762767198538e+00 -8.077584017045358777e+00
-2.151515151515151558e+01 -8.140470305409001739e+00 -8.228669667663238485e+00 -8.052270943154764993e+00
-2.141414141414141525e+01 -8.115489502461306515e+00 -8.203731989777272915e+00 -8.027247015145340114e+00
-2.131313131313131493e+01 -8.090711021140787551e+00 -8.178989420419558343e+00 -8.002432621862016759e+00
-2.121212121212121104e+01 -8.066132868731116901e+00 -8.154440261598972839e+00 -7.977825475863260962e+00
-2.111111111111111072e+01 -8.041779911453344809e+00 -8.130109866385428319e+00 -7.953449956521260411e+00
-2.101010101010100684e+01 -8.017552334269520742e+00 -8.105898511323074374e+00 -7.929206157215967998e+00
-2.090909090909090651e+01 -7.993575367191104064e+00 -8.081932344836310733e+00 -7.905218389545897395e+00
-2.080808080808080973e+01 -7.969654643576888020e+00 -8.058016765969489015e+00 -7.881292521184287914e+00
-2.070707070707070585e+01 -7.945980451226736463e+00 -8.034343297398304884e+00 -7.857617605055167154e+00
-2.060606060606060552e+01 -7.922362062676246985e+00 -8.010720984851664284e+00 -7.834003140500830575e+00
-2.050505050505050164e+01 -7.898940859020100902e+00 -7.987292277387411765e+00 -7.810589440652790039e+00
-2.040404040404040131e+01 -7.875610238477001701e+00 -7.963950665656482464e+00 -7.787269811297520938e+00
-2.030303030303030454e+01 -7.852414924983517786e+00 -7.940741545565982662e+00 -7.764088304401052909e+00
-2.020202020202020066e+01 -7.829345942716933848e+00 -7.917656378958850993e+00 -7.741035506475016703e+00
-2.010101010101010033e+01 -7.806354085705060619e+00 -7.894646257871849926e+00 -7.718061913538271313e+00
-2.000000000000000000e+01 -7.783524832180770403e+00 -7.871797368264352279e+00 -7.695252296097188527e+00
