# # Muv, logPhi, -err(logPhi), +err(logPhi)
-3.000000000000000000e+01 -1.460526687958723890e+01 -1.508328821477555515e+01 -1.412724554439892266e+01
-2.989898989898989967e+01 -1.448498250056969283e+01 -1.494645602285204511e+01 -1.402350897828734055e+01
-2.979797979797979579e+01 -1.436374770189970285e+01 -1.480828816746556953e+01 -1.391920723633383616e+01
-2.969696969696969546e+01 -1.424667194577154206e+01 -1.467543744340893497e+01 -1.381790644813414914e+01
-2.959595959595959869e+01 -1.412852149111811251e+01 -1.454112148342345456e+01 -1.371592149881277045e+01
-2.949494949494949481e+01 -1.401387575858949575e+01 -1.441124472728026085e+01 -1.361650678989873064e+01
-2.939393939393939448e+01 -1.389956510927285116e+01 -1.428174354600138152e+01 -1.351738667254432080e+01
-2.929292929292929060e+01 -1.378743053917173178e+01 -1.415495210019116534e+01 -1.341990897815229822e+01
-2.919191919191919027e+01 -1.367685491545125309e+01 -1.403011001562458304e+01 -1.332359981527792314e+01
-2.909090909090909349e+01 -1.356730315387634001e+01 -1.390650023623276432e+01 -1.322810607151991569e+01
-2.898989898989898961e+01 -1.346036616297825361e+01 -1.378617592302885164e+01 -1.313455640292765558e+01
-2.888888888888888928e+01 -1.335346003209462928e+01 -1.366583059521813404e+01 -1.304108946897112453e+01
-2.878787878787878896e+01 -1.325007241500633448e+01 -1.354989481398004614e+01 -1.295025001603262282e+01
-2.868686868686868507e+01 -1.314586644516614555e+01 -1.343288427695435594e+01 -1.285884861337793517e+01
-2.858585858585858475e+01 -1.304507234789413239e+01 -1.332012524108102269e+01 -1.277001945470724209e+01
-2.848484848484848442e+01 -1.294448581685102795e+01 -1.320760096119301608e+01 -1.268137067250903982e+01
-2.838383838383838054e+01 -1.284629873086120000e+01 -1.309803963331070698e+01 -1.259455782841169302e+01
-2.828282828282828376e+01 -1.274927905525945349e+01 -1.298991790783724909e+01 -1.250864020268165788e+01
-2.818181818181818343e+01 -1.265374845619113664e+01 -1.288361856716713127e+01 -1.242387834521514201e+01
-2.808080808080807955e+01 -1.256020389804702653e+01 -1.277976899725374871e+01 -1.234063879884030435e+01
-2.797979797979797922e+01 -1.246737045152246814e+01 -1.267678307345617128e+01 -1.225795782958876501e+01
-2.787878787878788245e+01 -1.237721426432485039e+01 -1.257708379469037041e+01 -1.217734473395933037e+01
-2.777777777777777857e+01 -1.228711015953570929e+01 -1.247745059000918033e+01 -1.209676972906223824e+01
-2.767676767676767824e+01 -1.219989455484921947e+01 -1.238134411203310137e+01 -1.201844499766533758e+01
-2.757575757575757791e+01 -1.211290879844027657e+01 -1.228631957096025928e+01 -1.193949802592029386e+01
-2.747474747474747403e+01 -1.202833045963725134e+01 -1.219451304306140926e+01 -1.186214787621309341e+01
-2.737373737373737370e+01 -1.194470263413053068e+01 -1.210384973351605176e+01 -1.178555553474500961e+01
-2.727272727272726982e+01 -1.186278443483933742e+01 -1.201521593093917240e+01 -1.171035293873950245e+01
-2.717171717171716949e+01 -1.178242226011861860e+01 -1.192843406488548652e+01 -1.163641045535175067e+01
-2.707070707070707272e+01 -1.170317793915004678e+01 -1.184298716877007074e+01 -1.156336870953002283e+01
-2.696969696969696884e+01 -1.162599188356399615e+01 -1.175996817978059461e+01 -1.149201558734739770e+01
-2.686868686868686851e+01 -1.154942621440676653e+01 -1.167771036083467884e+01 -1.142114206797885423e+01
-2.676767676767676818e+01 -1.147526716044075812e+01 -1.160102541752119976e+01 -1.134950890336031648e+01
-2.666666666666666430e+01 -1.140143751411914863e+01 -1.152493305140378688e+01 -1.127794197683451038e+01
-2.656565656565656752e+01 -1.132985444940791631e+01 -1.145124724014780604e+01 -1.120846165866802657e+01
-2.646464646464646364e+01 -1.125911235652262832e+01 -1.137848123644394960e+01 -1.113974347660130704e+01
-2.636363636363636331e+01 -1.119009642866335774e+01 -1.130756757618383368e+01 -1.107262528114288180e+01
-2.626262626262626299e+01 -1.112234280834015010e+01 -1.123850890851804252e+01 -1.100617670816225768e+01
-2.616161616161615910e+01 -1.105587552009927954e+01 -1.117140611547737805e+01 -1.094034492472118103e+01
-2.606060606060605878e+01 -1.099101180941728018e+01 -1.110595073231632668e+01 -1.087607288651823367e+01
-2.595959595959595845e+01 -1.092706512709021105e+01 -1.104144463512802687e+01 -1.081268561905239523e+01
-2.585858585858585457e+01 -1.086499255275871256e+01 -1.097885882552930248e+01 -1.075112627998812265e+01
-2.575757575757575779e+01 -1.080352900228527702e+01 -1.091690965984934891e+01 -1.069014834472120512e+01
-2.565656565656565746e+01 -1.074394167001981693e+01 -1.085688067603425289e+01 -1.063100266400538096e+01
-2.555555555555555358e+01 -1.068512071098843208e+01 -1.079764753125011723e+01 -1.057259389072674693e+01
-2.545454545454545325e+01 -1.062788375179937717e+01 -1.074003651853731256e+01 -1.051573098506144177e+01
-2.535353535353535648e+01 -1.057168321561321811e+01 -1.068349338642095958e+01 -1.045987304480547664e+01
-2.525252525252525260e+01 -1.051674179288034239e+01 -1.062824222962191811e+01 -1.040524135613876666e+01
-2.515151515151515227e+01 -1.046304861169360834e+01 -1.057427086781475190e+01 -1.035182635557246478e+01
-2.505050505050505194e+01 -1.041033846299498400e+01 -1.052131150946283178e+01 -1.029936541652713622e+01
-2.494949494949494806e+01 -1.035903805021435709e+01 -1.046979203653490487e+01 -1.024828406389380930e+01
-2.484848484848484773e+01 -1.030848587232138414e+01 -1.041904688768514120e+01 -1.019792485695762707e+01
-2.474747474747474740e+01 -1.025940489605664396e+01 -1.036980042379494904e+01 -1.014900936831833889e+01
-2.464646464646464352e+01 -1.021098582462191651e+01 -1.032124000027677013e+01 -1.010073164896706288e+01
-2.454545454545454675e+01 -1.016389949049292873e+01 -1.027403639558979442e+01 -1.005376258539606305e+01
-2.444444444444444642e+01 -1.011763035758513496e+01 -1.022767218279676804e+01 -1.000758853237350188e+01
-2.434343434343434254e+01 -1.007244930908657388e+01 -1.018241692689012190e+01 -9.962481691283025853e+00
-2.424242424242424221e+01 -1.002820260304048716e+01 -1.013811541638972180e+01 -9.918289789691252523e+00
-2.414141414141414543e+01 -9.984830386956796033e+00 -1.009470658613081717e+01 -9.874954187782774895e+00
-2.404040404040404155e+01 -9.942477991360719969e+00 -1.005233365349581653e+01 -9.832622329225623403e+00
-2.393939393939394122e+01 -9.900812128963405456e+00 -1.001066308085578349e+01 -9.790961177071027421e+00
-2.383838383838383734e+01 -9.860225811061154033e+00 -9.970084534808451693e+00 -9.750367087313856373e+00
-2.373737373737373701e+01 -9.820159034534565734e+00 -9.930039156723253768e+00 -9.710278912345877700e+00
-2.363636363636363313e+01 -9.781108943801553934e+00 -9.891019907073005157e+00 -9.671197980530102711e+00
-2.353535353535353281e+01 -9.742632759424372679e+00 -9.852584864801166020e+00 -9.632680654047579338e+00
-2.343434343434343248e+01 -9.704996470509772877e+00 -9.814996918237612888e+00 -9.594996022781932865e+00
-2.333333333333332860e+01 -9.667994469604629160e+00 -9.778050144597175475e+00 -9.557938794612082845e+00
-2.323232323232323182e+01 -9.631661460355372739e+00 -9.741777558475893883e+00 -9.521545362234851595e+00
-2.313131313131313149e+01 -9.596007415788662342e+00 -9.706187639834773506e+00 -9.485827191742551179e+00
-2.303030303030302761e+01 -9.560867444877498400e+00 -9.671115108551562756e+00 -9.450619781203434044e+00
-2.292929292929292728e+01 -9.526439631221414572e+00 -9.636755634870720399e+00 -9.416123627572108745e+00
-2.282828282828283051e+01 -9.492384397993777867e+00 -9.602770281375464734e+00 -9.381998514612091000e+00
-2.272727272727272663e+01 -9.459025104684641860e+00 -9.569479634414392422e+00 -9.348570574954891299e+00
-2.262626262626262630e+01 -9.425991368508523038e+00 -9.536514054855121714e+00 -9.315468682161924363e+00
-2.252525252525252597e+01 -9.393552212124308909e+00 -9.504140468049911306e+00 -9.282963956198706512e+00
-2.242424242424242209e+01 -9.361478912778348871e+00 -9.472130259572921318e+00 -9.250827565983776424e+00
-2.232323232323232176e+01 -9.329864290348448108e+00 -9.440575202376029651e+00 -9.219153378320866565e+00
-2.222222222222222143e+01 -9.298651196223106652e+00 -9.409417776335585515e+00 -9.187884616110627789e+00
-2.212121212121211755e+01 -9.267772065698441253e+00 -9.378590022013934657e+00 -9.156954109382947848e+00
-2.202020202020202078e+01 -9.237327649896217352e+00 -9.348192221212320518e+00 -9.126463078580114185e+00
-2.191919191919192045e+01 -9.207102374784936316e+00 -9.318008687268630297e+00 -9.096196062301242335e+00
-2.181818181818181657e+01 -9.177339055434256210e+00 -9.288281987663326689e+00 -9.066396123205185731e+00
-2.171717171717171624e+01 -9.147698972175724919e+00 -9.258673263938899112e+00 -9.036724680412550725e+00
-2.161616161616161946e+01 -9.118477106808446919e+00 -9.229477621229145612e+00 -9.007476592387748227e+00
-2.151515151515151558e+01 -9.089422756566460038e+00 -9.200444212235693087e+00 -8.978401300897226989e+00
-2.141414141414141525e+01 -9.060681296201694934e+00 -9.171718709221259758e+00 -8.949643883182130111e+00
-2.131313131313131493e+01 -9.032151434879555296e+00 -9.143199868337559266e+00 -8.921103001421551326e+00
-2.121212121212121104e+01 -9.003837101305025570e+00 -9.114891835881950399e+00 -8.892782366728100740e+00
-2.111111111111111072e+01 -8.975778682331398528e+00 -9.086835394145476030e+00 -8.864721970517321026e+00
-2.101010101010100684e+01 -8.947845478330046731e+00 -9.058899809912913881e+00 -8.836791146747179582e+00
-2.090909090909090651e+01 -8.920212886564197419e+00 -9.031261301692058652e+00 -8.809164471436336186e+00
-2.080808080808080973e+01 -8.892621409933056498e+00 -9.003659993290874297e+00 -8.781582826575238698e+00
-2.070707070707070585e+01 -8.865332673291309362e+00 -8.976358638873092488e+00 -8.754306707709526236e+00
-2.060606060606060552e+01 -8.838092205533280676e+00 -8.949102397372682205e+00 -8.727082013693879148e+00
-2.050505050505050164e+01 -8.811093531277956359e+00 -8.922085747947196666e+00 -8.700101314608716052e+00
-2.040404040404040131e+01 -8.784195667118169126e+00 -8.895167669927868559e+00 -8.673223664308469694e+00
-2.030303030303030454e+01 -8.757460585847391954e+00 -8.868410692809712614e+00 -8.646510478885071294e+00
-2.020202020202020066e+01 -8.730878225017168148e+00 -8.841805083138508436e+00 -8.619951366895827860e+00
-2.010101010101010033e+01 -8.704383769649288283e+00 -8.815286209666732375e+00 -8.593481329631844190e+00
-2.000000000000000000e+01 -8.678093133133504722e+00 -8.788970612955456119e+00 -8.567215653311553325e+00
