# # Muv, logPhi, -err(logPhi), +err(logPhi)
-3.000000000000000000e+01 -1.583092191147083660e+01 -1.634882535235217205e+01 -1.531301847058949939e+01
-2.989898989898989967e+01 -1.570973540622849285e+01 -1.621080803035016515e+01 -1.520866278210682054e+01
-2.979797979797979579e+01 -1.558753637015186833e+01 -1.607136686084363930e+01 -1.510370587946009735e+01
-2.969696969696969546e+01 -1.546952220147400681e+01 -1.593728901726078817e+01 -1.500175538568722544e+01
-2.959595959595959869e+01 -1.535036591276113782e+01 -1.580165146165130885e+01 -1.489908036387096679e+01
-2.949494949494949481e+01 -1.523472886812463400e+01 -1.567048175175455960e+01 -1.479897598449470841e+01
-2.939393939393939448e+01 -1.511938310362395654e+01 -1.553963007713164757e+01 -1.469913613011626552e+01
-2.929292929292929060e+01 -1.500620236404812324e+01 -1.541147846042969505e+01 -1.460092626766655144e+01
-2.919191919191919027e+01 -1.489455983505499503e+01 -1.528525377645060956e+01 -1.450386589365938050e+01
-2.909090909090909349e+01 -1.478390493716361753e+01 -1.516021500860668958e+01 -1.440759486572054549e+01
-2.898989898989898961e+01 -1.467586671373357810e+01 -1.503847285589184679e+01 -1.431326057157530940e+01
-2.888888888888888928e+01 -1.456779822231590238e+01 -1.491662792355202605e+01 -1.421896852107977871e+01
-2.878787878787878896e+01 -1.446327246639040176e+01 -1.479923597204066255e+01 -1.412730896074014098e+01
-2.868686868686868507e+01 -1.435784250957050467e+01 -1.468065323335949657e+01 -1.403503178578151278e+01
-2.858585858585858475e+01 -1.425584680738024090e+01 -1.456636239281287359e+01 -1.394533122194760821e+01
-2.848484848484848442e+01 -1.415399604581032378e+01 -1.445222539437938991e+01 -1.385576669724125765e+01
-2.838383838383838054e+01 -1.405454031674870130e+01 -1.434105315895571309e+01 -1.376802747454168951e+01
-2.828282828282828376e+01 -1.395621435999588122e+01 -1.423127628202917450e+01 -1.368115243796258795e+01
-2.818181818181818343e+01 -1.385934550504084761e+01 -1.412328492614321185e+01 -1.359540608393848338e+01
-2.808080808080807955e+01 -1.376444960452514188e+01 -1.401773422537842251e+01 -1.351116498367186125e+01
-2.797979797979797922e+01 -1.367020556358442818e+01 -1.391297298306733232e+01 -1.342743814410152403e+01
-2.787878787878788245e+01 -1.357864990696188556e+01 -1.381152307036098570e+01 -1.334577674356278543e+01
-2.777777777777777857e+01 -1.348706000166703411e+01 -1.371002887777494195e+01 -1.326409112555912628e+01
-2.767676767676767824e+01 -1.339837901665748454e+01 -1.361209869655567672e+01 -1.318465933675929236e+01
-2.757575757575757791e+01 -1.330984391370834174e+01 -1.351495230216760568e+01 -1.310473552524907781e+01
-2.747474747474747403e+01 -1.322371894368512280e+01 -1.342124993635679431e+01 -1.302618795101345128e+01
-2.737373737373737370e+01 -1.313848726509253417e+01 -1.332862404412074397e+01 -1.294835048606432437e+01
-2.727272727272726982e+01 -1.305493818483997259e+01 -1.323800079911553595e+01 -1.287187557056440923e+01
-2.717171717171716949e+01 -1.297291419446658267e+01 -1.314919826309725259e+01 -1.279663012583591275e+01
-2.707070707070707272e+01 -1.289195164039788821e+01 -1.306166593348914162e+01 -1.272223734730663480e+01
-2.696969696969696884e+01 -1.281304233282625127e+01 -1.297656448605622792e+01 -1.264952017959627462e+01
-2.686868686868686851e+01 -1.273466790229099033e+01 -1.289212278373351417e+01 -1.257721302084846648e+01
-2.676767676767676818e+01 -1.265871696227275933e+01 -1.281052854861674639e+01 -1.250690537592877227e+01
-2.666666666666666430e+01 -1.258298853589031374e+01 -1.273221499389213918e+01 -1.243376207788848831e+01
-2.656565656565656752e+01 -1.250951675653119288e+01 -1.265654012177187937e+01 -1.236249339129050639e+01
-2.646464646464646364e+01 -1.243680740339586777e+01 -1.258170210751144857e+01 -1.229191269928028696e+01
-2.636363636363636331e+01 -1.236580290030348017e+01 -1.250869522407842993e+01 -1.222291057652853041e+01
-2.626262626262626299e+01 -1.229601003770667766e+01 -1.243699854031729046e+01 -1.215502153509606487e+01
-2.616161616161615910e+01 -1.222745136140210320e+01 -1.236663451975739925e+01 -1.208826820304680716e+01
-2.606060606060605878e+01 -1.216047307954081624e+01 -1.229831658459497312e+01 -1.202262957448665937e+01
-2.595959595959595845e+01 -1.209432939975308940e+01 -1.223157843099072295e+01 -1.195708036851545586e+01
-2.585858585858585457e+01 -1.203006379459894326e+01 -1.216676482799327275e+01 -1.189336276120461378e+01
-2.575757575757575779e+01 -1.196629508536091535e+01 -1.210247325336360902e+01 -1.183011691735822168e+01
-2.565656565656565746e+01 -1.190441228600496615e+01 -1.204011192411473807e+01 -1.176871264789519422e+01
-2.555555555555555358e+01 -1.184319693854840061e+01 -1.197844535222927220e+01 -1.170794852486752902e+01
-2.545454545454545325e+01 -1.178355179945077325e+01 -1.191838690070568951e+01 -1.164871669819585698e+01
-2.535353535353535648e+01 -1.172487371756356289e+01 -1.185932548538506026e+01 -1.159042194974206552e+01
-2.525252525252525260e+01 -1.166741003374354158e+01 -1.180151039171645344e+01 -1.153330967577062971e+01
-2.515151515151515227e+01 -1.161115438169136738e+01 -1.174493405011619451e+01 -1.147737471326654024e+01
-2.505050505050505194e+01 -1.155580716231218830e+01 -1.168929353214211986e+01 -1.142232079248225673e+01
-2.494949494949494806e+01 -1.150185825974608989e+01 -1.163508126260232878e+01 -1.136863525688985099e+01
-2.484848484848484773e+01 -1.144855425254510983e+01 -1.158153783750501198e+01 -1.131557066758520769e+01
-2.474747474747474740e+01 -1.139672947498841182e+01 -1.152950131495556008e+01 -1.126395763502126357e+01
-2.464646464646464352e+01 -1.134545377663647159e+01 -1.147803575921085972e+01 -1.121287179406208345e+01
-2.454545454545454675e+01 -1.129550910942524133e+01 -1.142792533534730204e+01 -1.116309288350318063e+01
-2.444444444444444642e+01 -1.124630040153061294e+01 -1.137857154671437954e+01 -1.111402925634684635e+01
-2.434343434343434254e+01 -1.119814913564994896e+01 -1.133029559141065690e+01 -1.106600267988924102e+01
-2.424242424242424221e+01 -1.115088207356459193e+01 -1.128292243383867444e+01 -1.101884171329050943e+01
-2.414141414141414543e+01 -1.110443160486139291e+01 -1.123638318829979887e+01 -1.097248002142298695e+01
-2.404040404040404155e+01 -1.105898140206135771e+01 -1.119086015362654507e+01 -1.092710265049617036e+01
-2.393939393939394122e+01 -1.101413437424901609e+01 -1.114595497223616505e+01 -1.088231377626186713e+01
-2.383838383838383734e+01 -1.097037733105372048e+01 -1.110215276886176206e+01 -1.083860189324567891e+01
-2.373737373737373701e+01 -1.092703289878321726e+01 -1.105877549235124135e+01 -1.079529030521519317e+01
-2.363636363636363313e+01 -1.088472038548509069e+01 -1.101644032127556194e+01 -1.075300044969461943e+01
-2.353535353535353281e+01 -1.084290226075104968e+01 -1.097460921972437120e+01 -1.071119530177772816e+01
-2.343434343434343248e+01 -1.080191717735418955e+01 -1.093361894863665640e+01 -1.067021540607172270e+01
-2.333333333333332860e+01 -1.076151937602904241e+01 -1.089322295363867177e+01 -1.062981579841941304e+01
-2.323232323232323182e+01 -1.072176063496865872e+01 -1.085347170211549539e+01 -1.059004956782182205e+01
-2.313131313131313149e+01 -1.068266529673244492e+01 -1.081438832335601852e+01 -1.055094227010887131e+01
-2.303030303030302761e+01 -1.064403300250619644e+01 -1.077577177612661963e+01 -1.051229422888577325e+01
-2.292929292929292728e+01 -1.060612751410628718e+01 -1.073788427639482990e+01 -1.047437075181774446e+01
-2.282828282828283051e+01 -1.056852437231050068e+01 -1.070030119303519101e+01 -1.043674755158581036e+01
-2.272727272727272663e+01 -1.053164870656099161e+01 -1.066344605829172920e+01 -1.039985135483025402e+01
-2.262626262626262630e+01 -1.049503476358536957e+01 -1.062685301963040274e+01 -1.036321650754033641e+01
-2.252525252525252597e+01 -1.045903871912202021e+01 -1.059087707500359876e+01 -1.032720036324044166e+01
-2.242424242424242209e+01 -1.042337593476530699e+01 -1.055523327308748094e+01 -1.029151859644313305e+01
-2.232323232323232176e+01 -1.038817525627902683e+01 -1.052004979655030681e+01 -1.025630071600774684e+01
-2.222222222222222143e+01 -1.035337283867671054e+01 -1.048526241839338446e+01 -1.022148325896003662e+01
-2.212121212121211755e+01 -1.031888935928923701e+01 -1.045079140386877370e+01 -1.018698731470970031e+01
-2.202020202020202078e+01 -1.028486465184026422e+01 -1.041677638606148903e+01 -1.015295291761903940e+01
-2.191919191919192045e+01 -1.025102683117595248e+01 -1.038294506332260880e+01 -1.011910859902929616e+01
-2.181818181818181657e+01 -1.021769880001796871e+01 -1.034962052585839132e+01 -1.008577707417754610e+01
-2.171717171717171624e+01 -1.018444852905596143e+01 -1.031637013006665882e+01 -1.005252692804526404e+01
-2.161616161616161946e+01 -1.015166508088149833e+01 -1.028358348468639072e+01 -1.001974667707660593e+01
-2.151515151515151558e+01 -1.011903019248070201e+01 -1.025094184871310432e+01 -9.987118536248299705e+00
-2.141414141414141525e+01 -1.008673754422948932e+01 -1.021863935224056341e+01 -9.954835736218415221e+00
-2.131313131313131493e+01 -1.005466184711399968e+01 -1.018655060272884327e+01 -9.922773091499156095e+00
-2.121212121212121104e+01 -1.002281260254314965e+01 -1.015468527846675961e+01 -9.890939926619539690e+00
-2.111111111111111072e+01 -9.991246847182351232e+00 -1.012310078913756506e+01 -9.859392905227137405e+00
-2.101010101010100684e+01 -9.959799496185665291e+00 -1.009163184056056473e+01 -9.827967151810765856e+00
-2.090909090909090651e+01 -9.928700636406251334e+00 -1.006050941062077797e+01 -9.796891862191724698e+00
-2.080808080808080973e+01 -9.897618921581830875e+00 -1.002940150478861803e+01 -9.765836338375043724e+00
-2.070707070707070585e+01 -9.866894140585085182e+00 -9.998649152770315851e+00 -9.735139128399854513e+00
-2.060606060606060552e+01 -9.836201513642031102e+00 -9.967926955996256666e+00 -9.704476071287805539e+00
-2.050505050505050164e+01 -9.805791845101740734e+00 -9.937486721684637203e+00 -9.674096968518844264e+00
-2.040404040404040131e+01 -9.775486267127510231e+00 -9.907149384700915107e+00 -9.643823149554105356e+00
-2.030303030303030454e+01 -9.745365650098191779e+00 -9.876996335733528198e+00 -9.613734964462855359e+00
-2.020202020202020066e+01 -9.715418972722790869e+00 -9.847016809433945639e+00 -9.583821136011636099e+00
-2.010101010101010033e+01 -9.685563982612778844e+00 -9.817128637653944168e+00 -9.553999327571613520e+00
-2.000000000000000000e+01 -9.655950731769976869e+00 -9.787482497483983579e+00 -9.524418966055970159e+00
