# # logMh tA(yrs)
9.500000000000000000e+00 2.403624289609591961e+08
9.509018036072143687e+00 2.401174354747047722e+08
9.518036072144287374e+00 2.398722168152087629e+08
9.527054108216432837e+00 2.396267378494902551e+08
9.536072144288578301e+00 2.393810312181506753e+08
9.545090180360720211e+00 2.391351741954919398e+08
9.554108216432865675e+00 2.388892107363897264e+08
9.563126252505011138e+00 2.386431371570093334e+08
9.572144288577153048e+00 2.383969102273625433e+08
9.581162324649298512e+00 2.381504711763030291e+08
9.590180360721443975e+00 2.379037736632982492e+08
9.599198396793585886e+00 2.376568338442232311e+08
9.608216432865731349e+00 2.374097278473021686e+08
9.617234468937876812e+00 2.371625111148875058e+08
9.626252505010018723e+00 2.369151912729066014e+08
9.635270541082164186e+00 2.366677304603849649e+08
9.644288577154309650e+00 2.364200715951980948e+08
9.653306613226451560e+00 2.361721597218437791e+08
9.662324649298597024e+00 2.359239940323061943e+08
9.671342685370742487e+00 2.356756441066053212e+08
9.680360721442884397e+00 2.354271766156572998e+08
9.689378757515029861e+00 2.351786104476200044e+08
9.698396793587175324e+00 2.349299153074330389e+08
9.707414829659317235e+00 2.346810365427777767e+08
9.716432865731462698e+00 2.344319135011023283e+08
9.725450901803608161e+00 2.341825288796062768e+08
9.734468937875750072e+00 2.339329408590407372e+08
9.743486973947895535e+00 2.336832257021469772e+08
9.752505010020040999e+00 2.334334135041503012e+08
9.761523046092182909e+00 2.331834836549901068e+08
9.770541082164328373e+00 2.329333844165947139e+08
9.779559118236473836e+00 2.326830523748349547e+08
9.788577154308615746e+00 2.324324550968881845e+08
9.797595190380761210e+00 2.321816355526953042e+08
9.806613226452906673e+00 2.319306762684153616e+08
9.815631262525050360e+00 2.316796188530186415e+08
9.824649298597194047e+00 2.314284538747521341e+08
9.833667334669339510e+00 2.311771332469921410e+08
9.842685370741483197e+00 2.309255934017857611e+08
9.851703406813626884e+00 2.306737888547982275e+08
9.860721442885772348e+00 2.304217450337665975e+08
9.869739478957916035e+00 2.301695457320011556e+08
9.878757515030059722e+00 2.299172446123425364e+08
9.887775551102205185e+00 2.296648441644093990e+08
9.896793587174348872e+00 2.294123012545391619e+08
9.905811623246492559e+00 2.291595540580038130e+08
9.914829659318638022e+00 2.289065467294335067e+08
9.923847695390781709e+00 2.286532862582769692e+08
9.932865731462925396e+00 2.283998518132010400e+08
9.941883767535070859e+00 2.281463093057188690e+08
9.950901803607214546e+00 2.278926732070338428e+08
9.959919839679358233e+00 2.276389073674050868e+08
9.968937875751503697e+00 2.273849527160435021e+08
9.977955911823647384e+00 2.271307462325945795e+08
9.986973947895791071e+00 2.268762766597621441e+08
9.995991983967936534e+00 2.266216129038516879e+08
1.000501002004008022e+01 2.263668321702070236e+08
1.001402805611222391e+01 2.261119606817375720e+08
1.002304609218436937e+01 2.258569716175850928e+08
1.003206412825651306e+01 2.256018090970982909e+08
1.004108216432865675e+01 2.253464062224822044e+08
1.005010020040080221e+01 2.250907347220739424e+08
1.005911823647294590e+01 2.248348485515588820e+08
1.006813627254508958e+01 2.245788335222353637e+08
1.007715430861723505e+01 2.243227276911434531e+08
1.008617234468937873e+01 2.240665154554940760e+08
1.009519038076152242e+01 2.238101445557260811e+08
1.010420841683366788e+01 2.235535472884522676e+08
1.011322645290581157e+01 2.232966804508915544e+08
1.012224448897795526e+01 2.230395798170554936e+08
1.013126252505010072e+01 2.227823352003393769e+08
1.014028056112224441e+01 2.225249970305449963e+08
1.014929859719438809e+01 2.222675619877447486e+08
1.015831663326653356e+01 2.220099823604869545e+08
1.016733466933867724e+01 2.217521920499736369e+08
1.017635270541082093e+01 2.214941356691108346e+08
1.018537074148296639e+01 2.212358293046897948e+08
1.019438877755511008e+01 2.209773606765579879e+08
1.020340681362725377e+01 2.207187931469129920e+08
1.021242484969939923e+01 2.204601359652649462e+08
1.022144288577154292e+01 2.202013476640276611e+08
1.023046092184368661e+01 2.199423651561072171e+08
1.023947895791583207e+01 2.196831242198074460e+08
1.024849699398797576e+01 2.194236211076209247e+08
1.025751503006011944e+01 2.191639350774279535e+08
1.026653306613226491e+01 2.189041421958306432e+08
1.027555110220440859e+01 2.186442639766886830e+08
1.028456913827655228e+01 2.183842675945183337e+08
1.029358717434869774e+01 2.181240934832406044e+08
1.030260521042084143e+01 2.178636721933422685e+08
1.031162324649298512e+01 2.176029811394096613e+08
1.032064128256513058e+01 2.173420855291733444e+08
1.032965931863727427e+01 2.170810722521381676e+08
1.033867735470941795e+01 2.168199749056365490e+08
1.034769539078156342e+01 2.165587715855161250e+08
1.035671342685370711e+01 2.162974064298560023e+08
1.036573146292585079e+01 2.160358082451736629e+08
1.037474949899799626e+01 2.157739376226812601e+08
1.038376753507013994e+01 2.155118415016556978e+08
1.039278557114228363e+01 2.152496136592415571e+08
1.040180360721442909e+01 2.149873001649653614e+08
1.041082164328657278e+01 2.147248915222706795e+08
1.041983967935871647e+01 2.144623360923413038e+08
1.042885771543086193e+01 2.141995638590740561e+08
1.043787575150300562e+01 2.139365213557941914e+08
1.044689378757514930e+01 2.136732349157454967e+08
1.045591182364729477e+01 2.134097992663179338e+08
1.046492985971943845e+01 2.131462737409358323e+08
1.047394789579158214e+01 2.128826618340443969e+08
1.048296593186372760e+01 2.126189174055610299e+08
1.049198396793587129e+01 2.123549735395102203e+08
1.050100200400801498e+01 2.120907660999067724e+08
1.051002004008016044e+01 2.118263002215433121e+08
1.051903807615230413e+01 2.115616646534176469e+08
1.052805611222444782e+01 2.112969324341453910e+08
1.053707414829659328e+01 2.110321198297416568e+08
1.054609218436873697e+01 2.107671884181146026e+08
1.055511022044088065e+01 2.105020751421592534e+08
1.056412825651302612e+01 2.102367090270229578e+08
1.057314629258516980e+01 2.099710746884932518e+08
1.058216432865731349e+01 2.097052483993062973e+08
1.059118236472945895e+01 2.094393159610136747e+08
1.060020040080160264e+01 2.091733059690383375e+08
1.060921843687374633e+01 2.089071903041943908e+08
1.061823647294589179e+01 2.086409098354012370e+08
1.062725450901803548e+01 2.083743905693744719e+08
1.063627254509017916e+01 2.081075984432275295e+08
1.064529058116232463e+01 2.078405920188796818e+08
1.065430861723446831e+01 2.075734667994801998e+08
1.066332665330661200e+01 2.073062638200911582e+08
1.067234468937875747e+01 2.070389672473579347e+08
1.068136272545090115e+01 2.067715220006366670e+08
1.069038076152304662e+01 2.065038544812201560e+08
1.069939879759519030e+01 2.062359146611020267e+08
1.070841683366733399e+01 2.059677400416393578e+08
1.071743486973947945e+01 2.056994304213082790e+08
1.072645290581162314e+01 2.054310401062225997e+08
1.073547094188376683e+01 2.051625665042639077e+08
1.074448897795591229e+01 2.048939593997879624e+08
1.075350701402805598e+01 2.046251480921229720e+08
1.076252505010019966e+01 2.043560699309913218e+08
1.077154308617234513e+01 2.040867401180225015e+08
1.078056112224448881e+01 2.038172555872502625e+08
1.078957915831663250e+01 2.035476848770337403e+08
1.079859719438877796e+01 2.032780386576237381e+08
1.080761523046092165e+01 2.030082734140055180e+08
1.081663326653306711e+01 2.027383225638579428e+08
1.082565130260521080e+01 2.024681147501811683e+08
1.083466933867735449e+01 2.021976431867583394e+08
1.084368737474949995e+01 2.019269945961156487e+08
1.085270541082164364e+01 2.016562517700941563e+08
1.086172344689378733e+01 2.013854380410807729e+08
1.087074148296593279e+01 2.011145192909048200e+08
1.087975951903807648e+01 2.008434331986218095e+08
1.088877755511022016e+01 2.005721037814118564e+08
1.089779559118236563e+01 2.003005038164640665e+08
1.090681362725450931e+01 2.000287035628840625e+08
1.091583166332665300e+01 1.997567980495801270e+08
1.092484969939879846e+01 1.994848230176007748e+08
1.093386773547094215e+01 1.992127562277857065e+08
1.094288577154308584e+01 1.989405394481710792e+08
1.095190380761523130e+01 1.986680959153772295e+08
1.096092184368737499e+01 1.983953805384636521e+08
1.096993987975951867e+01 1.981224426498163342e+08
1.097895791583166414e+01 1.978493849678493738e+08
1.098797595190380783e+01 1.975762562824154794e+08
1.099699398797595151e+01 1.973030476896800399e+08
1.100601202404809698e+01 1.970297053802558482e+08
1.101503006012024066e+01 1.967561549120974243e+08
1.102404809619238435e+01 1.964823365793326795e+08
1.103306613226452981e+01 1.962082766470302343e+08
1.104208416833667350e+01 1.959340785704034269e+08
1.105110220440881719e+01 1.956598054432244599e+08
1.106012024048096265e+01 1.953854620543741584e+08
1.106913827655310634e+01 1.951110003458046019e+08
1.107815631262525002e+01 1.948363500488970876e+08
1.108717434869739549e+01 1.945614406815507710e+08
1.109619238476953917e+01 1.942862752878783047e+08
1.110521042084168286e+01 1.940109500680252016e+08
1.111422845691382832e+01 1.937355432879526317e+08
1.112324649298597201e+01 1.934600728778280616e+08
1.113226452905811570e+01 1.931844990505605936e+08
1.114128256513026116e+01 1.929087561757392883e+08
1.115030060120240485e+01 1.926327672496937215e+08
1.115931863727454854e+01 1.923565132691524923e+08
1.116833667334669400e+01 1.920800759108652771e+08
1.117735470941883769e+01 1.918035477582874596e+08
1.118637274549098137e+01 1.915269592483538389e+08
1.119539078156312684e+01 1.912502817480194271e+08
1.120440881763527052e+01 1.909734539644876420e+08
1.121342685370741421e+01 1.906963965482851863e+08
1.122244488977955967e+01 1.904190707627410591e+08
1.123146292585170336e+01 1.901415381596758664e+08
1.124048096192384705e+01 1.898639021823250055e+08
1.124949899799599251e+01 1.895862060204444230e+08
1.125851703406813620e+01 1.893084342536672950e+08
1.126753507014027988e+01 1.890305298018543124e+08
1.127655310621242535e+01 1.887524146352260113e+08
1.128557114228456904e+01 1.884740333943025172e+08
1.129458917835671272e+01 1.881954242391532063e+08
1.130360721442885819e+01 1.879166951908946931e+08
1.131262525050100187e+01 1.876379034530447125e+08
1.132164328657314556e+01 1.873590476312461793e+08
1.133066132264529102e+01 1.870800756352941692e+08
1.133967935871743471e+01 1.868009133250995278e+08
1.134869739478957840e+01 1.865214924057213962e+08
1.135771543086172386e+01 1.862418268072173297e+08
1.136673346693386755e+01 1.859620208837990761e+08
1.137575150300601123e+01 1.856821473443132341e+08
1.138476953907815670e+01 1.854022185036562681e+08
1.139378757515030038e+01 1.851221893445957899e+08
1.140280561122244407e+01 1.848419906510843039e+08
1.141182364729458953e+01 1.845615454721911550e+08
1.142084168336673322e+01 1.842808442592629492e+08
1.142985971943887691e+01 1.839999794831437469e+08
1.143887775551102237e+01 1.837190396447493434e+08
1.144789579158316606e+01 1.834380499005292654e+08
1.145691382765530975e+01 1.831569753479631245e+08
1.146593186372745521e+01 1.828757515082384050e+08
1.147494989979959890e+01 1.825942971950241923e+08
1.148396793587174258e+01 1.823125813346836865e+08
1.149298597194388805e+01 1.820306777875507474e+08
1.150200400801603173e+01 1.817486886477919221e+08
1.151102204408817542e+01 1.814666516542725861e+08
1.152004008016032088e+01 1.811845446905389130e+08
1.152905811623246457e+01 1.809023075571672618e+08
1.153807615230460826e+01 1.806198589730978310e+08
1.154709418837675372e+01 1.803371492448356450e+08
1.155611222444889741e+01 1.800542290947532356e+08
1.156513026052104109e+01 1.797712089919801354e+08
1.157414829659318656e+01 1.794881402320126593e+08
1.158316633266533024e+01 1.792050148679561615e+08
1.159218436873747393e+01 1.789217772127235830e+08
1.160120240480961940e+01 1.786383491569893360e+08
1.161022044088176308e+01 1.783546659118824005e+08
1.161923847695390677e+01 1.780707532258060873e+08
1.162825651302605223e+01 1.777867219720046222e+08
1.163727454909819592e+01 1.775026387656384408e+08
1.164629258517033961e+01 1.772185099599408209e+08
1.165531062124248507e+01 1.769342858363502920e+08
1.166432865731462876e+01 1.766498932599620521e+08
1.167334669338677244e+01 1.763652564884704649e+08
1.168236472945891791e+01 1.760803765484164655e+08
1.169138276553106159e+01 1.757953557711252570e+08
1.170040080160320528e+01 1.755102773588898480e+08
1.170941883767535074e+01 1.752251611041926742e+08
1.171843687374749443e+01 1.749399661285265982e+08
1.172745490981963812e+01 1.746546244628903568e+08
1.173647294589178358e+01 1.743690540002447665e+08
1.174549098196392727e+01 1.740832325586585402e+08
1.175450901803607096e+01 1.737972460795004368e+08
1.176352705410821642e+01 1.735111935119532049e+08
1.177254509018036011e+01 1.732251073202636242e+08
1.178156312625250557e+01 1.729389586324809194e+08
1.179058116232464926e+01 1.726526840786209404e+08
1.179959919839679294e+01 1.723661996581329703e+08
1.180861723446893841e+01 1.720794625970522463e+08
1.181763527054108209e+01 1.717925366368263662e+08
1.182665330661322578e+01 1.715055325714310706e+08
1.183567134268537124e+01 1.712184959809142053e+08
1.184468937875751493e+01 1.709314120793878138e+08
1.185370741482965862e+01 1.706442218301936686e+08
1.186272545090180408e+01 1.703568432402195036e+08
1.187174348697394777e+01 1.700692162984943092e+08
1.188076152304609145e+01 1.697813794311286807e+08
1.188977955911823692e+01 1.694934481252845824e+08
1.189879759519038060e+01 1.692054827850930393e+08
1.190781563126252607e+01 1.689174833654288352e+08
1.191683366733466976e+01 1.686293959703894854e+08
1.192585170340681344e+01 1.683411432550690174e+08
1.193486973947895891e+01 1.680526518988848329e+08
1.194388777555110259e+01 1.677639345324399769e+08
1.195290581162324628e+01 1.674751020950478315e+08
1.196192384769539174e+01 1.671862317338086963e+08
1.197094188376753543e+01 1.668973376082669497e+08
1.197995991983967912e+01 1.666083732853913307e+08
1.198897795591182458e+01 1.663192669443870485e+08
1.199799599198396827e+01 1.660299365501836836e+08
1.200701402805611195e+01 1.657403699880041778e+08
1.201603206412825742e+01 1.654506647332100570e+08
1.202505010020040110e+01 1.651609151505331099e+08
1.203406813627254479e+01 1.648711484968373775e+08
1.204308617234469025e+01 1.645813292061139345e+08
1.205210420841683394e+01 1.642913905335504413e+08
1.206112224448897763e+01 1.640012464581045806e+08
1.207014028056112309e+01 1.637108623404626846e+08
1.207915831663326678e+01 1.634203151263557971e+08
1.208817635270541047e+01 1.631297139508351386e+08
1.209719438877755593e+01 1.628390989591583908e+08
1.210621242484969962e+01 1.625484482767119408e+08
1.211523046092184330e+01 1.622576995861776173e+08
1.212424849699398877e+01 1.619667672958481610e+08
1.213326653306613245e+01 1.616755973859616816e+08
1.214228456913827614e+01 1.613842417163842320e+08
1.215130260521042160e+01 1.610928183062634468e+08
1.216032064128256529e+01 1.608013814999348223e+08
1.216933867735470898e+01 1.605099244164775014e+08
1.217835671342685444e+01 1.602183893763034344e+08
1.218737474949899813e+01 1.599266946450726688e+08
1.219639278557114181e+01 1.596347705663687289e+08
1.220541082164328728e+01 1.593426423424790502e+08
1.221442885771543096e+01 1.590504279502508640e+08
1.222344689378757465e+01 1.587581981421160102e+08
1.223246492985972012e+01 1.584659609891615212e+08
1.224148296593186380e+01 1.581736650695741177e+08
1.225050100200400749e+01 1.578812342459129095e+08
1.225951903807615295e+01 1.575885876634685099e+08
1.226853707414829664e+01 1.572957244087290168e+08
1.227755511022044033e+01 1.570027526407378018e+08
1.228657314629258579e+01 1.567097610837385654e+08
1.229559118236472948e+01 1.564167716560997665e+08
1.230460921843687316e+01 1.561237423823173046e+08
1.231362725450901863e+01 1.558306027484544218e+08
1.232264529058116231e+01 1.555372655785758793e+08
1.233166332665330600e+01 1.552437055779456496e+08
1.234068136272545146e+01 1.549500127690203190e+08
1.234969939879759515e+01 1.546562929254392982e+08
1.235871743486973884e+01 1.543625809685302675e+08
1.236773547094188430e+01 1.540688478068570793e+08
1.237675350701402799e+01 1.537750277317247093e+08
1.238577154308617168e+01 1.534810320350417197e+08
1.239478957915831714e+01 1.531868138960752189e+08
1.240380761523046083e+01 1.528924391933977604e+08
1.241282565130260451e+01 1.525980263819936812e+08
1.242184368737474998e+01 1.523036240380503237e+08
1.243086172344689366e+01 1.520092180699694753e+08
1.243987975951903735e+01 1.517147472218027115e+08
1.244889779559118281e+01 1.514201253820203245e+08
1.245791583166332650e+01 1.511252877855354846e+08
1.246693386773547019e+01 1.508302731597380936e+08
1.247595190380761565e+01 1.505352046494510770e+08
1.248496993987975934e+01 1.502401466068933308e+08
1.249398797595190302e+01 1.499451004632421732e+08
1.250300601202404849e+01 1.496500103144620061e+08
1.251202404809619217e+01 1.493547953537358940e+08
1.252104208416833586e+01 1.490593770483190417e+08
1.253006012024048133e+01 1.487637667728259563e+08
1.253907815631262501e+01 1.484680821931656301e+08
1.254809619238476870e+01 1.481724057280344367e+08
1.255711422845691416e+01 1.478767535970939398e+08
1.256613226452905785e+01 1.475810778456371427e+08
1.257515030060120154e+01 1.472853037007256448e+08
1.258416833667334700e+01 1.469893437921656668e+08
1.259318637274549069e+01 1.466931833876299560e+08
1.260220440881763437e+01 1.463969251332506835e+08
1.261122244488977984e+01 1.461006700702960491e+08
1.262024048096192352e+01 1.458044479281906188e+08
1.262925851703406721e+01 1.455082224424387217e+08
1.263827655310621267e+01 1.452119242087795138e+08
1.264729458917835636e+01 1.449154620607697964e+08
1.265631262525050005e+01 1.446187976050248146e+08
1.266533066132264551e+01 1.443220110679900646e+08
1.267434869739478920e+01 1.440252193669938445e+08
1.268336673346693289e+01 1.437284656258761585e+08
1.269238476953907835e+01 1.434317282289377749e+08
1.270140280561122204e+01 1.431349423592661619e+08
1.271042084168336572e+01 1.428380177525792718e+08
1.271943887775551119e+01 1.425408957403829396e+08
1.272845691382765487e+01 1.422436294919490516e+08
1.273747494989979856e+01 1.419463452397053838e+08
1.274649298597194402e+01 1.416491011524198353e+08
1.275551102204408771e+01 1.413518914983401000e+08
1.276452905811623317e+01 1.410546562810327709e+08
1.277354709418837686e+01 1.407573097281992137e+08
1.278256513026052055e+01 1.404597768719188869e+08
1.279158316633266601e+01 1.401620824517488182e+08
1.280060120240480970e+01 1.398643521325213909e+08
1.280961923847695338e+01 1.395666617335011661e+08
1.281863727454909885e+01 1.392690212239809036e+08
1.282765531062124253e+01 1.389713772132033408e+08
1.283667334669338622e+01 1.386736501304681897e+08
1.284569138276553169e+01 1.383757534638830125e+08
1.285470941883767537e+01 1.380776842750830352e+08
1.286372745490981906e+01 1.377795570878165066e+08
1.287274549098196452e+01 1.374814671767467856e+08
1.288176352705410821e+01 1.371834389054056704e+08
1.289078156312625190e+01 1.368854290684435368e+08
1.289979959919839736e+01 1.365873640999934971e+08
1.290881763527054105e+01 1.362891511941439211e+08
1.291783567134268473e+01 1.359907616646780372e+08
1.292685370741483020e+01 1.356922901036144197e+08
1.293587174348697388e+01 1.353938501781917810e+08
1.294488977955911757e+01 1.350954797789419889e+08
1.295390781563126303e+01 1.347971495613262951e+08
1.296292585170340672e+01 1.344987909813892245e+08
1.297194388777555041e+01 1.342003100364764929e+08
1.298096192384769587e+01 1.339016553931824565e+08
1.298997995991983956e+01 1.336028954379298985e+08
1.299899799599198325e+01 1.333041573556054533e+08
1.300801603206412871e+01 1.330054934505971372e+08
1.301703406813627240e+01 1.327068903741637170e+08
1.302605210420841608e+01 1.324082842079886049e+08
1.303507014028056155e+01 1.321095841257113218e+08
1.304408817635270523e+01 1.318107199786711931e+08
1.305310621242484892e+01 1.315117309922597557e+08
1.306212424849699438e+01 1.312127489895459116e+08
1.307114228456913807e+01 1.309138432159860730e+08
1.308016032064128176e+01 1.306150167449665666e+08
1.308917835671342722e+01 1.303162112870433778e+08
1.309819639278557091e+01 1.300173419706614912e+08
1.310721442885771459e+01 1.297183243015983701e+08
1.311623246492986006e+01 1.294191683644304574e+08
1.312525050100200374e+01 1.291199994927993119e+08
1.313426853707414921e+01 1.288209065142574012e+08
1.314328657314629289e+01 1.285219080059101880e+08
1.315230460921843658e+01 1.282229542210010737e+08
1.316132264529058205e+01 1.279239668318522274e+08
1.317034068136272573e+01 1.276248523206215948e+08
1.317935871743486942e+01 1.273255930406291038e+08
1.318837675350701488e+01 1.270262976374749988e+08
1.319739478957915857e+01 1.267270751205201298e+08
1.320641282565130226e+01 1.264279581600660533e+08
1.321543086172344772e+01 1.261289096465852112e+08
1.322444889779559141e+01 1.258298569284960926e+08
1.323346693386773509e+01 1.255307028582958579e+08
1.324248496993988056e+01 1.252314047417129278e+08
1.325150300601202424e+01 1.249320467170357555e+08
1.326052104208416793e+01 1.246327548758435398e+08
1.326953907815631339e+01 1.243335759918270111e+08
1.327855711422845708e+01 1.240344886898411959e+08
1.328757515030060077e+01 1.237354250914310962e+08
1.329659318637274623e+01 1.234362894384547323e+08
1.330561122244488992e+01 1.231370176440163404e+08
1.331462925851703361e+01 1.228376645562688261e+08
1.332364729458917907e+01 1.225383660322473943e+08
1.333266533066132276e+01 1.222391849668952972e+08
1.334168336673346644e+01 1.219401168976583928e+08
1.335070140280561191e+01 1.216410989942669421e+08
1.335971943887775559e+01 1.213420406599617153e+08
1.336873747494989928e+01 1.210428606717933565e+08
1.337775551102204474e+01 1.207435833802385479e+08
1.338677354709418843e+01 1.204443434891592264e+08
1.339579158316633212e+01 1.201452230503409505e+08
1.340480961923847758e+01 1.198462342128171623e+08
1.341382765531062127e+01 1.195473212118153721e+08
1.342284569138276495e+01 1.192484002830167860e+08
1.343186372745491042e+01 1.189493782278541028e+08
1.344088176352705410e+01 1.186502498273012340e+08
1.344989979959919779e+01 1.183511371780477911e+08
1.345891783567134325e+01 1.180521435180761218e+08
1.346793587174348694e+01 1.177532960824933350e+08
1.347695390781563063e+01 1.174545501482878178e+08
1.348597194388777609e+01 1.171558283754419088e+08
1.349498997995991978e+01 1.168570312304459810e+08
1.350400801603206347e+01 1.165581260514024049e+08
1.351302605210420893e+01 1.162592129511183202e+08
1.352204408817635262e+01 1.159604151111201495e+08
1.353106212424849630e+01 1.156617740020412356e+08
1.354008016032064177e+01 1.153632598938858509e+08
1.354909819639278545e+01 1.150648007147365808e+08
1.355811623246492914e+01 1.147662960869673491e+08
1.356713426853707460e+01 1.144676892973276526e+08
1.357615230460921829e+01 1.141690518551283628e+08
1.358517034068136198e+01 1.138705214300150424e+08
1.359418837675350744e+01 1.135721548995100111e+08
1.360320641282565113e+01 1.132739397020116597e+08
1.361222444889779482e+01 1.129758086015889496e+08
1.362124248496994028e+01 1.126776650375602245e+08
1.363026052104208397e+01 1.123794323730260581e+08
1.363927855711422765e+01 1.120811505705220550e+08
1.364829659318637312e+01 1.117829618837950379e+08
1.365731462925851680e+01 1.114849415814069062e+08
1.366633266533066049e+01 1.111870946075026691e+08
1.367535070140280595e+01 1.108893596966157407e+08
1.368436873747494964e+01 1.105916469656751901e+08
1.369338677354709333e+01 1.102938646885205507e+08
1.370240480961923879e+01 1.099960214901991487e+08
1.371142284569138248e+01 1.096982519852383584e+08
1.372044088176352616e+01 1.094006528611319214e+08
1.372945891783567163e+01 1.091032454417364299e+08
1.373847695390781531e+01 1.088059777238046974e+08
1.374749498997995900e+01 1.085087669372169077e+08
1.375651302605210446e+01 1.082115120544770360e+08
1.376553106212424815e+01 1.079141919446266741e+08
1.377454909819639362e+01 1.076169225931928903e+08
1.378356713426853730e+01 1.073198227479172498e+08
1.379258517034068099e+01 1.070229285842224061e+08
1.380160320641282645e+01 1.067262018593910336e+08
1.381062124248497014e+01 1.064295658305836618e+08
1.381963927855711383e+01 1.061329159993702769e+08
1.382865731462925929e+01 1.058362044423915893e+08
1.383767535070140298e+01 1.055395201522814780e+08
1.384669338677354666e+01 1.052430004294093996e+08
1.385571142284569213e+01 1.049466964805943668e+08
1.386472945891783581e+01 1.046505870948924869e+08
1.387374749498997950e+01 1.043546005233499855e+08
1.388276553106212496e+01 1.040586342094795257e+08
1.389178356713426865e+01 1.037626174110744894e+08
1.390080160320641234e+01 1.034666071366501451e+08
1.390981963927855780e+01 1.031707510137163252e+08
1.391883767535070149e+01 1.028751177413564175e+08
1.392785571142284518e+01 1.025797042743202001e+08
1.393687374749499064e+01 1.022844441878028214e+08
1.394589178356713433e+01 1.019892408647329211e+08
1.395490981963927801e+01 1.016940053496772498e+08
1.396392785571142348e+01 1.013987616003192514e+08
1.397294589178356716e+01 1.011036554192225784e+08
1.398196392785571085e+01 1.008087765334275216e+08
1.399098196392785631e+01 1.005141396148348898e+08
1.400000000000000000e+01 1.002196858564523906e+08
