# # logMh tA(yrs)
9.500000000000000000e+00 1.347653759255901277e+08
9.509018036072143687e+00 1.346209071616027653e+08
9.518036072144287374e+00 1.344763213474060595e+08
9.527054108216432837e+00 1.343315978104760647e+08
9.536072144288578301e+00 1.341867558371097445e+08
9.545090180360720211e+00 1.340418410121230334e+08
9.554108216432865675e+00 1.338968792643041909e+08
9.563126252505011138e+00 1.337518684392443001e+08
9.572144288577153048e+00 1.336067830828012228e+08
9.581162324649298512e+00 1.334615885960797369e+08
9.590180360721443975e+00 1.333162577178711593e+08
9.599198396793585886e+00 1.331708000098719597e+08
9.608216432865731349e+00 1.330252603500144631e+08
9.617234468937876812e+00 1.328796714151124358e+08
9.626252505010018723e+00 1.327340377126274556e+08
9.635270541082164186e+00 1.325883369676030278e+08
9.644288577154309650e+00 1.324425355996309817e+08
9.653306613226451560e+00 1.322966012948313504e+08
9.662324649298597024e+00 1.321505336224308908e+08
9.671342685370742487e+00 1.320043735747067332e+08
9.680360721442884397e+00 1.318581604141485691e+08
9.689378757515029861e+00 1.317119052723907679e+08
9.698396793587175324e+00 1.315655903417834938e+08
9.707414829659317235e+00 1.314191834947717786e+08
9.716432865731462698e+00 1.312726490888166279e+08
9.725450901803608161e+00 1.311259769912722707e+08
9.734468937875750072e+00 1.309792014612611830e+08
9.743486973947895535e+00 1.308323673745567352e+08
9.752505010020040999e+00 1.306854924448426813e+08
9.761523046092182909e+00 1.305385645711874217e+08
9.770541082164328373e+00 1.303915533616215587e+08
9.779559118236473836e+00 1.302444215754432082e+08
9.788577154308615746e+00 1.300971501945865452e+08
9.797595190380761210e+00 1.299497645148999989e+08
9.806613226452906673e+00 1.298023130610814542e+08
9.815631262525050360e+00 1.296548202993926555e+08
9.824649298597194047e+00 1.295072807045213133e+08
9.833667334669339510e+00 1.293596660507063419e+08
9.842685370741483197e+00 1.292119390331854820e+08
9.851703406813626884e+00 1.290640729823595583e+08
9.860721442885772348e+00 1.289160828749582767e+08
9.869739478957916035e+00 1.287680179453189522e+08
9.878757515030059722e+00 1.286199097194033563e+08
9.887775551102205185e+00 1.284717596739715785e+08
9.896793587174348872e+00 1.283235425103663951e+08
9.905811623246492559e+00 1.281752219732757062e+08
9.914829659318638022e+00 1.280267653318686932e+08
9.923847695390781709e+00 1.278781767332537472e+08
9.932865731462925396e+00 1.277295026633826494e+08
9.941883767535070859e+00 1.275807818116371036e+08
9.950901803607214546e+00 1.274320226817554533e+08
9.959919839679358233e+00 1.272832040891619921e+08
9.968937875751503697e+00 1.271342914191805571e+08
9.977955911823647384e+00 1.269852477570998073e+08
9.986973947895791071e+00 1.268360665488419682e+08
9.995991983967936534e+00 1.266867882308262885e+08
1.000501002004008022e+01 1.265374580852752477e+08
1.001402805611222391e+01 1.263880914977100641e+08
1.002304609218436937e+01 1.262386727658621371e+08
1.003206412825651306e+01 1.260891691688971967e+08
1.004108216432865675e+01 1.259395415466601998e+08
1.005010020040080221e+01 1.257897733819051683e+08
1.005911823647294590e+01 1.256398963241620362e+08
1.006813627254508958e+01 1.254899606640058905e+08
1.007715430861723505e+01 1.253399887067485452e+08
1.008617234468937873e+01 1.251899713305342942e+08
1.009519038076152242e+01 1.250398779579754174e+08
1.010420841683366788e+01 1.248896689853527248e+08
1.011322645290581157e+01 1.247393191667655408e+08
1.012224448897795526e+01 1.245888494867811501e+08
1.013126252505010072e+01 1.244383125420461297e+08
1.014028056112224441e+01 1.242877378624930084e+08
1.014929859719438809e+01 1.241371235198057294e+08
1.015831663326653356e+01 1.239864416193462908e+08
1.016733466933867724e+01 1.238356535244833529e+08
1.017635270541082093e+01 1.236847268805739731e+08
1.018537074148296639e+01 1.235336711427249014e+08
1.019438877755511008e+01 1.233825376451865435e+08
1.020340681362725377e+01 1.232313634588152766e+08
1.021242484969939923e+01 1.230801540055033565e+08
1.022144288577154292e+01 1.229288850608182997e+08
1.023046092184368661e+01 1.227775197762797922e+08
1.023947895791583207e+01 1.226260206571378112e+08
1.024849699398797576e+01 1.224743855605107397e+08
1.025751503006011944e+01 1.223226608386871517e+08
1.026653306613226491e+01 1.221708909586686343e+08
1.027555110220440859e+01 1.220190885031947047e+08
1.028456913827655228e+01 1.218672343135061264e+08
1.029358717434869774e+01 1.217152936240570694e+08
1.030260521042084143e+01 1.215632259142557234e+08
1.031162324649298512e+01 1.214110180426779538e+08
1.032064128256513058e+01 1.212587081243375838e+08
1.032965931863727427e+01 1.211063469124552459e+08
1.033867735470941795e+01 1.209539540341862440e+08
1.034769539078156342e+01 1.208015167191096842e+08
1.035671342685370711e+01 1.206490023884119689e+08
1.036573146292585079e+01 1.204963695333000124e+08
1.037474949899799626e+01 1.203435952060108930e+08
1.038376753507013994e+01 1.201907068358127326e+08
1.039278557114228363e+01 1.200377591566565633e+08
1.040180360721442909e+01 1.198847790561379194e+08
1.041082164328657278e+01 1.197317610092058480e+08
1.041983967935871647e+01 1.195786749232058823e+08
1.042885771543086193e+01 1.194254800060485750e+08
1.043787575150300562e+01 1.192721451309670955e+08
1.044689378757514930e+01 1.191186856951382607e+08
1.045591182364729477e+01 1.189651569461176246e+08
1.046492985971943845e+01 1.188115934822354019e+08
1.047394789579158214e+01 1.186579973526410609e+08
1.048296593186372760e+01 1.185043416904802173e+08
1.049198396793587129e+01 1.183505875394736081e+08
1.050100200400801498e+01 1.181966975804416835e+08
1.051002004008016044e+01 1.180426748518475294e+08
1.051903807615230413e+01 1.178885710785868168e+08
1.052805611222444782e+01 1.177344288147546798e+08
1.053707414829659328e+01 1.175802575442757308e+08
1.054609218436873697e+01 1.174260349133376926e+08
1.055511022044088065e+01 1.172717242403415591e+08
1.056412825651302612e+01 1.171172842528860569e+08
1.057314629258516980e+01 1.169627060451808125e+08
1.058216432865731349e+01 1.168080340434500277e+08
1.059118236472945895e+01 1.166533181967912316e+08
1.060020040080160264e+01 1.164985751552176625e+08
1.060921843687374633e+01 1.163437885748063028e+08
1.061823647294589179e+01 1.161889240842326283e+08
1.062725450901803548e+01 1.160339386860020310e+08
1.063627254509017916e+01 1.158788126187509447e+08
1.064529058116232463e+01 1.157235799775735587e+08
1.065430861723446831e+01 1.155682963149696290e+08
1.066332665330661200e+01 1.154129855000909567e+08
1.067234468937875747e+01 1.152576383421868384e+08
1.068136272545090115e+01 1.151022228490640670e+08
1.069038076152304662e+01 1.149466962842369378e+08
1.069939879759519030e+01 1.147910296243547648e+08
1.070841683366733399e+01 1.146352447032221705e+08
1.071743486973947945e+01 1.144793995271061063e+08
1.072645290581162314e+01 1.143235256560475677e+08
1.073547094188376683e+01 1.141676215961933732e+08
1.074448897795591229e+01 1.140116582039935738e+08
1.075350701402805598e+01 1.138555944572071433e+08
1.076252505010019966e+01 1.136993940257656127e+08
1.077154308617234513e+01 1.135430657818866819e+08
1.078056112224448881e+01 1.133866660256478190e+08
1.078957915831663250e+01 1.132302345538129508e+08
1.079859719438877796e+01 1.130737775696498603e+08
1.080761523046092165e+01 1.129172698390979767e+08
1.081663326653306711e+01 1.127606727594733536e+08
1.082565130260521080e+01 1.126039449769073874e+08
1.083466933867735449e+01 1.124470826031520516e+08
1.084368737474949995e+01 1.122901359735062122e+08
1.085270541082164364e+01 1.121331531207127422e+08
1.086172344689378733e+01 1.119761475851008594e+08
1.087074148296593279e+01 1.118190995992823243e+08
1.087975951903807648e+01 1.116619730592617691e+08
1.088877755511022016e+01 1.115047239607363343e+08
1.089779559118236563e+01 1.113473365740246475e+08
1.090681362725450931e+01 1.111898516559684426e+08
1.091583166332665300e+01 1.110323242937021554e+08
1.092484969939879846e+01 1.108747752063176632e+08
1.093386773547094215e+01 1.107171915224398077e+08
1.094288577154308584e+01 1.105595395330685973e+08
1.095190380761523130e+01 1.104017748146838993e+08
1.096092184368737499e+01 1.102438713021502048e+08
1.096993987975951867e+01 1.100858576045564562e+08
1.097895791583166414e+01 1.099277932191665769e+08
1.098797595190380783e+01 1.097697064031660706e+08
1.099699398797595151e+01 1.096115920132208318e+08
1.100601202404809698e+01 1.094534189247838557e+08
1.101503006012024066e+01 1.092951440907831341e+08
1.102404809619238435e+01 1.091367330092813671e+08
1.103306613226452981e+01 1.089782009223224223e+08
1.104208416833667350e+01 1.088196077080779523e+08
1.105110220440881719e+01 1.086609898758993447e+08
1.106012024048096265e+01 1.085023502049114704e+08
1.106913827655310634e+01 1.083436609195051789e+08
1.107815631262525002e+01 1.081848814177311361e+08
1.108717434869739549e+01 1.080259709935184121e+08
1.109619238476953917e+01 1.078669314541600347e+08
1.110521042084168286e+01 1.077078184386787266e+08
1.111422845691382832e+01 1.075486771972006410e+08
1.112324649298597201e+01 1.073895181000968367e+08
1.113226452905811570e+01 1.072303181713373065e+08
1.114128256513026116e+01 1.070710395187075585e+08
1.115030060120240485e+01 1.069116376996094435e+08
1.115931863727454854e+01 1.067521017857018560e+08
1.116833667334669400e+01 1.065924789859417379e+08
1.117735470941883769e+01 1.064328227835367918e+08
1.118637274549098137e+01 1.062731507617371529e+08
1.119539078156312684e+01 1.061134464009494334e+08
1.120440881763527052e+01 1.059536743409002125e+08
1.121342685370741421e+01 1.057937888185827434e+08
1.122244488977955967e+01 1.056337675256739557e+08
1.123146292585170336e+01 1.054736460222003311e+08
1.124048096192384705e+01 1.053134840160093009e+08
1.124949899799599251e+01 1.051533064337707013e+08
1.125851703406813620e+01 1.049931043891570419e+08
1.126753507014027988e+01 1.048328449779573828e+08
1.127655310621242535e+01 1.046724832329830676e+08
1.128557114228456904e+01 1.045119872777113616e+08
1.129458917835671272e+01 1.043513791583387256e+08
1.130360721442885819e+01 1.041907211756703705e+08
1.131262525050100187e+01 1.040300463203157932e+08
1.132164328657314556e+01 1.038693537855449766e+08
1.133066132264529102e+01 1.037086135725814700e+08
1.133967935871743471e+01 1.035477829890735596e+08
1.134869739478957840e+01 1.033868227300605923e+08
1.135771543086172386e+01 1.032257408666169345e+08
1.136673346693386755e+01 1.030645975391235054e+08
1.137575150300601123e+01 1.029034346374529153e+08
1.138476953907815670e+01 1.027422592602530420e+08
1.139378757515030038e+01 1.025810454984400272e+08
1.140280561122244407e+01 1.024197535265588760e+08
1.141182364729458953e+01 1.022583390866582841e+08
1.142084168336673322e+01 1.020967967295113057e+08
1.142985971943887691e+01 1.019351797097338885e+08
1.143887775551102237e+01 1.017735389723243862e+08
1.144789579158316606e+01 1.016118889986345619e+08
1.145691382765530975e+01 1.014502097180924267e+08
1.146593186372745521e+01 1.012884640600454509e+08
1.147494989979959890e+01 1.011266053641484529e+08
1.148396793587174258e+01 1.009646158061736226e+08
1.149298597194388805e+01 1.008025378977395892e+08
1.150200400801603173e+01 1.006404303598095924e+08
1.151102204408817542e+01 1.004783148956582248e+08
1.152004008016032088e+01 1.003161787993471324e+08
1.152905811623246457e+01 1.001539874875166565e+08
1.153807615230460826e+01 9.999169428088346124e+07
1.154709418837675372e+01 9.982927066948252916e+07
1.155611222444889741e+01 9.966674583806923032e+07
1.156513026052104109e+01 9.950418327287720144e+07
1.157414829659318656e+01 9.934161244712246954e+07
1.158316633266533024e+01 9.917902880209361017e+07
1.159218436873747393e+01 9.901640037164813280e+07
1.160120240480961940e+01 9.885368233314943314e+07
1.161022044088176308e+01 9.869083753167876601e+07
1.161923847695390677e+01 9.852788079270024598e+07
1.162825651302605223e+01 9.836487578454205394e+07
1.163727454909819592e+01 9.820186074963481724e+07
1.164629258517033961e+01 9.803883933813436329e+07
1.165531062124248507e+01 9.787578303259186447e+07
1.166432865731462876e+01 9.771264989815667272e+07
1.167334669338677244e+01 9.754939652497406304e+07
1.168236472945891791e+01 9.738602354705353081e+07
1.169138276553106159e+01 9.722258968381045759e+07
1.170040080160320528e+01 9.705914265932701528e+07
1.170941883767535074e+01 9.689569382707536221e+07
1.171843687374749443e+01 9.673221975287102163e+07
1.172745490981963812e+01 9.656868150397098064e+07
1.173647294589178358e+01 9.640503205070957541e+07
1.174549098196392727e+01 9.624125872617214918e+07
1.175450901803607096e+01 9.607741081202681363e+07
1.176352705410821642e+01 9.591354501697488129e+07
1.177254509018036011e+01 9.574967994551663101e+07
1.178156312625250557e+01 9.558579905690151453e+07
1.179058116232464926e+01 9.542186608002129197e+07
1.179959919839679294e+01 9.525783293941208720e+07
1.180861723446893841e+01 9.509367518656134605e+07
1.181763527054108209e+01 9.492942935412347317e+07
1.182665330661322578e+01 9.476515888640360534e+07
1.183567134268537124e+01 9.460088987752079964e+07
1.184468937875751493e+01 9.443661386817635596e+07
1.185370741482965862e+01 9.427229708654056489e+07
1.186272545090180408e+01 9.410789264509722590e+07
1.187174348697394777e+01 9.394336625258260965e+07
1.188076152304609145e+01 9.377873993151390553e+07
1.188977955911823692e+01 9.361407976010483503e+07
1.189879759519038060e+01 9.344942028949801624e+07
1.190781563126252607e+01 9.328476149519599974e+07
1.191683366733466976e+01 9.312007257009844482e+07
1.192585170340681344e+01 9.295530931972910464e+07
1.193486973947895891e+01 9.279042987112760544e+07
1.194388777555110259e+01 9.262544148594075441e+07
1.195290581162324628e+01 9.246040759074652195e+07
1.196192384769539174e+01 9.229537227628067136e+07
1.197094188376753543e+01 9.213034363267679513e+07
1.197995991983967912e+01 9.196529513940408826e+07
1.198897795591182458e+01 9.180018579082293808e+07
1.199799599198396827e+01 9.163496876910394430e+07
1.200701402805611195e+01 9.146963719883015752e+07
1.201603206412825742e+01 9.130424676829428971e+07
1.202505010020040110e+01 9.113885136292468011e+07
1.203406813627254479e+01 9.097346654208540916e+07
1.204308617234469025e+01 9.080807200784134865e+07
1.205210420841683394e+01 9.064262968234457076e+07
1.206112224448897763e+01 9.047709050926642120e+07
1.207014028056112309e+01 9.031143476641833782e+07
1.207915831663326678e+01 9.014570638563787937e+07
1.208817635270541047e+01 8.997996763457944989e+07
1.209719438877755593e+01 8.981424141051085293e+07
1.210621242484969962e+01 8.964851523848153651e+07
1.211523046092184330e+01 8.948275359390817583e+07
1.212424849699398877e+01 8.931690770296019316e+07
1.213326653306613245e+01 8.915094681010846794e+07
1.214228456913827614e+01 8.898490051307675242e+07
1.215130260521042160e+01 8.881883609282913804e+07
1.216032064128256529e+01 8.865278451947389543e+07
1.216933867735470898e+01 8.848674187005893886e+07
1.217835671342685444e+01 8.832067528900074959e+07
1.218737474949899813e+01 8.815453823719114065e+07
1.219639278557114181e+01 8.798829107629871368e+07
1.220541082164328728e+01 8.782194819844526052e+07
1.221442885771543096e+01 8.765557680632749200e+07
1.222344689378757465e+01 8.748921718735487759e+07
1.223246492985972012e+01 8.732287393261976540e+07
1.224148296593186380e+01 8.715651776810118556e+07
1.225050100200400749e+01 8.699010538641972840e+07
1.225951903807615295e+01 8.682359080153368413e+07
1.226853707414829664e+01 8.665697353327667713e+07
1.227755511022044033e+01 8.649031514435325563e+07
1.228657314629258579e+01 8.632366611350108683e+07
1.229559118236472948e+01 8.615703890339580178e+07
1.230460921843687316e+01 8.599040963942062855e+07
1.231362725450901863e+01 8.582373823454385996e+07
1.232264529058116231e+01 8.565697514934627712e+07
1.233166332665330600e+01 8.549010604202823341e+07
1.234068136272545146e+01 8.532318211581125855e+07
1.234969939879759515e+01 8.515626349928490818e+07
1.235871743486973884e+01 8.498937003394190967e+07
1.236773547094188430e+01 8.482248518477128446e+07
1.237675350701402799e+01 8.465557162467391789e+07
1.238577154308617168e+01 8.448857898195041716e+07
1.239478957915831714e+01 8.432148069790638983e+07
1.240380761523046083e+01 8.415431422159700096e+07
1.241282565130260451e+01 8.398714683452174067e+07
1.242184368737474998e+01 8.382000611506734788e+07
1.243086172344689366e+01 8.365288405625014007e+07
1.243987975951903735e+01 8.348574588665132225e+07
1.244889779559118281e+01 8.331854274719133973e+07
1.245791583166332650e+01 8.315123791525252163e+07
1.246693386773547019e+01 8.298385340200366080e+07
1.247595190380761565e+01 8.281645909530344605e+07
1.248496993987975934e+01 8.264909150110006332e+07
1.249398797595190302e+01 8.248175142277625203e+07
1.250300601202404849e+01 8.231440715079657733e+07
1.251202404809619217e+01 8.214701287173463404e+07
1.252104208416833586e+01 8.197952408412718773e+07
1.253006012024048133e+01 8.181194727252818644e+07
1.253907815631262501e+01 8.164434916192734241e+07
1.254809619238476870e+01 8.147677646928435564e+07
1.255711422845691416e+01 8.130923837747430801e+07
1.256613226452905785e+01 8.114170770569986105e+07
1.257515030060120154e+01 8.097414209420943260e+07
1.258416833667334700e+01 8.080649206887501478e+07
1.259318637274549069e+01 8.063874931908263266e+07
1.260220440881763437e+01 8.047097200814273953e+07
1.261122244488977984e+01 8.030321736175948381e+07
1.262024048096192352e+01 8.013550220432837307e+07
1.262925851703406721e+01 7.996780599439021945e+07
1.263827655310621267e+01 7.980008944343604147e+07
1.264729458917835636e+01 7.963230096652247012e+07
1.265631262525050005e+01 7.946441886672636867e+07
1.266533066132264551e+01 7.929648857224752009e+07
1.267434869739478920e+01 7.912857624557456374e+07
1.268336673346693289e+01 7.896070627480074763e+07
1.269238476953907835e+01 7.879286642035636306e+07
1.270140280561122204e+01 7.862502002644895017e+07
1.271042084168336572e+01 7.845711604102727771e+07
1.271943887775551119e+01 7.828912132626822591e+07
1.272845691382765487e+01 7.812106597436244786e+07
1.273747494989979856e+01 7.795302136006970704e+07
1.274649298597194402e+01 7.778502035575252771e+07
1.275551102204408771e+01 7.761705970787021518e+07
1.276452905811623317e+01 7.744910550389076769e+07
1.277354709418837686e+01 7.728110928608807921e+07
1.278256513026052055e+01 7.711302872401513159e+07
1.279158316633266601e+01 7.694487782397183776e+07
1.280060120240480970e+01 7.677672758168907464e+07
1.280961923847695338e+01 7.660862081134967506e+07
1.281863727454909885e+01 7.644056312706527114e+07
1.282765531062124253e+01 7.627252437165045738e+07
1.283667334669338622e+01 7.610445962545746565e+07
1.284569138276553169e+01 7.593632007367002964e+07
1.285470941883767537e+01 7.576810408774299920e+07
1.286372745490981906e+01 7.559987631757588685e+07
1.287274549098196452e+01 7.543169052099995315e+07
1.288176352705410821e+01 7.526356042766925693e+07
1.289078156312625190e+01 7.509546164911560714e+07
1.289979959919839736e+01 7.492735268670798838e+07
1.290881763527054105e+01 7.475918121308091283e+07
1.291783567134268473e+01 7.459093107924667001e+07
1.292685370741483020e+01 7.442265564304700494e+07
1.293587174348697388e+01 7.425441898818328977e+07
1.294488977955911757e+01 7.408624245756043494e+07
1.295390781563126303e+01 7.391810949347531796e+07
1.296292585170340672e+01 7.374998145857656002e+07
1.297194388777555041e+01 7.358180539118011296e+07
1.298096192384769587e+01 7.341355239302618802e+07
1.298997995991983956e+01 7.324526101419153810e+07
1.299899799599198325e+01 7.307700290054652095e+07
1.300801603206412871e+01 7.290880749526016414e+07
1.301703406813627240e+01 7.274066726057529449e+07
1.302605210420841608e+01 7.257254619260427356e+07
1.303507014028056155e+01 7.240439315843832493e+07
1.304408817635270523e+01 7.223616868892905116e+07
1.305310621242484892e+01 7.206789488748537004e+07
1.306212424849699438e+01 7.189964595164507627e+07
1.307114228456913807e+01 7.173146083371371031e+07
1.308016032064128176e+01 7.156334124057562649e+07
1.308917835671342722e+01 7.139525436201632023e+07
1.309819639278557091e+01 7.122715245369677246e+07
1.310721442885771459e+01 7.105898800720372796e+07
1.311623246492986006e+01 7.089076671797397733e+07
1.312525050100200374e+01 7.072255907335783541e+07
1.313426853707414921e+01 7.055441500394281745e+07
1.314328657314629289e+01 7.038634492947146297e+07
1.315230460921843658e+01 7.021832086613644660e+07
1.316132264529058205e+01 7.005029878339871764e+07
1.317034068136272573e+01 6.988222613775384426e+07
1.317935871743486942e+01 6.971409303591899574e+07
1.318837675350701488e+01 6.954596053121471405e+07
1.319739478957915857e+01 6.937788985093660653e+07
1.320641282565130226e+01 6.920989932097338140e+07
1.321543086172344772e+01 6.904196807556152344e+07
1.322444889779559141e+01 6.887405530430574715e+07
1.323346693386773509e+01 6.870610646560029685e+07
1.324248496993988056e+01 6.853809760994161665e+07
1.325150300601202424e+01 6.837007598302146792e+07
1.326052104208416793e+01 6.820211234995134175e+07
1.326953907815631339e+01 6.803423293553648889e+07
1.327855711422845708e+01 6.786642571806971729e+07
1.328757515030060077e+01 6.769865259531547129e+07
1.329659318637274623e+01 6.753085984647299349e+07
1.330561122244488992e+01 6.736301153926847875e+07
1.331462925851703361e+01 6.719513845225243270e+07
1.332364729458917907e+01 6.702731676894041896e+07
1.333266533066132276e+01 6.685958173162402213e+07
1.334168336673346644e+01 6.669193080836287141e+07
1.335070140280561191e+01 6.652432875491052121e+07
1.335971943887775559e+01 6.635672478400922567e+07
1.336873747494989928e+01 6.618907338601230085e+07
1.337775551102204474e+01 6.602138822297126800e+07
1.338677354709418843e+01 6.585374476973749697e+07
1.339579158316633212e+01 6.568618897195117176e+07
1.340480961923847758e+01 6.551872760295504332e+07
1.341382765531062127e+01 6.535132940179991722e+07
1.342284569138276495e+01 6.518394744550897926e+07
1.343186372745491042e+01 6.501652955252629519e+07
1.344088176352705410e+01 6.484907281636440009e+07
1.344989979959919779e+01 6.468164559208427370e+07
1.345891783567134325e+01 6.451430564682985097e+07
1.346793587174348694e+01 6.434706819001403451e+07
1.347695390781563063e+01 6.417990816266385466e+07
1.348597194388777609e+01 6.401278227106587589e+07
1.349498997995991978e+01 6.384563482856799662e+07
1.350400801603206347e+01 6.367844757712078094e+07
1.351302605210420893e+01 6.351127651909450442e+07
1.352204408817635262e+01 6.334419052833164483e+07
1.353106212424849630e+01 6.317721276091806591e+07
1.354008016032064177e+01 6.301032655883409083e+07
1.354909819639278545e+01 6.284349160513058305e+07
1.355811623246492914e+01 6.267665178309481591e+07
1.356713426853707460e+01 6.250977540396817774e+07
1.357615230460921829e+01 6.234290243853458762e+07
1.358517034068136198e+01 6.217610980022285879e+07
1.359418837675350744e+01 6.200942923339198530e+07
1.360320641282565113e+01 6.184285368223343790e+07
1.361222444889779482e+01 6.167634556033921987e+07
1.362124248496994028e+01 6.150985092472601682e+07
1.363026052104208397e+01 6.134332698305043578e+07
1.363927855711422765e+01 6.117679605752967298e+07
1.364829659318637312e+01 6.101033755815256387e+07
1.365731462925851680e+01 6.084399346953006089e+07
1.366633266533066049e+01 6.067776651037996262e+07
1.367535070140280595e+01 6.051162245363570005e+07
1.368436873747494964e+01 6.034551112256186455e+07
1.369338677354709333e+01 6.017938133682168275e+07
1.370240480961923879e+01 6.001323791581426561e+07
1.371142284569138248e+01 5.984715594334446639e+07
1.372044088176352616e+01 5.968118931640168279e+07
1.372945891783567163e+01 5.951534988414356112e+07
1.373847695390781531e+01 5.934960860901395977e+07
1.374749498997995900e+01 5.918391931677440554e+07
1.375651302605210446e+01 5.901822567947637290e+07
1.376553106212424815e+01 5.885251592386665195e+07
1.377454909819639362e+01 5.868685468957956135e+07
1.378356713426853730e+01 5.852130812372442335e+07
1.379258517034068099e+01 5.835589633956236392e+07
1.380160320641282645e+01 5.819059798679181933e+07
1.381062124248497014e+01 5.802537028208838403e+07
1.381963927855711383e+01 5.786015500579696894e+07
1.382865731462925929e+01 5.769492546961083263e+07
1.383767535070140298e+01 5.752973122859730572e+07
1.384669338677354666e+01 5.736464870661485940e+07
1.385571142284569213e+01 5.719970636791697890e+07
1.386472945891783581e+01 5.703489235778672248e+07
1.387374749498997950e+01 5.687016670304536819e+07
1.388276553106212496e+01 5.670547230770623684e+07
1.389178356713426865e+01 5.654076980375260115e+07
1.390080160320641234e+01 5.637609090929869562e+07
1.390981963927855780e+01 5.621151773181687295e+07
1.391883767535070149e+01 5.604708844216881692e+07
1.392785571142284518e+01 5.588280129627332091e+07
1.393687374749499064e+01 5.571861931029970944e+07
1.394589178356713433e+01 5.555448873269226402e+07
1.395490981963927801e+01 5.539036009692525119e+07
1.396392785571142348e+01 5.522624672016313672e+07
1.397294589178356716e+01 5.506222962922325730e+07
1.398196392785571085e+01 5.489835865121323615e+07
1.399098196392785631e+01 5.473464188690502197e+07
1.400000000000000000e+01 5.457104661159606278e+07
