# # logMh tA(yrs)
9.500000000000000000e+00 3.408124364733309150e+08
9.509018036072143687e+00 3.404775787227548361e+08
9.518036072144287374e+00 3.401423876582927704e+08
9.527054108216432837e+00 3.398068151805879474e+08
9.536072144288578301e+00 3.394709058333989978e+08
9.545090180360720211e+00 3.391347652004641294e+08
9.554108216432865675e+00 3.387984533375700712e+08
9.563126252505011138e+00 3.384619651738194823e+08
9.572144288577153048e+00 3.381252415539881587e+08
9.581162324649298512e+00 3.377882020492333770e+08
9.590180360721443975e+00 3.374507832085791230e+08
9.599198396793585886e+00 3.371130070504081845e+08
9.608216432865731349e+00 3.367749776423157454e+08
9.617234468937876812e+00 3.364367707832710743e+08
9.626252505010018723e+00 3.360983968723331094e+08
9.635270541082164186e+00 3.357598040710739493e+08
9.644288577154309650e+00 3.354209142223870754e+08
9.653306613226451560e+00 3.350816520554428697e+08
9.662324649298597024e+00 3.347420163844315410e+08
9.671342685370742487e+00 3.344021023662273884e+08
9.680360721442884397e+00 3.340620012049025297e+08
9.689378757515029861e+00 3.337217387202740312e+08
9.698396793587175324e+00 3.333812734053720236e+08
9.707414829659317235e+00 3.330405303912849426e+08
9.716432865731462698e+00 3.326994265699934363e+08
9.725450901803608161e+00 3.323579381698889136e+08
9.734468937875750072e+00 3.320161447854045033e+08
9.743486973947895535e+00 3.316741508004970551e+08
9.752505010020040999e+00 3.313319973960263133e+08
9.761523046092182909e+00 3.309896563094250560e+08
9.770541082164328373e+00 3.306470566268362403e+08
9.779559118236473836e+00 3.303041114160065055e+08
9.788577154308615746e+00 3.299607761657780409e+08
9.797595190380761210e+00 3.296171096700391769e+08
9.806613226452906673e+00 3.292732249461687207e+08
9.815631262525050360e+00 3.289291789721270204e+08
9.824649298597194047e+00 3.285849587898701429e+08
9.833667334669339510e+00 3.282404984548352957e+08
9.842685370741483197e+00 3.278957107806836963e+08
9.851703406813626884e+00 3.275505333440992832e+08
9.860721442885772348e+00 3.272050009209362268e+08
9.869739478957916035e+00 3.268592283218979239e+08
9.878757515030059722e+00 3.265132890789678097e+08
9.887775551102205185e+00 3.261671865734279156e+08
9.896793587174348872e+00 3.258208616196385026e+08
9.905811623246492559e+00 3.254742293783999681e+08
9.914829659318638022e+00 3.251272131853016615e+08
9.923847695390781709e+00 3.247798225440750718e+08
9.932865731462925396e+00 3.244321659793416858e+08
9.941883767535070859e+00 3.240843338617243171e+08
9.950901803607214546e+00 3.237363460115354061e+08
9.959919839679358233e+00 3.233881527953636050e+08
9.968937875751503697e+00 3.230396731104018688e+08
9.977955911823647384e+00 3.226908204080262780e+08
9.986973947895791071e+00 3.223415791561912894e+08
9.995991983967936534e+00 3.219920438497067094e+08
1.000501002004008022e+01 3.216423204052330852e+08
1.001402805611222391e+01 3.212924447837882638e+08
1.002304609218436937e+01 3.209423801331205368e+08
1.003206412825651306e+01 3.205920496993150711e+08
1.004108216432865675e+01 3.202413615468670130e+08
1.005010020040080221e+01 3.198902767834804058e+08
1.005911823647294590e+01 3.195388694216402173e+08
1.006813627254508958e+01 3.191872572496079206e+08
1.007715430861723505e+01 3.188354924992520809e+08
1.008617234468937873e+01 3.184835537077443004e+08
1.009519038076152242e+01 3.181313690469095111e+08
1.010420841683366788e+01 3.177788454475752711e+08
1.011322645290581157e+01 3.174259234749099016e+08
1.012224448897795526e+01 3.170726521981658936e+08
1.013126252505010072e+01 3.167191549642854333e+08
1.014028056112224441e+01 3.163655010333219171e+08
1.014929859719438809e+01 3.160116858115383983e+08
1.015831663326653356e+01 3.156576436853377223e+08
1.016733466933867724e+01 3.153032837438555956e+08
1.017635270541082093e+01 3.149485297733398080e+08
1.018537074148296639e+01 3.145934038036464453e+08
1.019438877755511008e+01 3.142380263663106561e+08
1.020340681362725377e+01 3.138824845371722579e+08
1.021242484969939923e+01 3.135267910036343932e+08
1.022144288577154292e+01 3.131708887049549818e+08
1.023046092184368661e+01 3.128146908260288239e+08
1.023947895791583207e+01 3.124581089632433653e+08
1.024849699398797576e+01 3.121011378759145737e+08
1.025751503006011944e+01 3.117438865171440244e+08
1.026653306613226491e+01 3.113864594843758345e+08
1.027555110220440859e+01 3.110288863446310759e+08
1.028456913827655228e+01 3.106711218987557292e+08
1.029358717434869774e+01 3.103130841326048374e+08
1.030260521042084143e+01 3.099546774029572010e+08
1.031162324649298512e+01 3.095958705406318307e+08
1.032064128256513058e+01 3.092367532166332603e+08
1.032965931863727427e+01 3.088774449789363742e+08
1.033867735470941795e+01 3.085179920437040329e+08
1.034769539078156342e+01 3.081583642238177061e+08
1.035671342685370711e+01 3.077984845633056760e+08
1.036573146292585079e+01 3.074382549684156775e+08
1.037474949899799626e+01 3.070776210875824094e+08
1.038376753507013994e+01 3.067166474798601866e+08
1.039278557114228363e+01 3.063554632407369614e+08
1.040180360721442909e+01 3.059941317885419726e+08
1.041082164328657278e+01 3.056326400117008686e+08
1.041983967935871647e+01 3.052709167325437665e+08
1.042885771543086193e+01 3.049088654288174510e+08
1.043787575150300562e+01 3.045464123517508507e+08
1.044689378757514930e+01 3.041835937003444433e+08
1.045591182364729477e+01 3.038205399465063214e+08
1.046492985971943845e+01 3.034573328203921914e+08
1.047394789579158214e+01 3.030939771086152196e+08
1.048296593186372760e+01 3.027304091760772467e+08
1.049198396793587129e+01 3.023665367242029905e+08
1.050100200400801498e+01 3.020022712573063374e+08
1.051002004008016044e+01 3.016376197668133378e+08
1.051903807615230413e+01 3.012727045496215820e+08
1.052805611222444782e+01 3.009076262762534618e+08
1.053707414829659328e+01 3.005424073483971357e+08
1.054609218436873697e+01 3.001769947421691418e+08
1.055511022044088065e+01 2.998113014338081479e+08
1.056412825651302612e+01 2.994452294481358528e+08
1.057314629258516980e+01 2.990787574744644761e+08
1.058216432865731349e+01 2.987119906615070701e+08
1.059118236472945895e+01 2.983450473411306739e+08
1.060020040080160264e+01 2.979779669391520023e+08
1.060921843687374633e+01 2.976107106213860512e+08
1.061823647294589179e+01 2.972431967372862101e+08
1.062725450901803548e+01 2.968753230945275426e+08
1.063627254509017916e+01 2.965070425894863605e+08
1.064529058116232463e+01 2.961384359782711267e+08
1.065430861723446831e+01 2.957696350477405787e+08
1.066332665330661200e+01 2.954006964185845852e+08
1.067234468937875747e+01 2.950315981997535825e+08
1.068136272545090115e+01 2.946622642914364338e+08
1.069038076152304662e+01 2.942925929926973581e+08
1.069939879759519030e+01 2.939225151261956692e+08
1.070841683366733399e+01 2.935520824020385742e+08
1.071743486973947945e+01 2.931814326097375154e+08
1.072645290581162314e+01 2.928106407321916223e+08
1.073547094188376683e+01 2.924397031601595879e+08
1.074448897795591229e+01 2.920685504758295417e+08
1.075350701402805598e+01 2.916970849293711782e+08
1.076252505010019966e+01 2.913252198646776080e+08
1.077154308617234513e+01 2.909529762013276815e+08
1.078056112224448881e+01 2.905804878430578709e+08
1.078957915831663250e+01 2.902078494838690162e+08
1.079859719438877796e+01 2.898350758458107710e+08
1.080761523046092165e+01 2.894621067378306985e+08
1.081663326653306711e+01 2.890888500527867675e+08
1.082565130260521080e+01 2.887152070502511859e+08
1.083466933867735449e+01 2.883411682564641237e+08
1.084368737474949995e+01 2.879668535251011252e+08
1.085270541082164364e+01 2.875923773127573133e+08
1.086172344689378733e+01 2.872177718628819585e+08
1.087074148296593279e+01 2.868429899507579803e+08
1.087975951903807648e+01 2.864679453160830736e+08
1.088877755511022016e+01 2.860925327663868070e+08
1.089779559118236563e+01 2.857167145470805764e+08
1.090681362725450931e+01 2.853405877954585552e+08
1.091583166332665300e+01 2.849642839628268480e+08
1.092484969939879846e+01 2.845878524826452732e+08
1.093386773547094215e+01 2.842112625463771224e+08
1.094288577154308584e+01 2.838344335083572865e+08
1.095190380761523130e+01 2.834572590397287011e+08
1.096092184368737499e+01 2.830796766292784214e+08
1.096993987975951867e+01 2.827017544930828810e+08
1.097895791583166414e+01 2.823236348000378609e+08
1.098797595190380783e+01 2.819453850791205168e+08
1.099699398797595151e+01 2.815669929732255936e+08
1.100601202404809698e+01 2.811883839193866253e+08
1.101503006012024066e+01 2.808094547475153804e+08
1.102404809619238435e+01 2.804301226683573723e+08
1.103306613226452981e+01 2.800504239789643288e+08
1.104208416833667350e+01 2.796705019457920790e+08
1.105110220440881719e+01 2.792904439526201487e+08
1.106012024048096265e+01 2.789102566098319292e+08
1.106913827655310634e+01 2.785298732850840092e+08
1.107815631262525002e+01 2.781491965375125408e+08
1.108717434869739549e+01 2.777681285974751115e+08
1.109619238476953917e+01 2.773866735941824317e+08
1.110521042084168286e+01 2.770049648144521713e+08
1.111422845691382832e+01 2.766231107231197357e+08
1.112324649298597201e+01 2.762411361549116373e+08
1.113226452905811570e+01 2.758589859105255604e+08
1.114128256513026116e+01 2.754765689294013977e+08
1.115030060120240485e+01 2.750937783450518250e+08
1.115931863727454854e+01 2.747105877102787495e+08
1.116833667334669400e+01 2.743271102394146919e+08
1.117735470941883769e+01 2.739434743169696331e+08
1.118637274549098137e+01 2.735597221422466040e+08
1.119539078156312684e+01 2.731758139619055390e+08
1.120440881763527052e+01 2.727916646858216524e+08
1.121342685370741421e+01 2.724071641348511577e+08
1.122244488977955967e+01 2.720222584620817900e+08
1.123146292585170336e+01 2.716370330122781992e+08
1.124048096192384705e+01 2.712516313134205341e+08
1.124949899799599251e+01 2.708661132904754877e+08
1.125851703406813620e+01 2.704804575108318329e+08
1.126753507014027988e+01 2.700945846881349683e+08
1.127655310621242535e+01 2.697083864169530869e+08
1.128557114228456904e+01 2.693217857388895154e+08
1.129458917835671272e+01 2.689348355607219338e+08
1.130360721442885819e+01 2.685476858471274972e+08
1.131262525050100187e+01 2.681604160331372619e+08
1.132164328657314556e+01 2.677730241332152188e+08
1.133066132264529102e+01 2.673854377633900642e+08
1.133967935871743471e+01 2.669975538633297980e+08
1.134869739478957840e+01 2.666092774600971639e+08
1.135771543086172386e+01 2.662206278207093775e+08
1.136673346693386755e+01 2.658317498967823684e+08
1.137575150300601123e+01 2.654427447027518749e+08
1.138476953907815670e+01 2.650536293333770335e+08
1.139378757515030038e+01 2.646643411844584644e+08
1.140280561122244407e+01 2.642747839855523407e+08
1.141182364729458953e+01 2.638848506780997515e+08
1.142084168336673322e+01 2.634945278955256045e+08
1.142985971943887691e+01 2.631039441458106339e+08
1.143887775551102237e+01 2.627132224595713019e+08
1.144789579158316606e+01 2.623223978009827435e+08
1.145691382765530975e+01 2.619314216003057361e+08
1.146593186372745521e+01 2.615402041250191331e+08
1.147494989979959890e+01 2.611486323665034473e+08
1.148396793587174258e+01 2.607566630052314401e+08
1.149298597194388805e+01 2.603643987269353569e+08
1.150200400801603173e+01 2.599719815447069108e+08
1.151102204408817542e+01 2.595794639519080520e+08
1.152004008016032088e+01 2.591868151471626759e+08
1.152905811623246457e+01 2.587939513060801625e+08
1.153807615230460826e+01 2.584007592266864777e+08
1.154709418837675372e+01 2.580071696461458206e+08
1.155611222444889741e+01 2.576132530951244533e+08
1.156513026052104109e+01 2.572191633262645900e+08
1.157414829659318656e+01 2.568249717386747301e+08
1.158316633266533024e+01 2.564306672465857565e+08
1.159218436873747393e+01 2.560361722647150159e+08
1.160120240480961940e+01 2.556413779470727742e+08
1.161022044088176308e+01 2.552461939667953551e+08
1.161923847695390677e+01 2.548506561047204137e+08
1.162825651302605223e+01 2.544549187626042962e+08
1.163727454909819592e+01 2.540590747234569490e+08
1.164629258517033961e+01 2.536631328220427036e+08
1.165531062124248507e+01 2.532670237483208477e+08
1.166432865731462876e+01 2.528706455297711194e+08
1.167334669338677244e+01 2.524738925238611698e+08
1.168236472945891791e+01 2.520767660727863908e+08
1.169138276553106159e+01 2.516794087577961385e+08
1.170040080160320528e+01 2.512819365377843976e+08
1.170941883767535074e+01 2.508843769943339229e+08
1.171843687374749443e+01 2.504866730909347236e+08
1.172745490981963812e+01 2.500887300263837874e+08
1.173647294589178358e+01 2.496904332116336226e+08
1.174549098196392727e+01 2.492917516215643883e+08
1.175450901803607096e+01 2.488928050569021404e+08
1.176352705410821642e+01 2.484937315080489218e+08
1.177254509018036011e+01 2.480945762540200949e+08
1.178156312625250557e+01 2.476952989753398597e+08
1.179058116232464926e+01 2.472958112329335213e+08
1.179959919839679294e+01 2.468959957386819720e+08
1.180861723446893841e+01 2.464957927128013670e+08
1.181763527054108209e+01 2.460952910391455591e+08
1.182665330661322578e+01 2.456946453188665211e+08
1.183567134268537124e+01 2.452939191593130827e+08
1.184468937875751493e+01 2.448930919033319056e+08
1.185370741482965862e+01 2.444920810954074562e+08
1.186272545090180408e+01 2.440907721922965646e+08
1.187174348697394777e+01 2.436890813115606606e+08
1.188076152304609145e+01 2.432870620335822105e+08
1.188977955911823692e+01 2.428848756021548808e+08
1.189879759519038060e+01 2.424826063667512834e+08
1.190781563126252607e+01 2.420802542515636683e+08
1.191683366733466976e+01 2.416777439381635487e+08
1.192585170340681344e+01 2.412749673148828745e+08
1.193486973947895891e+01 2.408718218560351431e+08
1.194388777555110259e+01 2.404683251261835098e+08
1.195290581162324628e+01 2.400646321053942740e+08
1.196192384769539174e+01 2.396608505915581584e+08
1.197094188376753543e+01 2.392570003651752174e+08
1.197995991983967912e+01 2.388530164990980625e+08
1.198897795591182458e+01 2.384487985455406606e+08
1.199799599198396827e+01 2.380442317382547855e+08
1.200701402805611195e+01 2.376392990520829558e+08
1.201603206412825742e+01 2.372341367279945016e+08
1.202505010020040110e+01 2.368288767040650547e+08
1.203406813627254479e+01 2.364235570916443765e+08
1.204308617234469025e+01 2.360181281285640299e+08
1.205210420841683394e+01 2.356124964132387042e+08
1.206112224448897763e+01 2.352065415396299362e+08
1.207014028056112309e+01 2.348002149594173431e+08
1.207915831663326678e+01 2.343936242656938434e+08
1.208817635270541047e+01 2.339869221411205828e+08
1.209719438877755593e+01 2.335801647569274306e+08
1.210621242484969962e+01 2.331733214869797826e+08
1.211523046092184330e+01 2.327663050764554441e+08
1.212424849699398877e+01 2.323589956537678838e+08
1.213326653306613245e+01 2.319513175119778514e+08
1.214228456913827614e+01 2.315433431831139326e+08
1.215130260521042160e+01 2.311352378775078356e+08
1.216032064128256529e+01 2.307270776828235090e+08
1.216933867735470898e+01 2.303188529556971788e+08
1.217835671342685444e+01 2.299104828895561993e+08
1.218737474949899813e+01 2.295018529498429298e+08
1.219639278557114181e+01 2.290928654834035337e+08
1.220541082164328728e+01 2.286835557177417576e+08
1.221442885771543096e+01 2.282740888993985355e+08
1.222344689378757465e+01 2.278645641513034701e+08
1.223246492985972012e+01 2.274549927795515060e+08
1.224148296593186380e+01 2.270453026904024482e+08
1.225050100200400749e+01 2.266353871575532556e+08
1.225951903807615295e+01 2.262251327637371719e+08
1.226853707414829664e+01 2.258145381472470760e+08
1.227755511022044033e+01 2.254037548860965371e+08
1.228657314629258579e+01 2.249929073585237861e+08
1.229559118236472948e+01 2.245820262959457338e+08
1.230460921843687316e+01 2.241710528242870569e+08
1.231362725450901863e+01 2.237598880204500556e+08
1.232264529058116231e+01 2.233484095514836609e+08
1.233166332665330600e+01 2.229365818561827540e+08
1.234068136272545146e+01 2.225245311577557325e+08
1.234969939879759515e+01 2.221124058262038827e+08
1.235871743486973884e+01 2.217002548565482497e+08
1.236773547094188430e+01 2.212880374234200418e+08
1.237675350701402799e+01 2.208756612923410535e+08
1.238577154308617168e+01 2.204630019120261371e+08
1.239478957915831714e+01 2.200499934887309372e+08
1.240380761523046083e+01 2.196367284279245138e+08
1.241282565130260451e+01 2.192233729885805547e+08
1.242184368737474998e+01 2.188099953660942912e+08
1.243086172344689366e+01 2.183965757750315964e+08
1.243987975951903735e+01 2.179830281834940016e+08
1.244889779559118281e+01 2.175692316176391542e+08
1.245791583166332650e+01 2.171550950455254316e+08
1.246693386773547019e+01 2.167406727903774977e+08
1.247595190380761565e+01 2.163261377962367833e+08
1.248496993987975934e+01 2.159115804615175724e+08
1.249398797595190302e+01 2.154970028008722663e+08
1.250300601202404849e+01 2.150823262555457652e+08
1.251202404809619217e+01 2.146674372392782271e+08
1.252104208416833586e+01 2.142522253215566874e+08
1.253006012024048133e+01 2.138367064145393968e+08
1.253907815631262501e+01 2.134210458624352813e+08
1.254809619238476870e+01 2.130053595130004585e+08
1.255711422845691416e+01 2.125896701749154329e+08
1.256613226452905785e+01 2.121739104232184291e+08
1.257515030060120154e+01 2.117579750937164724e+08
1.258416833667334700e+01 2.113417412671649158e+08
1.259318637274549069e+01 2.109251881508624256e+08
1.260220440881763437e+01 2.105084600610201955e+08
1.261122244488977984e+01 2.100916991078260839e+08
1.262024048096192352e+01 2.096749471199983954e+08
1.262925851703406721e+01 2.092581530825791061e+08
1.263827655310621267e+01 2.088412193278651834e+08
1.264729458917835636e+01 2.084240175265370905e+08
1.265631262525050005e+01 2.080064935790834427e+08
1.266533066132264551e+01 2.075887603339360952e+08
1.267434869739478920e+01 2.071709823301656246e+08
1.268336673346693289e+01 2.067532202767300308e+08
1.269238476953907835e+01 2.063354437535054982e+08
1.270140280561122204e+01 2.059175614982745945e+08
1.271042084168336572e+01 2.054994463806911409e+08
1.271943887775551119e+01 2.050810157224252224e+08
1.272845691382765487e+01 2.046623443354232609e+08
1.273747494989979856e+01 2.042436099749122858e+08
1.274649298597194402e+01 2.038248945772491395e+08
1.275551102204408771e+01 2.034061900820909441e+08
1.276452905811623317e+01 2.029874119686278105e+08
1.277354709418837686e+01 2.025684393648775220e+08
1.278256513026052055e+01 2.021491665812529325e+08
1.279158316633266601e+01 2.017296284133493900e+08
1.280060120240480970e+01 2.013100019215714037e+08
1.280961923847695338e+01 2.008903939672973752e+08
1.281863727454909885e+01 2.004708186193324625e+08
1.282765531062124253e+01 2.000512006226318181e+08
1.283667334669338622e+01 1.996314277816765904e+08
1.284569138276553169e+01 1.992113780727176368e+08
1.285470941883767537e+01 1.987910472869935334e+08
1.286372745490981906e+01 1.983705968791327477e+08
1.287274549098196452e+01 1.979501612111288011e+08
1.288176352705410821e+01 1.975297746644839644e+08
1.289078156312625190e+01 1.971093763102890551e+08
1.289979959919839736e+01 1.966888623627631068e+08
1.290881763527054105e+01 1.962681018510128558e+08
1.291783567134268473e+01 1.958470542382464111e+08
1.292685370741483020e+01 1.954258529504033327e+08
1.293587174348697388e+01 1.950046583839577734e+08
1.294488977955911757e+01 1.945835240334437490e+08
1.295390781563126303e+01 1.941624085010176301e+08
1.296292585170340672e+01 1.937412150335291326e+08
1.297194388777555041e+01 1.933198108980411291e+08
1.298096192384769587e+01 1.928981235636489987e+08
1.298997995991983956e+01 1.924762495353198946e+08
1.299899799599198325e+01 1.920543683923678994e+08
1.300801603206412871e+01 1.916325540174697638e+08
1.301703406813627240e+01 1.912107875829801559e+08
1.302605210420841608e+01 1.907889788170552552e+08
1.303507014028056155e+01 1.903669994001025558e+08
1.304408817635270523e+01 1.899447501820543408e+08
1.305310621242484892e+01 1.895222865267525315e+08
1.306212424849699438e+01 1.890997946737862825e+08
1.307114228456913807e+01 1.886773724894125462e+08
1.308016032064128176e+01 1.882550243462478518e+08
1.308917835671342722e+01 1.878326678792354763e+08
1.309819639278557091e+01 1.874101831152101755e+08
1.310721442885771459e+01 1.869874505712637007e+08
1.311623246492986006e+01 1.865644844491120875e+08
1.312525050100200374e+01 1.861414619242359102e+08
1.313426853707414921e+01 1.857185086096655726e+08
1.314328657314629289e+01 1.852956508077197075e+08
1.315230460921843658e+01 1.848728181902852356e+08
1.316132264529058205e+01 1.844498999743232429e+08
1.317034068136272573e+01 1.840267638474812508e+08
1.317935871743486942e+01 1.836033847938002944e+08
1.318837675350701488e+01 1.831799164852882028e+08
1.319739478957915857e+01 1.827565131640906930e+08
1.320641282565130226e+01 1.823332210926744342e+08
1.321543086172344772e+01 1.819099877886561155e+08
1.322444889779559141e+01 1.814867104424684048e+08
1.323346693386773509e+01 1.810632515314743519e+08
1.324248496993988056e+01 1.806395505736189187e+08
1.325150300601202424e+01 1.802157266396514177e+08
1.326052104208416793e+01 1.797919582477056384e+08
1.326953907815631339e+01 1.793683116585664451e+08
1.327855711422845708e+01 1.789447566429548264e+08
1.328757515030060077e+01 1.785211970957454741e+08
1.329659318637274623e+01 1.780974973862847686e+08
1.330561122244488992e+01 1.776735667007324696e+08
1.331462925851703361e+01 1.772494826916366518e+08
1.332364729458917907e+01 1.768254378177191615e+08
1.333266533066132276e+01 1.764015212206436694e+08
1.334168336673346644e+01 1.759777266208530068e+08
1.335070140280561191e+01 1.755539650153375268e+08
1.335971943887775559e+01 1.751301080136986375e+08
1.336873747494989928e+01 1.747060404667100608e+08
1.337775551102204474e+01 1.742817968471506834e+08
1.338677354709418843e+01 1.738575680938943923e+08
1.339579158316633212e+01 1.734334705602227449e+08
1.340480961923847758e+01 1.730095215186834633e+08
1.341382765531062127e+01 1.725856419371348917e+08
1.342284569138276495e+01 1.721617130443454683e+08
1.343186372745491042e+01 1.717376026449819803e+08
1.344088176352705410e+01 1.713133032965847552e+08
1.344989979959919779e+01 1.708889881696282923e+08
1.345891783567134325e+01 1.704648037406332791e+08
1.346793587174348694e+01 1.700407886983822286e+08
1.347695390781563063e+01 1.696168796351059973e+08
1.348597194388777609e+01 1.691929668317318559e+08
1.349498997995991978e+01 1.687689090310280919e+08
1.350400801603206347e+01 1.683446598431211412e+08
1.351302605210420893e+01 1.679203613398053348e+08
1.352204408817635262e+01 1.674961883936540782e+08
1.353106212424849630e+01 1.670721999277124405e+08
1.354008016032064177e+01 1.666483537871569097e+08
1.354909819639278545e+01 1.662245476746338904e+08
1.355811623246492914e+01 1.658006390571669340e+08
1.356713426853707460e+01 1.653765473671360612e+08
1.357615230460921829e+01 1.649523741386335492e+08
1.358517034068136198e+01 1.645283149263970554e+08
1.359418837675350744e+01 1.641044505754679441e+08
1.360320641282565113e+01 1.636807633002029061e+08
1.361222444889779482e+01 1.632571576199278831e+08
1.362124248496994028e+01 1.628334963475180864e+08
1.363026052104208397e+01 1.624096705622099340e+08
1.363927855711422765e+01 1.619857370288368464e+08
1.364829659318637312e+01 1.615618979336052239e+08
1.365731462925851680e+01 1.611382603109464347e+08
1.366633266533066049e+01 1.607148312535370588e+08
1.367535070140280595e+01 1.602915237181621790e+08
1.368436873747494964e+01 1.598682099376756549e+08
1.369338677354709333e+01 1.594447594782859087e+08
1.370240480961923879e+01 1.590211845795216858e+08
1.371142284569138248e+01 1.585976766840336025e+08
1.372044088176352616e+01 1.581743733531969488e+08
1.372945891783567163e+01 1.577513049862756729e+08
1.373847695390781531e+01 1.573283976700023413e+08
1.374749498997995900e+01 1.569055336884419024e+08
1.375651302605210446e+01 1.564825693041032553e+08
1.376553106212424815e+01 1.560594744283636212e+08
1.377454909819639362e+01 1.556364141085636020e+08
1.378356713426853730e+01 1.552135573824197352e+08
1.379258517034068099e+01 1.547909558084453642e+08
1.380160320641282645e+01 1.543685550219097137e+08
1.381062124248497014e+01 1.539462458251305819e+08
1.381963927855711383e+01 1.535238794617606103e+08
1.382865731462925929e+01 1.531013876842104197e+08
1.383767535070140298e+01 1.526788972032256126e+08
1.384669338677354666e+01 1.522566035759263635e+08
1.385571142284569213e+01 1.518345798009199798e+08
1.386472945891783581e+01 1.514127957447739244e+08
1.387374749498997950e+01 1.509911492663897276e+08
1.388276553106212496e+01 1.505694942958446741e+08
1.389178356713426865e+01 1.501477300423779488e+08
1.390080160320641234e+01 1.497259377227250934e+08
1.390981963927855780e+01 1.493043277247848809e+08
1.391883767535070149e+01 1.488829980189881325e+08
1.392785571142284518e+01 1.484619443484303355e+08
1.393687374749499064e+01 1.480410721075795889e+08
1.394589178356713433e+01 1.476202436147811413e+08
1.395490981963927801e+01 1.471993320632512569e+08
1.396392785571142348e+01 1.467783716007708311e+08
1.397294589178356716e+01 1.463575701374167800e+08
1.398196392785571085e+01 1.459370556861636937e+08
1.399098196392785631e+01 1.455168492579203844e+08
1.400000000000000000e+01 1.450968670626408160e+08
