# # logMh tA(yrs)
9.500000000000000000e+00 1.054195029429225624e+08
9.509018036072143687e+00 1.053044307115791589e+08
9.518036072144287374e+00 1.051892698742056787e+08
9.527054108216432837e+00 1.050740039769408256e+08
9.536072144288578301e+00 1.049586483920947462e+08
9.545090180360720211e+00 1.048432394330098778e+08
9.554108216432865675e+00 1.047277977542335093e+08
9.563126252505011138e+00 1.046123216440143287e+08
9.572144288577153048e+00 1.044967908377820253e+08
9.581162324649298512e+00 1.043811777927492261e+08
9.590180360721443975e+00 1.042654608129550368e+08
9.599198396793585886e+00 1.041496475237187892e+08
9.608216432865731349e+00 1.040337736661882848e+08
9.617234468937876812e+00 1.039178652622009218e+08
9.626252505010018723e+00 1.038019259041506350e+08
9.635270541082164186e+00 1.036859378635936230e+08
9.644288577154309650e+00 1.035698744155667871e+08
9.653306613226451560e+00 1.034537098475810438e+08
9.662324649298597024e+00 1.033374438289202303e+08
9.671342685370742487e+00 1.032211089985824525e+08
9.680360721442884397e+00 1.031047366135512590e+08
9.689378757515029861e+00 1.029883355375022590e+08
9.698396793587175324e+00 1.028718916019690633e+08
9.707414829659317235e+00 1.027553792450620234e+08
9.716432865731462698e+00 1.026387701119514108e+08
9.725450901803608161e+00 1.025220561514433026e+08
9.734468937875750072e+00 1.024052646361496896e+08
9.743486973947895535e+00 1.022884312815656364e+08
9.752505010020040999e+00 1.021715701862857491e+08
9.761523046092182909e+00 1.020546717260494530e+08
9.770541082164328373e+00 1.019377117263744175e+08
9.779559118236473836e+00 1.018206605683019012e+08
9.788577154308615746e+00 1.017035031338971704e+08
9.797595190380761210e+00 1.015862595581814647e+08
9.806613226452906673e+00 1.014689684500416517e+08
9.815631262525050360e+00 1.013516492758106589e+08
9.824649298597194047e+00 1.012342976441090405e+08
9.833667334669339510e+00 1.011168911096543074e+08
9.842685370741483197e+00 1.009994000102213323e+08
9.851703406813626884e+00 1.008818031463431269e+08
9.860721442885772348e+00 1.007641124410393834e+08
9.869739478957916035e+00 1.006463670574393868e+08
9.878757515030059722e+00 1.005285920709248483e+08
9.887775551102205185e+00 1.004107886592481434e+08
9.896793587174348872e+00 1.002929367104639411e+08
9.905811623246492559e+00 1.001750074044944048e+08
9.914829659318638022e+00 1.000569747281317562e+08
9.923847695390781709e+00 9.993884199100103974e+07
9.932865731462925396e+00 9.982064616086541116e+07
9.941883767535070859e+00 9.970241800152631104e+07
9.950901803607214546e+00 9.958416427661752701e+07
9.959919839679358233e+00 9.946586814986027777e+07
9.968937875751503697e+00 9.934750211279924214e+07
9.977955911823647384e+00 9.922903683340093493e+07
9.986973947895791071e+00 9.911046711470612884e+07
9.995991983967936534e+00 9.899182510651665926e+07
1.000501002004008022e+01 9.887314680439867079e+07
1.001402805611222391e+01 9.875444443941259384e+07
1.002304609218436937e+01 9.863570553651094437e+07
1.003206412825651306e+01 9.851690409936420619e+07
1.004108216432865675e+01 9.839800901932141185e+07
1.005010020040080221e+01 9.827900718396565318e+07
1.005911823647294590e+01 9.815992375273562968e+07
1.006813627254508958e+01 9.804079869106338918e+07
1.007715430861723505e+01 9.792164972463397682e+07
1.008617234468937873e+01 9.780246960965083539e+07
1.009519038076152242e+01 9.768323405940119922e+07
1.010420841683366788e+01 9.756391162104207277e+07
1.011322645290581157e+01 9.744448225175520778e+07
1.012224448897795526e+01 9.732496263263183832e+07
1.013126252505010072e+01 9.720539455024012923e+07
1.014028056112224441e+01 9.708580146398137510e+07
1.014929859719438809e+01 9.696618184538283944e+07
1.015831663326653356e+01 9.684651354476369917e+07
1.016733466933867724e+01 9.672676588560084999e+07
1.017635270541082093e+01 9.660691318497979641e+07
1.018537074148296639e+01 9.648696296383157372e+07
1.019438877755511008e+01 9.636695599512341619e+07
1.020340681362725377e+01 9.624692171994791925e+07
1.021242484969939923e+01 9.612686444637057185e+07
1.022144288577154292e+01 9.600676494462569058e+07
1.023046092184368661e+01 9.588659396595759690e+07
1.023947895791583207e+01 9.576632175344619155e+07
1.024849699398797576e+01 9.564594661855238676e+07
1.025751503006011944e+01 9.552550536838218570e+07
1.026653306613226491e+01 9.540503330742129683e+07
1.027555110220440859e+01 9.528454042671653628e+07
1.028456913827655228e+01 9.516401152247476578e+07
1.029358717434869774e+01 9.504341900689060986e+07
1.030260521042084143e+01 9.492273072939106822e+07
1.031162324649298512e+01 9.480193627285836637e+07
1.032064128256513058e+01 9.468106589725379646e+07
1.032965931863727427e+01 9.456015988629119098e+07
1.033867735470941795e+01 9.443923381844045222e+07
1.034769539078156342e+01 9.431827756320692599e+07
1.035671342685370711e+01 9.419726527518340945e+07
1.036573146292585079e+01 9.407616402826939523e+07
1.037474949899799626e+01 9.395495562757968903e+07
1.038376753507013994e+01 9.383366184700642526e+07
1.039278557114228363e+01 9.371232611755260825e+07
1.040180360721442909e+01 9.359096977337326109e+07
1.041082164328657278e+01 9.346958843428897858e+07
1.041983967935871647e+01 9.334815823387609422e+07
1.042885771543086193e+01 9.322664682331013680e+07
1.043787575150300562e+01 9.310502952509605885e+07
1.044689378757514930e+01 9.298331856396158040e+07
1.045591182364729477e+01 9.286155776650856435e+07
1.046492985971943845e+01 9.273977457646715641e+07
1.047394789579158214e+01 9.261797062150789797e+07
1.048296593186372760e+01 9.249612459967064857e+07
1.049198396793587129e+01 9.237420562651559711e+07
1.050100200400801498e+01 9.225218412087656558e+07
1.051002004008016044e+01 9.213006250470778346e+07
1.051903807615230413e+01 9.200788179963584244e+07
1.052805611222444782e+01 9.188567574976991117e+07
1.053707414829659328e+01 9.176345187669710815e+07
1.054609218436873697e+01 9.164119246202036738e+07
1.055511022044088065e+01 9.151886843276593089e+07
1.056412825651302612e+01 9.139644708193145692e+07
1.057314629258516980e+01 9.127392136277332902e+07
1.058216432865731349e+01 9.115132650044208765e+07
1.059118236472945895e+01 9.102870209133256972e+07
1.060020040080160264e+01 9.090606133466811478e+07
1.060921843687374633e+01 9.078339127993385494e+07
1.061823647294589179e+01 9.066066469281071424e+07
1.062725450901803548e+01 9.053784750800159574e+07
1.063627254509017916e+01 9.041492407815751433e+07
1.064529058116232463e+01 9.029192143226470053e+07
1.065430861723446831e+01 9.016888359596768022e+07
1.066332665330661200e+01 9.004582948495978117e+07
1.067234468937875747e+01 8.992275181973615289e+07
1.068136272545090115e+01 8.979962525817464292e+07
1.069038076152304662e+01 8.967641595094494522e+07
1.069939879759519030e+01 8.955310091744624078e+07
1.070841683366733399e+01 8.942969746612849832e+07
1.071743486973947945e+01 8.930625155431166291e+07
1.072645290581162314e+01 8.918278818459694088e+07
1.073547094188376683e+01 8.905930617592002451e+07
1.074448897795591229e+01 8.893578244919797778e+07
1.075350701402805598e+01 8.881218452191746235e+07
1.076252505010019966e+01 8.868848363294692338e+07
1.077154308617234513e+01 8.856468682114470005e+07
1.078056112224448881e+01 8.844083868002821505e+07
1.078957915831663250e+01 8.831697072785733640e+07
1.079859719438877796e+01 8.819308787869113684e+07
1.080761523046092165e+01 8.806917015522566438e+07
1.081663326653306711e+01 8.794518699942010641e+07
1.082565130260521080e+01 8.782110568041019142e+07
1.083466933867735449e+01 8.769692313255792856e+07
1.084368737474949995e+01 8.757267921491669118e+07
1.085270541082164364e+01 8.744841195704044402e+07
1.086172344689378733e+01 8.732413207960134745e+07
1.087074148296593279e+01 8.719982393794876337e+07
1.087975951903807648e+01 8.707545896004201472e+07
1.088877755511022016e+01 8.695100232609826326e+07
1.089779559118236563e+01 8.682644159916113317e+07
1.090681362725450931e+01 8.670180904653680325e+07
1.091583166332665300e+01 8.657714827014853060e+07
1.092484969939879846e+01 8.645247566869451106e+07
1.093386773547094215e+01 8.632778105877539515e+07
1.094288577154308584e+01 8.620303777117721736e+07
1.095190380761523130e+01 8.607821066388767958e+07
1.096092184368737499e+01 8.595327912559811771e+07
1.096993987975951867e+01 8.582826580341519415e+07
1.097895791583166414e+01 8.570321777629549801e+07
1.098797595190380783e+01 8.557815740199460089e+07
1.099699398797595151e+01 8.545308061341258883e+07
1.100601202404809698e+01 8.532796279297907650e+07
1.101503006012024066e+01 8.520276989705029130e+07
1.102404809619238435e+01 8.507747464649881423e+07
1.103306613226452981e+01 8.495208910937301815e+07
1.104208416833667350e+01 8.482666065276943147e+07
1.105110220440881719e+01 8.470121815482141078e+07
1.106012024048096265e+01 8.457576381493346393e+07
1.106913827655310634e+01 8.445027567061164975e+07
1.107815631262525002e+01 8.432472162102548778e+07
1.108717434869739549e+01 8.419906948857918382e+07
1.109619238476953917e+01 8.407332071483610570e+07
1.110521042084168286e+01 8.394751930181489885e+07
1.111422845691382832e+01 8.382170103054347634e+07
1.112324649298597201e+01 8.369587410143597424e+07
1.113226452905811570e+01 8.357002035242588818e+07
1.114128256513026116e+01 8.344410983354265988e+07
1.115030060120240485e+01 8.331810742224498093e+07
1.115931863727454854e+01 8.319200449240069091e+07
1.116833667334669400e+01 8.306583837020087242e+07
1.117735470941883769e+01 8.293965133420662582e+07
1.118637274549098137e+01 8.281345728332458436e+07
1.119539078156312684e+01 8.268724316320401430e+07
1.120440881763527052e+01 8.256098103297467530e+07
1.121342685370741421e+01 8.243463473626014590e+07
1.122244488977955967e+01 8.230818665636213124e+07
1.123146292585170336e+01 8.218166490397311747e+07
1.124048096192384705e+01 8.205511666430690885e+07
1.124949899799599251e+01 8.192856163461984694e+07
1.125851703406813620e+01 8.180199279510295391e+07
1.126753507014027988e+01 8.167538415290018916e+07
1.127655310621242535e+01 8.154870019028300047e+07
1.128557114228456904e+01 8.142191573652483523e+07
1.129458917835671272e+01 8.129504821899078786e+07
1.130360721442885819e+01 8.116814685783359408e+07
1.131262525050100187e+01 8.104123771443410218e+07
1.132164328657314556e+01 8.091432015251725912e+07
1.133066132264529102e+01 8.078737048108001053e+07
1.133967935871743471e+01 8.066035498876562715e+07
1.134869739478957840e+01 8.053324264512306452e+07
1.135771543086172386e+01 8.040603983613225818e+07
1.136673346693386755e+01 8.027879406195266545e+07
1.137575150300601123e+01 8.015153840397651494e+07
1.138476953907815670e+01 8.002427846814925969e+07
1.139378757515030038e+01 7.989699379908868670e+07
1.140280561122244407e+01 7.976965295819050074e+07
1.141182364729458953e+01 7.964222101311370730e+07
1.142084168336673322e+01 7.951469367397604883e+07
1.142985971943887691e+01 7.938711299153096974e+07
1.143887775551102237e+01 7.925951918605786562e+07
1.144789579158316606e+01 7.913192368948706985e+07
1.145691382765530975e+01 7.900431066059817374e+07
1.146593186372745521e+01 7.887665084371669590e+07
1.147494989979959890e+01 7.874890742001770437e+07
1.148396793587174258e+01 7.862106633392336965e+07
1.149298597194388805e+01 7.849316114584495127e+07
1.150200400801603173e+01 7.836523820119804144e+07
1.151102204408817542e+01 7.823731462762799859e+07
1.152004008016032088e+01 7.810938039961780608e+07
1.152905811623246457e+01 7.798140823207443953e+07
1.153807615230460826e+01 7.785336130141027272e+07
1.154709418837675372e+01 7.772521712490132451e+07
1.155611222444889741e+01 7.759699873905526102e+07
1.156513026052104109e+01 7.746875623551401496e+07
1.157414829659318656e+01 7.734051286664284766e+07
1.158316633266533024e+01 7.721226503653185070e+07
1.159218436873747393e+01 7.708398753203751147e+07
1.160120240480961940e+01 7.695564500423079729e+07
1.161022044088176308e+01 7.682720815787005424e+07
1.161923847695390677e+01 7.669868869746968150e+07
1.162825651302605223e+01 7.657013684394726157e+07
1.163727454909819592e+01 7.644158275886660814e+07
1.164629258517033961e+01 7.631302932071253657e+07
1.165531062124248507e+01 7.618445404280556738e+07
1.166432865731462876e+01 7.605582386307229102e+07
1.167334669338677244e+01 7.592710456232228875e+07
1.168236472945891791e+01 7.579829665208879113e+07
1.169138276553106159e+01 7.566944643697246909e+07
1.170040080160320528e+01 7.554059154531082511e+07
1.170941883767535074e+01 7.541174092759674788e+07
1.171843687374749443e+01 7.528287611061976850e+07
1.172745490981963812e+01 7.515396640790508687e+07
1.173647294589178358e+01 7.502497475639916956e+07
1.174549098196392727e+01 7.489589118319977820e+07
1.175450901803607096e+01 7.476675454083713889e+07
1.176352705410821642e+01 7.463760952818366885e+07
1.177254509018036011e+01 7.450847080771210790e+07
1.178156312625250557e+01 7.437932534388236701e+07
1.179058116232464926e+01 7.425014455609416962e+07
1.179959919839679294e+01 7.412089056748503447e+07
1.180861723446893841e+01 7.399154412411655486e+07
1.181763527054108209e+01 7.386213402177041769e+07
1.182665330661322578e+01 7.373271025353391469e+07
1.183567134268537124e+01 7.360329337848734856e+07
1.184468937875751493e+01 7.347387673148384690e+07
1.185370741482965862e+01 7.334443370867288113e+07
1.186272545090180408e+01 7.321492737953503430e+07
1.187174348697394777e+01 7.308533074189987779e+07
1.188076152304609145e+01 7.295566115353380144e+07
1.188977955911823692e+01 7.282597066772434115e+07
1.189879759519038060e+01 7.269628649864974618e+07
1.190781563126252607e+01 7.256660862603361905e+07
1.191683366733466976e+01 7.243691278822173178e+07
1.192585170340681344e+01 7.230716418575142324e+07
1.193486973947895891e+01 7.217732985338579118e+07
1.194388777555110259e+01 7.204741552022576332e+07
1.195290581162324628e+01 7.191747113651810586e+07
1.196192384769539174e+01 7.178753141997690499e+07
1.197094188376753543e+01 7.165760273913656175e+07
1.197995991983967912e+01 7.152766421390099823e+07
1.198897795591182458e+01 7.139768356489001215e+07
1.199799599198396827e+01 7.126762394319142401e+07
1.200701402805611195e+01 7.113747994721584022e+07
1.201603206412825742e+01 7.100729542130555212e+07
1.202505010020040110e+01 7.087711278298565745e+07
1.203406813627254479e+01 7.074694427781152725e+07
1.204308617234469025e+01 7.061677392903588712e+07
1.205210420841683394e+01 7.048657177038554847e+07
1.206112224448897763e+01 7.035629920150502026e+07
1.207014028056112309e+01 7.022594071215265989e+07
1.207915831663326678e+01 7.009553088239398599e+07
1.208817635270541047e+01 6.996511871340799332e+07
1.209719438877755593e+01 6.983472222096383572e+07
1.210621242484969962e+01 6.970433158795344830e+07
1.211523046092184330e+01 6.957391886516180634e+07
1.212424849699398877e+01 6.944344568523679674e+07
1.213326653306613245e+01 6.931288786196774244e+07
1.214228456913827614e+01 6.918226868887835741e+07
1.215130260521042160e+01 6.905164109661079943e+07
1.216032064128256529e+01 6.892102944585072994e+07
1.216933867735470898e+01 6.879043064884099364e+07
1.217835671342685444e+01 6.865981886329442263e+07
1.218737474949899813e+01 6.852915749013711512e+07
1.219639278557114181e+01 6.839841536371056736e+07
1.220541082164328728e+01 6.826760381237208843e+07
1.221442885771543096e+01 6.813677568975415826e+07
1.222344689378757465e+01 6.800596267629674077e+07
1.223246492985972012e+01 6.787516837968739867e+07
1.224148296593186380e+01 6.774436978090292215e+07
1.225050100200400749e+01 6.761353283195972443e+07
1.225951903807615295e+01 6.748262138508446515e+07
1.226853707414829664e+01 6.735163507266132534e+07
1.227755511022044033e+01 6.722062229892709851e+07
1.228657314629258579e+01 6.708962274675758183e+07
1.229559118236472948e+01 6.695864621024473011e+07
1.230460921843687316e+01 6.682767392088627815e+07
1.231362725450901863e+01 6.669667437127462775e+07
1.232264529058116231e+01 6.656560863079948723e+07
1.233166332665330600e+01 6.643446543717873842e+07
1.234068136272545146e+01 6.630328503882184625e+07
1.234969939879759515e+01 6.617211469062830508e+07
1.235871743486973884e+01 6.604096998218172044e+07
1.236773547094188430e+01 6.590983791757475585e+07
1.237675350701402799e+01 6.577868916665814072e+07
1.238577154308617168e+01 6.564748415570930392e+07
1.239478957915831714e+01 6.551620202656296641e+07
1.240380761523046083e+01 6.538487220962492377e+07
1.241282565130260451e+01 6.525354756550265849e+07
1.242184368737474998e+01 6.512224975714529306e+07
1.243086172344689366e+01 6.499097249132064730e+07
1.243987975951903735e+01 6.485968845351985097e+07
1.244889779559118281e+01 6.472835926910168678e+07
1.245791583166332650e+01 6.459695610222178698e+07
1.246693386773547019e+01 6.446549624935740232e+07
1.247595190380761565e+01 6.433403460258187354e+07
1.248496993987975934e+01 6.420259982969288528e+07
1.249398797595190302e+01 6.407119255779425800e+07
1.250300601202404849e+01 6.393978788415120542e+07
1.251202404809619217e+01 6.380834983636280149e+07
1.252104208416833586e+01 6.367684347856356204e+07
1.253006012024048133e+01 6.354527391091064364e+07
1.253907815631262501e+01 6.341369352603325248e+07
1.254809619238476870e+01 6.328213900001620501e+07
1.255711422845691416e+01 6.315061753785677254e+07
1.256613226452905785e+01 6.301910779881825298e+07
1.257515030060120154e+01 6.288757653148236126e+07
1.258416833667334700e+01 6.275598490631292015e+07
1.259318637274549069e+01 6.262432640857951343e+07
1.260220440881763437e+01 6.249264669548906386e+07
1.261122244488977984e+01 6.236099068022423238e+07
1.262024048096192352e+01 6.222937156257116795e+07
1.262925851703406721e+01 6.209777321802987903e+07
1.263827655310621267e+01 6.196616481437862664e+07
1.264729458917835636e+01 6.183450587647505850e+07
1.265631262525050005e+01 6.170277938715776056e+07
1.266533066132264551e+01 6.157102099762687087e+07
1.267434869739478920e+01 6.143928261974220723e+07
1.268336673346693289e+01 6.130758338346547633e+07
1.269238476953907835e+01 6.117591368171048909e+07
1.270140280561122204e+01 6.104424474931044132e+07
1.271042084168336572e+01 6.091253655371310562e+07
1.271943887775551119e+01 6.078076310099124908e+07
1.272845691382765487e+01 6.064894800223252922e+07
1.273747494989979856e+01 6.051714724230649322e+07
1.274649298597194402e+01 6.038538659986066073e+07
1.275551102204408771e+01 6.025366351782985777e+07
1.276452905811623317e+01 6.012195139691887796e+07
1.277354709418837686e+01 5.999021223682188243e+07
1.278256513026052055e+01 5.985841284861349314e+07
1.279158316633266601e+01 5.972656422248188406e+07
1.280060120240480970e+01 5.959472202956087142e+07
1.280961923847695338e+01 5.946291983606515080e+07
1.281863727454909885e+01 5.933116203786002100e+07
1.282765531062124253e+01 5.919942498709025979e+07
1.283667334669338622e+01 5.906767346762008220e+07
1.284569138276553169e+01 5.893586921628279984e+07
1.285470941883767537e+01 5.880401096350930631e+07
1.286372745490981906e+01 5.867214938967341930e+07
1.287274549098196452e+01 5.854032662912313640e+07
1.288176352705410821e+01 5.840855343697770685e+07
1.289078156312625190e+01 5.827681069308070093e+07
1.289979959919839736e+01 5.814506587199097127e+07
1.290881763527054105e+01 5.801327796832896769e+07
1.291783567134268473e+01 5.788143433341915160e+07
1.292685370741483020e+01 5.774957678391259164e+07
1.293587174348697388e+01 5.761775553298351169e+07
1.294488977955911757e+01 5.748598729765138030e+07
1.295390781563126303e+01 5.735425909837828577e+07
1.296292585170340672e+01 5.722254066023414582e+07
1.297194388777555041e+01 5.709079049219198525e+07
1.298096192384769587e+01 5.695898596082796156e+07
1.298997995991983956e+01 5.682715727029985189e+07
1.299899799599198325e+01 5.669536054273661971e+07
1.300801603206412871e+01 5.656361883502022922e+07
1.301703406813627240e+01 5.643192623595628142e+07
1.302605210420841608e+01 5.630025454136005044e+07
1.303507014028056155e+01 5.616856370390589535e+07
1.304408817635270523e+01 5.603682281742267311e+07
1.305310621242484892e+01 5.590504919708212465e+07
1.306212424849699438e+01 5.577330094663280994e+07
1.307114228456913807e+01 5.564160856230578572e+07
1.308016032064128176e+01 5.550997337290688604e+07
1.308917835671342722e+01 5.537836968243419379e+07
1.309819639278557091e+01 5.524676010759011656e+07
1.310721442885771459e+01 5.511510745645570755e+07
1.311623246492986006e+01 5.498341619322314113e+07
1.312525050100200374e+01 5.485174149993845075e+07
1.313426853707414921e+01 5.472012245780950785e+07
1.314328657314629289e+01 5.458856721501512080e+07
1.315230460921843658e+01 5.445705386028625071e+07
1.316132264529058205e+01 5.432554792724436522e+07
1.317034068136272573e+01 5.419400829326639324e+07
1.317935871743486942e+01 5.406242722041913122e+07
1.318837675350701488e+01 5.393085249129084498e+07
1.319739478957915857e+01 5.379933201607294381e+07
1.320641282565130226e+01 5.366788012698201090e+07
1.321543086172344772e+01 5.353648048842827231e+07
1.322444889779559141e+01 5.340510116288942099e+07
1.323346693386773509e+01 5.327369947559882700e+07
1.324248496993988056e+01 5.314225669279301912e+07
1.325150300601202424e+01 5.301080978032895923e+07
1.326052104208416793e+01 5.287941409598900378e+07
1.326953907815631339e+01 5.274809014673382044e+07
1.327855711422845708e+01 5.261682851947692037e+07
1.328757515030060077e+01 5.248559940354696661e+07
1.329659318637274623e+01 5.235436077783527225e+07
1.330561122244488992e+01 5.222308454103520513e+07
1.331462925851703361e+01 5.209179476871815324e+07
1.332364729458917907e+01 5.196055104000160098e+07
1.333266533066132276e+01 5.182938090775062144e+07
1.334168336673346644e+01 5.169828238215482980e+07
1.335070140280561191e+01 5.156722789532043785e+07
1.335971943887775559e+01 5.143617773138784617e+07
1.336873747494989928e+01 5.130509630786529928e+07
1.337775551102204474e+01 5.117399431001452357e+07
1.338677354709418843e+01 5.104293074533884972e+07
1.339579158316633212e+01 5.091194152647691965e+07
1.340480961923847758e+01 5.078103193821034580e+07
1.341382765531062127e+01 5.065017753381793201e+07
1.342284569138276495e+01 5.051934162879639119e+07
1.343186372745491042e+01 5.038848343499989063e+07
1.344088176352705410e+01 5.025760068363130093e+07
1.344989979959919779e+01 5.012674680000927299e+07
1.345891783567134325e+01 4.999596692547257245e+07
1.346793587174348694e+01 4.986527293576588482e+07
1.347695390781563063e+01 4.973464523738249391e+07
1.348597194388777609e+01 4.960404999164464325e+07
1.349498997995991978e+01 4.947344368243620545e+07
1.350400801603206347e+01 4.934281204550106078e+07
1.351302605210420893e+01 4.921219883858614415e+07
1.352204408817635262e+01 4.908165786769919842e+07
1.353106212424849630e+01 4.895120721333168447e+07
1.354008016032064177e+01 4.882083385025135428e+07
1.354909819639278545e+01 4.869050627413569391e+07
1.355811623246492914e+01 4.856018064463521540e+07
1.356713426853707460e+01 4.842983220958140492e+07
1.357615230460921829e+01 4.829949219129311293e+07
1.358517034068136198e+01 4.816922065958714485e+07
1.359418837675350744e+01 4.803904239722239971e+07
1.360320641282565113e+01 4.790895188149882108e+07
1.361222444889779482e+01 4.777891974878637493e+07
1.362124248496994028e+01 4.764890386803793162e+07
1.363026052104208397e+01 4.751887082259546220e+07
1.363927855711422765e+01 4.738883804413606972e+07
1.364829659318637312e+01 4.725886753432276845e+07
1.365731462925851680e+01 4.712899206417439878e+07
1.366633266533066049e+01 4.699921374358288199e+07
1.367535070140280595e+01 4.686950583931001276e+07
1.368436873747494964e+01 4.673982917179690301e+07
1.369338677354709333e+01 4.661014378494371474e+07
1.370240480961923879e+01 4.648045344168294221e+07
1.371142284569138248e+01 4.635081674856395274e+07
1.372044088176352616e+01 4.622127576540181786e+07
1.372945891783567163e+01 4.609183972745116800e+07
1.373847695390781531e+01 4.596248595878046006e+07
1.374749498997995900e+01 4.583317841388213634e+07
1.375651302605210446e+01 4.570387312989743799e+07
1.376553106212424815e+01 4.557456091931364685e+07
1.377454909819639362e+01 4.544529222138869017e+07
1.378356713426853730e+01 4.531611864280405641e+07
1.379258517034068099e+01 4.518705586404613405e+07
1.380160320641282645e+01 4.505808721298816055e+07
1.381062124248497014e+01 4.492917929909706861e+07
1.381963927855711383e+01 4.480028669527819753e+07
1.382865731462925929e+01 4.467138857990974933e+07
1.383767535070140298e+01 4.454252360974648595e+07
1.384669338677354666e+01 4.441375139329086989e+07
1.385571142284569213e+01 4.428509412034762651e+07
1.386472945891783581e+01 4.415654252958250791e+07
1.387374749498997950e+01 4.402806543087302893e+07
1.388276553106212496e+01 4.389961828552862257e+07
1.389178356713426865e+01 4.377117038794381171e+07
1.390080160320641234e+01 4.364274647276186198e+07
1.390981963927855780e+01 4.351441056363889575e+07
1.391883767535070149e+01 4.338619241313253343e+07
1.392785571142284518e+01 4.325809064593239874e+07
1.393687374749499064e+01 4.313007641081093252e+07
1.394589178356713433e+01 4.300210778843208402e+07
1.395490981963927801e+01 4.287414620742478967e+07
1.396392785571142348e+01 4.274620204871477932e+07
1.397294589178356716e+01 4.261833847502578050e+07
1.398196392785571085e+01 4.249059431725549698e+07
1.399098196392785631e+01 4.236297587432610989e+07
1.400000000000000000e+01 4.223545762238430977e+07
