# # logMh tA(yrs)
9.500000000000000000e+00 5.117170130426124930e+08
9.509018036072143687e+00 5.112387061297895312e+08
9.518036072144287374e+00 5.107598753742253184e+08
9.527054108216432837e+00 5.102804519108268023e+08
9.536072144288578301e+00 5.098004992234642506e+08
9.545090180360720211e+00 5.093201680492810607e+08
9.554108216432865675e+00 5.088395441183366776e+08
9.563126252505011138e+00 5.083586201083423495e+08
9.572144288577153048e+00 5.078773113827065229e+08
9.581162324649298512e+00 5.073955028580626249e+08
9.590180360721443975e+00 5.069131036788715720e+08
9.599198396793585886e+00 5.064301451647959948e+08
9.608216432865731349e+00 5.059467759811152816e+08
9.617234468937876812e+00 5.054631044236754775e+08
9.626252505010018723e+00 5.049791452889634371e+08
9.635270541082164186e+00 5.044948243508393168e+08
9.644288577154309650e+00 5.040100297014947534e+08
9.653306613226451560e+00 5.035246535175130963e+08
9.662324649298597024e+00 5.030386939400112629e+08
9.671342685370742487e+00 5.025522869797441959e+08
9.680360721442884397e+00 5.020655630451549292e+08
9.689378757515029861e+00 5.015785590107986927e+08
9.698396793587175324e+00 5.010912153893826604e+08
9.707414829659317235e+00 5.006034249078391790e+08
9.716432865731462698e+00 5.001150684531245828e+08
9.725450901803608161e+00 4.996261118283509612e+08
9.734468937875750072e+00 4.991366688487600088e+08
9.743486973947895535e+00 4.986468888793630004e+08
9.752505010020040999e+00 4.981568308169564009e+08
9.761523046092182909e+00 4.976664541049571633e+08
9.770541082164328373e+00 4.971756570663338900e+08
9.779559118236473836e+00 4.966843150317073464e+08
9.788577154308615746e+00 4.961923640673702955e+08
9.797595190380761210e+00 4.956998882576299310e+08
9.806613226452906673e+00 4.952070494354375601e+08
9.815631262525050360e+00 4.947139291745188236e+08
9.824649298597194047e+00 4.942205088274468184e+08
9.833667334669339510e+00 4.937266937743123174e+08
9.842685370741483197e+00 4.932323588997998834e+08
9.851703406813626884e+00 4.927374145464361310e+08
9.860721442885772348e+00 4.922419104136386514e+08
9.869739478957916035e+00 4.917460110111953020e+08
9.878757515030059722e+00 4.912498217062037587e+08
9.887775551102205185e+00 4.907533472746062875e+08
9.896793587174348872e+00 4.902565027299559116e+08
9.905811623246492559e+00 4.897591662420897484e+08
9.914829659318638022e+00 4.892612276614143252e+08
9.923847695390781709e+00 4.887627004558929205e+08
9.932865731462925396e+00 4.882637402220366001e+08
9.941883767535070859e+00 4.877644765616147518e+08
9.950901803607214546e+00 4.872649378492094874e+08
9.959919839679358233e+00 4.867650527544190884e+08
9.968937875751503697e+00 4.862647047312008739e+08
9.977955911823647384e+00 4.857637693649762869e+08
9.986973947895791071e+00 4.852622241817549467e+08
9.995991983967936534e+00 4.847602047321798205e+08
1.000501002004008022e+01 4.842578630301294923e+08
1.001402805611222391e+01 4.837552506527771950e+08
1.002304609218436937e+01 4.832523145828028321e+08
1.003206412825651306e+01 4.827489444314014912e+08
1.004108216432865675e+01 4.822450079890573621e+08
1.005010020040080221e+01 4.817404491837010384e+08
1.005911823647294590e+01 4.812353742194353342e+08
1.006813627254508958e+01 4.807299522728776336e+08
1.007715430861723505e+01 4.802242583428701758e+08
1.008617234468937873e+01 4.797182615000905991e+08
1.009519038076152242e+01 4.792118583786561489e+08
1.010420841683366788e+01 4.787049150225310922e+08
1.011322645290581157e+01 4.781973457948037982e+08
1.012224448897795526e+01 4.776892210967354178e+08
1.013126252505010072e+01 4.771807182123575807e+08
1.014028056112224441e+01 4.766719366840999722e+08
1.014929859719438809e+01 4.761628698301730752e+08
1.015831663326653356e+01 4.756534231572452188e+08
1.016733466933867724e+01 4.751434657252936959e+08
1.017635270541082093e+01 4.746328876931772828e+08
1.018537074148296639e+01 4.741217205924627781e+08
1.019438877755511008e+01 4.736101377731788158e+08
1.020340681362725377e+01 4.730982644895171523e+08
1.021242484969939923e+01 4.725861189344823360e+08
1.022144288577154292e+01 4.720736188659626842e+08
1.023046092184368661e+01 4.715606391540864706e+08
1.023947895791583207e+01 4.710470523281499743e+08
1.024849699398797576e+01 4.705328506625627875e+08
1.025751503006011944e+01 4.700181909456623197e+08
1.026653306613226491e+01 4.695032237558692694e+08
1.027555110220440859e+01 4.689879916177866459e+08
1.028456913827655228e+01 4.684724293249369264e+08
1.029358717434869774e+01 4.679564185819849372e+08
1.030260521042084143e+01 4.674398213978855014e+08
1.031162324649298512e+01 4.669225926688382626e+08
1.032064128256513058e+01 4.664048614935429096e+08
1.032965931863727427e+01 4.658868001052014828e+08
1.033867735470941795e+01 4.653684750612811446e+08
1.034769539078156342e+01 4.648498427577254176e+08
1.035671342685370711e+01 4.643307921141303182e+08
1.036573146292585079e+01 4.638111815111606717e+08
1.037474949899799626e+01 4.632909323748128414e+08
1.038376753507013994e+01 4.627701376649325490e+08
1.039278557114228363e+01 4.622489835057391524e+08
1.040180360721442909e+01 4.617275613198212981e+08
1.041082164328657278e+01 4.612058521140232682e+08
1.041983967935871647e+01 4.606837530719784498e+08
1.042885771543086193e+01 4.601611247460058331e+08
1.043787575150300562e+01 4.596378605079966784e+08
1.044689378757514930e+01 4.591140124383685589e+08
1.045591182364729477e+01 4.585897687755455375e+08
1.046492985971943845e+01 4.580652474449793100e+08
1.047394789579158214e+01 4.575404552876818776e+08
1.048296593186372760e+01 4.570153003106875420e+08
1.049198396793587129e+01 4.564896490719732046e+08
1.050100200400801498e+01 4.559633735667074323e+08
1.051002004008016044e+01 4.554364837129727006e+08
1.051903807615230413e+01 4.549091560663033128e+08
1.052805611222444782e+01 4.543815360015388727e+08
1.053707414829659328e+01 4.538536558218034506e+08
1.054609218436873697e+01 4.533254388078989983e+08
1.055511022044088065e+01 4.527967590515537262e+08
1.056412825651302612e+01 4.522674747552205324e+08
1.057314629258516980e+01 4.517375549231546521e+08
1.058216432865731349e+01 4.512071514365013838e+08
1.059118236472945895e+01 4.506764353100522757e+08
1.060020040080160264e+01 4.501454634909337163e+08
1.060921843687374633e+01 4.496141797315757871e+08
1.061823647294589179e+01 4.490824658105833530e+08
1.062725450901803548e+01 4.485501737309305072e+08
1.063627254509017916e+01 4.480172351544923782e+08
1.064529058116232463e+01 4.474837667692568302e+08
1.065430861723446831e+01 4.469499591804388165e+08
1.066332665330661200e+01 4.464158942617545128e+08
1.067234468937875747e+01 4.458815402526589036e+08
1.068136272545090115e+01 4.453467868864153028e+08
1.069038076152304662e+01 4.448114867747225165e+08
1.069939879759519030e+01 4.442755395683049560e+08
1.070841683366733399e+01 4.437390199719993472e+08
1.071743486973947945e+01 4.432021274174193144e+08
1.072645290581162314e+01 4.426649704318397045e+08
1.073547094188376683e+01 4.421275437167950273e+08
1.074448897795591229e+01 4.415897466102263331e+08
1.075350701402805598e+01 4.410514373464868069e+08
1.076252505010019966e+01 4.405124901769776940e+08
1.077154308617234513e+01 4.399729352338946462e+08
1.078056112224448881e+01 4.394329664562593102e+08
1.078957915831663250e+01 4.388927210192636847e+08
1.079859719438877796e+01 4.383522201970654726e+08
1.080761523046092165e+01 4.378113766354877353e+08
1.081663326653306711e+01 4.372700566527760029e+08
1.082565130260521080e+01 4.367281168868287206e+08
1.083466933867735449e+01 4.361855434080545306e+08
1.084368737474949995e+01 4.356425099114651084e+08
1.085270541082164364e+01 4.350991823374291658e+08
1.086172344689378733e+01 4.345556073966234922e+08
1.087074148296593279e+01 4.340117164881868362e+08
1.087975951903807648e+01 4.334673843224260807e+08
1.088877755511022016e+01 4.329224580720537305e+08
1.089779559118236563e+01 4.323768827472066879e+08
1.090681362725450931e+01 4.318307991886171699e+08
1.091583166332665300e+01 4.312843981266311407e+08
1.092484969939879846e+01 4.307377512645517588e+08
1.093386773547094215e+01 4.301908137921200395e+08
1.094288577154308584e+01 4.296434684866588712e+08
1.095190380761523130e+01 4.290955607624318004e+08
1.096092184368737499e+01 4.285469996280098557e+08
1.096993987975951867e+01 4.279978840069438815e+08
1.097895791583166414e+01 4.274484203369346261e+08
1.098797595190380783e+01 4.268987066664803028e+08
1.099699398797595151e+01 4.263487249691468477e+08
1.100601202404809698e+01 4.257983667810356021e+08
1.101503006012024066e+01 4.252474819988371730e+08
1.102404809619238435e+01 4.246959500868418813e+08
1.103306613226452981e+01 4.241438236306543350e+08
1.104208416833667350e+01 4.235913108112934828e+08
1.105110220440881719e+01 4.230385386199750900e+08
1.106012024048096265e+01 4.224855166047279239e+08
1.106913827655310634e+01 4.219321477608453631e+08
1.107815631262525002e+01 4.213782902135863900e+08
1.108717434869739549e+01 4.208238015463320613e+08
1.109619238476953917e+01 4.202686875756923556e+08
1.110521042084168286e+01 4.197131421094663143e+08
1.111422845691382832e+01 4.191573229098058343e+08
1.112324649298597201e+01 4.186012660587712526e+08
1.113226452905811570e+01 4.180448911260238886e+08
1.114128256513026116e+01 4.174880654257465005e+08
1.115030060120240485e+01 4.169306331941524744e+08
1.115931863727454854e+01 4.163725557263705730e+08
1.116833667334669400e+01 4.158139977368585467e+08
1.117735470941883769e+01 4.152551461140890718e+08
1.118637274549098137e+01 4.146960622613646984e+08
1.119539078156312684e+01 4.141366881936770678e+08
1.120440881763527052e+01 4.135768998307060003e+08
1.121342685370741421e+01 4.130165364699381590e+08
1.122244488977955967e+01 4.124555194476802945e+08
1.123146292585170336e+01 4.118939729769954085e+08
1.124048096192384705e+01 4.113321061554818749e+08
1.124949899799599251e+01 4.107700062719337344e+08
1.125851703406813620e+01 4.102076420120522380e+08
1.126753507014027988e+01 4.096448976706053615e+08
1.127655310621242535e+01 4.090816150165104270e+08
1.128557114228456904e+01 4.085176816213216186e+08
1.129458917835671272e+01 4.079531744717411399e+08
1.130360721442885819e+01 4.073883122074899077e+08
1.131262525050100187e+01 4.068232106451792121e+08
1.132164328657314556e+01 4.062578668253941536e+08
1.133066132264529102e+01 4.056921750333109498e+08
1.133967935871743471e+01 4.051259847255860567e+08
1.134869739478957840e+01 4.045591570975476503e+08
1.135771543086172386e+01 4.039917200836453438e+08
1.136673346693386755e+01 4.034238851645262241e+08
1.137575150300601123e+01 4.028557997495773435e+08
1.138476953907815670e+01 4.022874887419210076e+08
1.139378757515030038e+01 4.017188606341673136e+08
1.140280561122244407e+01 4.011497746929827332e+08
1.141182364729458953e+01 4.005800743582758307e+08
1.142084168336673322e+01 4.000097399077210426e+08
1.142985971943887691e+01 3.994389589506012201e+08
1.143887775551102237e+01 3.988679111761456728e+08
1.144789579158316606e+01 3.982966476227356195e+08
1.145691382765530975e+01 3.977250972306711078e+08
1.146593186372745521e+01 3.971531287234229445e+08
1.147494989979959890e+01 3.965805767283558846e+08
1.148396793587174258e+01 3.960073777131648064e+08
1.149298597194388805e+01 3.954336816647971272e+08
1.150200400801603173e+01 3.948596961660436392e+08
1.151102204408817542e+01 3.942854979326049685e+08
1.152004008016032088e+01 3.937110418458909392e+08
1.152905811623246457e+01 3.931362051791021228e+08
1.153807615230460826e+01 3.925608221565023661e+08
1.154709418837675372e+01 3.919847912361263633e+08
1.155611222444889741e+01 3.914082154567554593e+08
1.156513026052104109e+01 3.908313197375874519e+08
1.157414829659318656e+01 3.902542085257984400e+08
1.158316633266533024e+01 3.896768655348752737e+08
1.159218436873747393e+01 3.890991770849952698e+08
1.160120240480961940e+01 3.885209836586251259e+08
1.161022044088176308e+01 3.879421527913714647e+08
1.161923847695390677e+01 3.873627367010893226e+08
1.162825651302605223e+01 3.867829614253696799e+08
1.163727454909819592e+01 3.862029628160071969e+08
1.164629258517033961e+01 3.856227537636351585e+08
1.165531062124248507e+01 3.850422326324250102e+08
1.166432865731462876e+01 3.844612498624423146e+08
1.167334669338677244e+01 3.838796504443294406e+08
1.168236472945891791e+01 3.832974361527811885e+08
1.169138276553106159e+01 3.827148158652553558e+08
1.170040080160320528e+01 3.821319595145574212e+08
1.170941883767535074e+01 3.815489074926075935e+08
1.171843687374749443e+01 3.809655760894581676e+08
1.172745490981963812e+01 3.803818261553789377e+08
1.173647294589178358e+01 3.797974894437876940e+08
1.174549098196392727e+01 3.792125202468999624e+08
1.175450901803607096e+01 3.786270941747805476e+08
1.176352705410821642e+01 3.780414136158317924e+08
1.177254509018036011e+01 3.774555449658458233e+08
1.178156312625250557e+01 3.768694289903784394e+08
1.179058116232464926e+01 3.762829357783395648e+08
1.179959919839679294e+01 3.756958929970293641e+08
1.180861723446893841e+01 3.751082126866931915e+08
1.181763527054108209e+01 3.745200251905744076e+08
1.182665330661322578e+01 3.739315574438023567e+08
1.183567134268537124e+01 3.733429028125478029e+08
1.184468937875751493e+01 3.727540309029122591e+08
1.185370741482965862e+01 3.721648205003576279e+08
1.186272545090180408e+01 3.715751031784924865e+08
1.187174348697394777e+01 3.709847554955982566e+08
1.188076152304609145e+01 3.703938560107029676e+08
1.188977955911823692e+01 3.698026415941445827e+08
1.189879759519038060e+01 3.692112361726630926e+08
1.190781563126252607e+01 3.686196395894917846e+08
1.191683366733466976e+01 3.680277410357111096e+08
1.192585170340681344e+01 3.674353814189087749e+08
1.193486973947895891e+01 3.668424097886979580e+08
1.194388777555110259e+01 3.662488517911142111e+08
1.195290581162324628e+01 3.656549352628720403e+08
1.196192384769539174e+01 3.650608187207182050e+08
1.197094188376753543e+01 3.644665312259725332e+08
1.197995991983967912e+01 3.638719771797471046e+08
1.198897795591182458e+01 3.632770086522746086e+08
1.199799599198396827e+01 3.626814565650864840e+08
1.200701402805611195e+01 3.620852956675062180e+08
1.201603206412825742e+01 3.614887263823471069e+08
1.202505010020040110e+01 3.608919428901060820e+08
1.203406813627254479e+01 3.602950012697545290e+08
1.204308617234469025e+01 3.596978281865553856e+08
1.205210420841683394e+01 3.591002859815000296e+08
1.206112224448897763e+01 3.585021971428861618e+08
1.207014028056112309e+01 3.579034899610608816e+08
1.207915831663326678e+01 3.573043228017697334e+08
1.208817635270541047e+01 3.567049205630693436e+08
1.209719438877755593e+01 3.561053659845150113e+08
1.210621242484969962e+01 3.555056138840457201e+08
1.211523046092184330e+01 3.549055355636578202e+08
1.212424849699398877e+01 3.543049541678749323e+08
1.213326653306613245e+01 3.537037578901484609e+08
1.214228456913827614e+01 3.531020535153094530e+08
1.215130260521042160e+01 3.525000845904583335e+08
1.216032064128256529e+01 3.518979632959523797e+08
1.216933867735470898e+01 3.512956753717497587e+08
1.217835671342685444e+01 3.506931015393647552e+08
1.218737474949899813e+01 3.500900726872251630e+08
1.219639278557114181e+01 3.494864445403129458e+08
1.220541082164328728e+01 3.488822689096506238e+08
1.221442885771543096e+01 3.482777895840972066e+08
1.222344689378757465e+01 3.476731528354439735e+08
1.223246492985972012e+01 3.470683753260921240e+08
1.224148296593186380e+01 3.464633505553047657e+08
1.225050100200400749e+01 3.458579208176285625e+08
1.225951903807615295e+01 3.452519184484471083e+08
1.226853707414829664e+01 3.446453412543111444e+08
1.227755511022044033e+01 3.440384130210543871e+08
1.228657314629258579e+01 3.434313174466492534e+08
1.229559118236472948e+01 3.428240999131939411e+08
1.230460921843687316e+01 3.422166733779389262e+08
1.231362725450901863e+01 3.416088915528056026e+08
1.232264529058116231e+01 3.410005734693568349e+08
1.233166332665330600e+01 3.403916663765405416e+08
1.234068136272545146e+01 3.397823567469578981e+08
1.234969939879759515e+01 3.391728638972363472e+08
1.235871743486973884e+01 3.385632602567129731e+08
1.236773547094188430e+01 3.379534854141479731e+08
1.237675350701402799e+01 3.373434028685576320e+08
1.238577154308617168e+01 3.367328282345451713e+08
1.239478957915831714e+01 3.361216639922223687e+08
1.240380761523046083e+01 3.355100467180215120e+08
1.241282565130260451e+01 3.348982223739564419e+08
1.242184368737474998e+01 3.342862918659394979e+08
1.243086172344689366e+01 3.336742258852161765e+08
1.243987975951903735e+01 3.330618970137293935e+08
1.244889779559118281e+01 3.324491260254124999e+08
1.245791583166332650e+01 3.318357779556589723e+08
1.246693386773547019e+01 3.312219330889129043e+08
1.247595190380761565e+01 3.306078474817079902e+08
1.248496993987975934e+01 3.299936550097826719e+08
1.249398797595190302e+01 3.293793586435855627e+08
1.250300601202404849e+01 3.287648419446255565e+08
1.251202404809619217e+01 3.281499365012075901e+08
1.252104208416833586e+01 3.275344784986124039e+08
1.253006012024048133e+01 3.269184913515660167e+08
1.253907815631262501e+01 3.263022200519677401e+08
1.254809619238476870e+01 3.256858363114501834e+08
1.255711422845691416e+01 3.250693739401900768e+08
1.256613226452905785e+01 3.244527329250541925e+08
1.257515030060120154e+01 3.238357572210754752e+08
1.258416833667334700e+01 3.232182643664705157e+08
1.259318637274549069e+01 3.226002233460418582e+08
1.260220440881763437e+01 3.219818481464428902e+08
1.261122244488977984e+01 3.213633495834984779e+08
1.262024048096192352e+01 3.207447897240502238e+08
1.262925851703406721e+01 3.201260928376797438e+08
1.263827655310621267e+01 3.195071138926930428e+08
1.264729458917835636e+01 3.188876622589816451e+08
1.265631262525050005e+01 3.182676574490393996e+08
1.266533066132264551e+01 3.176472668917398453e+08
1.267434869739478920e+01 3.170267348784036040e+08
1.268336673346693289e+01 3.164061515700630546e+08
1.269238476953907835e+01 3.157854717750253081e+08
1.270140280561122204e+01 3.151645598718473315e+08
1.271042084168336572e+01 3.145432268690494299e+08
1.271943887775551119e+01 3.139213497529008389e+08
1.272845691382765487e+01 3.132990395566778779e+08
1.273747494989979856e+01 3.126765604093486667e+08
1.274649298597194402e+01 3.120540341002013087e+08
1.275551102204408771e+01 3.114314486503540277e+08
1.276452905811623317e+01 3.108086783629005551e+08
1.277354709418837686e+01 3.101855434119593501e+08
1.278256513026052055e+01 3.095618864693004489e+08
1.279158316633266601e+01 3.089377591363081932e+08
1.280060120240480970e+01 3.083134247185568810e+08
1.280961923847695338e+01 3.076890421858714819e+08
1.281863727454909885e+01 3.070646324834150076e+08
1.282765531062124253e+01 3.064400836110770106e+08
1.283667334669338622e+01 3.058152285231505036e+08
1.284569138276553169e+01 3.051898854603766203e+08
1.285470941883767537e+01 3.045640480025811195e+08
1.286372745490981906e+01 3.039379564303144813e+08
1.287274549098196452e+01 3.033118107899250388e+08
1.288176352705410821e+01 3.026856622990475297e+08
1.289078156312625190e+01 3.020594202133919001e+08
1.289979959919839736e+01 3.014329298916710019e+08
1.290881763527054105e+01 3.008059961091752052e+08
1.291783567134268473e+01 3.001785583178262115e+08
1.292685370741483020e+01 2.995508152235613465e+08
1.293587174348697388e+01 2.989230058321790695e+08
1.294488977955911757e+01 2.982952098945273161e+08
1.295390781563126303e+01 2.976673657158907056e+08
1.296292585170340672e+01 2.970393290268794894e+08
1.297194388777555041e+01 2.964109018291385770e+08
1.298096192384769587e+01 2.957819758218334913e+08
1.298997995991983956e+01 2.951526948061456084e+08
1.299899799599198325e+01 2.945233265922632813e+08
1.300801603206412871e+01 2.938939814122541547e+08
1.301703406813627240e+01 2.932646312031931877e+08
1.302605210420841608e+01 2.926351412616291642e+08
1.303507014028056155e+01 2.920053200273122787e+08
1.304408817635270523e+01 2.913750193913699389e+08
1.305310621242484892e+01 2.907443218611991405e+08
1.306212424849699438e+01 2.901135054049564004e+08
1.307114228456913807e+01 2.894827161532112956e+08
1.308016032064128176e+01 2.888519606712059379e+08
1.308917835671342722e+01 2.882211159653974771e+08
1.309819639278557091e+01 2.875900027994391322e+08
1.310721442885771459e+01 2.869584425821577907e+08
1.311623246492986006e+01 2.863264563959711194e+08
1.312525050100200374e+01 2.856943088897034526e+08
1.313426853707414921e+01 2.850621877743388414e+08
1.314328657314629289e+01 2.844301324012926817e+08
1.315230460921843658e+01 2.837980376789880991e+08
1.316132264529058205e+01 2.831657379772838354e+08
1.317034068136272573e+01 2.825330353912264109e+08
1.317935871743486942e+01 2.818998923857387304e+08
1.318837675350701488e+01 2.812665386755591631e+08
1.319739478957915857e+01 2.806332049403700829e+08
1.320641282565130226e+01 2.799999604250285029e+08
1.321543086172344772e+01 2.793667266589226127e+08
1.322444889779559141e+01 2.787333498208016753e+08
1.323346693386773509e+01 2.780996240615441799e+08
1.324248496993988056e+01 2.774654587475062609e+08
1.325150300601202424e+01 2.768310319917891622e+08
1.326052104208416793e+01 2.761966109981483817e+08
1.326953907815631339e+01 2.755622950102035403e+08
1.327855711422845708e+01 2.749280388212403655e+08
1.328757515030060077e+01 2.742936985380617976e+08
1.329659318637274623e+01 2.736590709914107919e+08
1.330561122244488992e+01 2.730240200529149771e+08
1.331462925851703361e+01 2.723886619377092123e+08
1.332364729458917907e+01 2.717532849504926801e+08
1.333266533066132276e+01 2.711180227009456158e+08
1.334168336673346644e+01 2.704828658438116908e+08
1.335070140280561191e+01 2.698476810258167386e+08
1.335971943887775559e+01 2.692122757793053389e+08
1.336873747494989928e+01 2.685764773962756395e+08
1.337775551102204474e+01 2.679403374516379535e+08
1.338677354709418843e+01 2.673041422043746710e+08
1.339579158316633212e+01 2.666680661803004742e+08
1.340480961923847758e+01 2.660321353584694564e+08
1.341382765531062127e+01 2.653962312454554439e+08
1.342284569138276495e+01 2.647601756625604630e+08
1.343186372745491042e+01 2.641237701992538273e+08
1.344088176352705410e+01 2.634870035823607445e+08
1.344989979959919779e+01 2.628501356373724639e+08
1.345891783567134325e+01 2.622133862434056401e+08
1.346793587174348694e+01 2.615768135554441810e+08
1.347695390781563063e+01 2.609403224514583945e+08
1.348597194388777609e+01 2.603037482148075700e+08
1.349498997995991978e+01 2.596668786802437305e+08
1.350400801603206347e+01 2.590296440813423395e+08
1.351302605210420893e+01 2.583922577443059981e+08
1.352204408817635262e+01 2.577549823820773959e+08
1.353106212424849630e+01 2.571179066017720997e+08
1.354008016032064177e+01 2.564809671484771073e+08
1.354909819639278545e+01 2.558440103400579989e+08
1.355811623246492914e+01 2.552068219366185367e+08
1.356713426853707460e+01 2.545692807527486682e+08
1.357615230460921829e+01 2.539315393493006229e+08
1.358517034068136198e+01 2.532938917466248870e+08
1.359418837675350744e+01 2.526564595905465484e+08
1.360320641282565113e+01 2.520192162323246598e+08
1.361222444889779482e+01 2.513820181322947145e+08
1.362124248496994028e+01 2.507446589336211383e+08
1.363026052104208397e+01 2.501069747109883726e+08
1.363927855711422765e+01 2.494690507937748432e+08
1.364829659318637312e+01 2.488311914190327823e+08
1.365731462925851680e+01 2.481935577464013398e+08
1.366633266533066049e+01 2.475561605601179302e+08
1.367535070140280595e+01 2.469188689188931584e+08
1.368436873747494964e+01 2.462814904965173304e+08
1.369338677354709333e+01 2.456438288574852347e+08
1.370240480961923879e+01 2.450059023575789034e+08
1.371142284569138248e+01 2.443679993001800478e+08
1.372044088176352616e+01 2.437303269560104311e+08
1.372945891783567163e+01 2.430929312358920276e+08
1.373847695390781531e+01 2.424557008867459297e+08
1.374749498997995900e+01 2.418184585882414281e+08
1.375651302605210446e+01 2.411809877132518291e+08
1.376553106212424815e+01 2.405432428466586769e+08
1.377454909819639362e+01 2.399054727397035956e+08
1.378356713426853730e+01 2.392679322809283733e+08
1.379258517034068099e+01 2.386306993269739449e+08
1.380160320641282645e+01 2.379936920234106183e+08
1.381062124248497014e+01 2.373567457694633901e+08
1.381963927855711383e+01 2.367196362095949352e+08
1.382865731462925929e+01 2.360822603434135914e+08
1.383767535070140298e+01 2.354448092904220521e+08
1.384669338677354666e+01 2.348075781564915478e+08
1.385571142284569213e+01 2.341706772187845707e+08
1.386472945891783581e+01 2.335340611368227601e+08
1.387374749498997950e+01 2.328975758442454040e+08
1.388276553106212496e+01 2.322610008765819967e+08
1.389178356713426865e+01 2.316241840334536731e+08
1.390080160320641234e+01 2.309872479016967118e+08
1.390981963927855780e+01 2.303505102202708125e+08
1.391883767535070149e+01 2.297141190719882250e+08
1.392785571142284518e+01 2.290780681753092706e+08
1.393687374749499064e+01 2.284422147386564314e+08
1.394589178356713433e+01 2.278063508103932440e+08
1.395490981963927801e+01 2.271702847733466625e+08
1.396392785571142348e+01 2.265340681905622780e+08
1.397294589178356716e+01 2.258980153122113347e+08
1.398196392785571085e+01 2.252623197513451874e+08
1.399098196392785631e+01 2.246270134289025366e+08
1.400000000000000000e+01 2.239919698048049212e+08
