# # logMh tA(yrs)
9.500000000000000000e+00 3.355398501705652237e+09
9.513026052104208929e+00 3.352313472046483994e+09
9.526052104208417859e+00 3.349220438899796486e+09
9.539078156312626788e+00 3.346119622008734703e+09
9.552104208416833941e+00 3.343012728986474514e+09
9.565130260521042871e+00 3.339900211674257278e+09
9.578156312625250024e+00 3.336781009119308949e+09
9.591182364729458953e+00 3.333653698859037399e+09
9.604208416833667883e+00 3.330518500655727863e+09
9.617234468937876812e+00 3.327377165263039112e+09
9.630260521042085742e+00 3.324230157838656902e+09
9.643286573146292895e+00 3.321076395538652897e+09
9.656312625250501824e+00 3.317914420038189411e+09
9.669338677354708977e+00 3.314744450805091858e+09
9.682364729458917907e+00 3.311568281550373554e+09
9.695390781563126836e+00 3.308386390579246998e+09
9.708416833667335766e+00 3.305197673830889702e+09
9.721442885771544695e+00 3.302000637479007244e+09
9.734468937875751848e+00 3.298795500358166695e+09
9.747494989979960778e+00 3.295584098771387577e+09
9.760521042084167931e+00 3.292366923796635628e+09
9.773547094188376860e+00 3.289142850695975304e+09
9.786573146292585790e+00 3.285910350460086346e+09
9.799599198396794719e+00 3.282669640962660313e+09
9.812625250501003649e+00 3.279422600759341240e+09
9.825651302605210802e+00 3.276169733465372086e+09
9.838677354709417955e+00 3.272909894382616520e+09
9.851703406813626884e+00 3.269641519806434155e+09
9.864729458917835814e+00 3.266364826443212509e+09
9.877755511022044743e+00 3.263081734745405197e+09
9.890781563126253673e+00 3.259792760559311390e+09
9.903807615230462602e+00 3.256496739832312107e+09
9.916833667334669755e+00 3.253192074574362278e+09
9.929859719438876908e+00 3.249878980079677582e+09
9.942885771543085838e+00 3.246559418294119358e+09
9.955911823647294767e+00 3.243233917016422272e+09
9.968937875751503697e+00 3.239901293486392498e+09
9.981963927855712626e+00 3.236559915899799824e+09
9.994989979959921556e+00 3.233209997924741268e+09
1.000801603206412871e+01 3.229853542568113804e+09
1.002104208416833586e+01 3.226491089301263809e+09
1.003406813627254479e+01 3.223121437245306492e+09
1.004709418837675372e+01 3.219742921238430500e+09
1.006012024048096265e+01 3.216355753157857418e+09
1.007314629258517158e+01 3.212961976667435646e+09
1.008617234468937873e+01 3.209562142646458149e+09
1.009919839679358766e+01 3.206155032633079529e+09
1.011222444889779482e+01 3.202738948528611183e+09
1.012525050100200374e+01 3.199314100204742908e+09
1.013827655310621267e+01 3.195882571527516365e+09
1.015130260521042160e+01 3.192444924525090694e+09
1.016432865731463053e+01 3.188999923633034229e+09
1.017735470941883769e+01 3.185545838213840961e+09
1.019038076152304662e+01 3.182082875947943211e+09
1.020340681362725377e+01 3.178613160471766472e+09
1.021643286573146270e+01 3.175137264733242512e+09
1.022945891783567163e+01 3.171653936512814522e+09
1.024248496993988056e+01 3.168161413044037342e+09
1.025551102204408949e+01 3.164659899681706905e+09
1.026853707414829664e+01 3.161151559462226868e+09
1.028156312625250557e+01 3.157636976090540886e+09
1.029458917835671272e+01 3.154114881114851475e+09
1.030761523046092165e+01 3.150583480049480438e+09
1.032064128256513058e+01 3.147042975800808907e+09
1.033366733466933951e+01 3.143495570445203781e+09
1.034669338677354844e+01 3.139941858300862789e+09
1.035971943887775559e+01 3.136380555032428265e+09
1.037274549098196452e+01 3.132809834783713341e+09
1.038577154308617168e+01 3.129229897890203476e+09
1.039879759519038060e+01 3.125642985144928932e+09
1.041182364729458953e+01 3.122049701354641438e+09
1.042484969939879846e+01 3.118448746584914207e+09
1.043787575150300739e+01 3.114838263925352573e+09
1.045090180360721455e+01 3.111218451025839329e+09
1.046392785571142348e+01 3.107591587111722469e+09
1.047695390781563063e+01 3.103958287422079086e+09
1.048997995991983956e+01 3.100317236711878300e+09
1.050300601202404849e+01 3.096666547336596489e+09
1.051603206412825742e+01 3.093006414156909943e+09
1.052905811623246635e+01 3.089339154559197426e+09
1.054208416833667350e+01 3.085665394151265621e+09
1.055511022044088243e+01 3.081983802540100574e+09
1.056813627254508958e+01 3.078292461544767380e+09
1.058116232464929851e+01 3.074591563108618259e+09
1.059418837675350744e+01 3.070883462557436466e+09
1.060721442885771637e+01 3.067168795843128204e+09
1.062024048096192530e+01 3.063446217597087383e+09
1.063326653306613245e+01 3.059713779349777699e+09
1.064629258517034138e+01 3.055971670031030655e+09
1.065931863727454854e+01 3.052222282724536419e+09
1.067234468937875747e+01 3.048466263743985653e+09
1.068537074148296639e+01 3.044702252854588032e+09
1.069839679358717532e+01 3.040928271467213154e+09
1.071142284569138425e+01 3.037144505446694374e+09
1.072444889779559141e+01 3.033353385549249649e+09
1.073747494989980034e+01 3.029555568510289192e+09
1.075050100200400749e+01 3.025749679302626610e+09
1.076352705410821642e+01 3.021933709349374771e+09
1.077655310621242535e+01 3.018107841370247841e+09
1.078957915831663428e+01 3.014274543724358082e+09
1.080260521042084321e+01 3.010434483667706490e+09
1.081563126252505036e+01 3.006586271450530052e+09
1.082865731462925929e+01 3.002727868623999119e+09
1.084168336673346644e+01 2.998859454686256409e+09
1.085470941883767537e+01 2.994983535553435326e+09
1.086773547094188430e+01 2.991100789090852261e+09
1.088076152304609323e+01 2.987209810823475838e+09
1.089378757515030216e+01 2.983308532482640743e+09
1.090681362725450931e+01 2.979397130303864479e+09
1.091983967935871647e+01 2.975478147818001270e+09
1.093286573146292540e+01 2.971552273665200710e+09
1.094589178356713433e+01 2.967618088675809383e+09
1.095891783567134325e+01 2.963673494829855919e+09
1.097194388777555218e+01 2.959718665102699757e+09
1.098496993987976111e+01 2.955756180779341221e+09
1.099799599198396827e+01 2.951786741492567062e+09
1.101102204408817542e+01 2.947808913372558594e+09
1.102404809619238435e+01 2.943820568654482841e+09
1.103707414829659328e+01 2.939821877022891521e+09
1.105010020040080221e+01 2.935815457634181976e+09
1.106312625250501114e+01 2.931802021263585567e+09
1.107615230460922007e+01 2.927780119229239464e+09
1.108917835671342722e+01 2.923747593908602238e+09
1.110220440881763437e+01 2.919704611612127781e+09
1.111523046092184330e+01 2.915653829539767742e+09
1.112825651302605223e+01 2.911595969815481663e+09
1.114128256513026116e+01 2.907529568876987934e+09
1.115430861723447009e+01 2.903452439191580772e+09
1.116733466933867724e+01 2.899364743695581436e+09
1.118036072144288617e+01 2.895269177858707428e+09
1.119338677354709333e+01 2.891166475360871315e+09
1.120641282565130226e+01 2.887055157616603851e+09
1.121943887775551119e+01 2.882933006987328529e+09
1.123246492985972012e+01 2.878800182921745300e+09
1.124549098196392904e+01 2.874659419377000332e+09
1.125851703406813620e+01 2.870511461795262337e+09
1.127154308617234513e+01 2.866354816398105621e+09
1.128456913827655228e+01 2.862187235231704712e+09
1.129759519038076121e+01 2.858008874227118015e+09
1.131062124248497014e+01 2.853822506168934345e+09
1.132364729458917907e+01 2.849628888515446663e+09
1.133667334669338800e+01 2.845426512158602715e+09
1.134969939879759515e+01 2.841213098656574249e+09
1.136272545090180408e+01 2.836988800423409462e+09
1.137575150300601123e+01 2.832756429484728813e+09
1.138877755511022016e+01 2.828516755650460243e+09
1.140180360721442909e+01 2.824268254365012169e+09
1.141482965931863802e+01 2.820008616466580868e+09
1.142785571142284695e+01 2.815737990841110229e+09
1.144088176352705410e+01 2.811459229169734478e+09
1.145390781563126303e+01 2.807173113860503674e+09
1.146693386773547019e+01 2.802878104675415993e+09
1.147995991983967912e+01 2.798571861403481007e+09
1.149298597194388805e+01 2.794254529322538376e+09
1.150601202404809698e+01 2.789929000209270477e+09
1.151903807615230590e+01 2.785596069351161957e+09
1.153206412825651306e+01 2.781254180627130508e+09
1.154509018036072199e+01 2.776900962467537880e+09
1.155811623246492914e+01 2.772536556513189316e+09
1.157114228456913807e+01 2.768163895136586189e+09
1.158416833667334700e+01 2.763783786826363564e+09
1.159719438877755593e+01 2.759394659343449116e+09
1.161022044088176486e+01 2.754994109355834961e+09
1.162324649298597201e+01 2.750582274817672729e+09
1.163627254509018094e+01 2.746162129269415855e+09
1.164929859719438809e+01 2.741734494738852501e+09
1.166232464929859702e+01 2.737297782686272621e+09
1.167535070140280595e+01 2.732849557683123589e+09
1.168837675350701488e+01 2.728389953999327660e+09
1.170140280561122381e+01 2.723921986962143421e+09
1.171442885771543096e+01 2.719446492496076107e+09
1.172745490981963989e+01 2.714961865519164562e+09
1.174048096192384705e+01 2.710465638102543354e+09
1.175350701402805598e+01 2.705957940827648640e+09
1.176653306613226491e+01 2.701441831509900093e+09
1.177955911823647384e+01 2.696918160373444557e+09
1.179258517034068277e+01 2.692385305577794552e+09
1.180561122244488992e+01 2.687840766241211891e+09
1.181863727454909885e+01 2.683284669211046219e+09
1.183166332665330600e+01 2.678720115463908195e+09
1.184468937875751493e+01 2.674147969862585068e+09
1.185771543086172386e+01 2.669566593517324448e+09
1.187074148296593279e+01 2.664973452092988968e+09
1.188376753507014172e+01 2.660368668635952950e+09
1.189679358717434887e+01 2.655755388000661850e+09
1.190981963927855780e+01 2.651134490055928707e+09
1.192284569138276495e+01 2.646504318553523064e+09
1.193587174348697388e+01 2.641862305145545483e+09
1.194889779559118281e+01 2.637208568999849319e+09
1.196192384769539174e+01 2.632546299591876507e+09
1.197494989979960067e+01 2.627876392148546219e+09
1.198797595190380783e+01 2.623197172764021873e+09
1.200100200400801675e+01 2.618506038541519642e+09
1.201402805611222391e+01 2.613803104755151272e+09
1.202705410821643284e+01 2.609091606374873161e+09
1.204008016032064177e+01 2.604372454453030109e+09
1.205310621242485070e+01 2.599643957171958923e+09
1.206613226452905785e+01 2.594903476537485600e+09
1.207915831663326678e+01 2.590151123917230129e+09
1.209218436873747571e+01 2.585390180691422462e+09
1.210521042084168286e+01 2.580621574193386555e+09
1.211823647294589179e+01 2.575843594397470951e+09
1.213126252505010072e+01 2.571053567605034828e+09
1.214428857715430965e+01 2.566251601197759151e+09
1.215731462925851680e+01 2.561441023844427109e+09
1.217034068136272573e+01 2.556622779549711704e+09
1.218336673346693466e+01 2.551795139735135555e+09
1.219639278557114181e+01 2.546955394360085011e+09
1.220941883767535074e+01 2.542103646801694393e+09
1.222244488977955967e+01 2.537243274046093941e+09
1.223547094188376860e+01 2.532375237311802864e+09
1.224849699398797576e+01 2.527497789219170094e+09
1.226152304609218469e+01 2.522608182768786430e+09
1.227454909819639362e+01 2.517706517307760715e+09
1.228757515030060077e+01 2.512796219144387245e+09
1.230060120240480970e+01 2.507878267136809349e+09
1.231362725450901863e+01 2.502950894700698376e+09
1.232665330661322756e+01 2.498011317119046688e+09
1.233967935871743471e+01 2.493059629566702366e+09
1.235270541082164364e+01 2.488099308653829098e+09
1.236573146292585257e+01 2.483131351298820972e+09
1.237875751503005972e+01 2.478153971308830738e+09
1.239178356713426865e+01 2.473164345485773087e+09
1.240480961923847758e+01 2.468162564775850773e+09
1.241783567134268651e+01 2.463152157230862617e+09
1.243086172344689366e+01 2.458134138372335911e+09
1.244388777555110259e+01 2.453106702089950085e+09
1.245691382765530975e+01 2.448066985997457981e+09
1.246993987975951867e+01 2.443015076802095413e+09
1.248296593186372760e+01 2.437954555204539299e+09
1.249599198396793653e+01 2.432886455905921936e+09
1.250901803607214546e+01 2.427808952557694435e+09
1.252204408817635262e+01 2.422719142834295750e+09
1.253507014028056155e+01 2.417617109129241467e+09
1.254809619238476870e+01 2.412506485967756748e+09
1.256112224448897763e+01 2.407388327725614071e+09
1.257414829659318656e+01 2.402260787368297577e+09
1.258717434869739549e+01 2.397120921712103367e+09
1.260020040080160442e+01 2.391968808657843113e+09
1.261322645290581157e+01 2.386808137703123093e+09
1.262625250501002050e+01 2.381639983364990711e+09
1.263927855711422765e+01 2.376462477492141724e+09
1.265230460921843658e+01 2.371272635226031303e+09
1.266533066132264551e+01 2.366070529994948864e+09
1.267835671342685444e+01 2.360859907695461750e+09
1.269138276553106337e+01 2.355641863675237656e+09
1.270440881763527052e+01 2.350414508352316856e+09
1.271743486973947945e+01 2.345174814377707958e+09
1.273046092184368661e+01 2.339922850668651581e+09
1.274348697394789554e+01 2.334662420907781601e+09
1.275651302605210446e+01 2.329394641900387287e+09
1.276953907815631339e+01 2.324117602234851837e+09
1.278256513026052232e+01 2.318828231127183437e+09
1.279559118236472948e+01 2.313526592822076797e+09
1.280861723446893841e+01 2.308216550063539028e+09
1.282164328657314556e+01 2.302899241551304340e+09
1.283466933867735449e+01 2.297572733457558632e+09
1.284769539078156342e+01 2.292233910516335011e+09
1.286072144288577235e+01 2.286882832180576801e+09
1.287374749498998128e+01 2.281523421792435169e+09
1.288677354709418843e+01 2.276156840787273407e+09
1.289979959919839736e+01 2.270781132751670361e+09
1.291282565130260451e+01 2.265393137197134018e+09
1.292585170340681344e+01 2.259992908853581905e+09
1.293887775551102237e+01 2.254584433229936600e+09
1.295190380761523130e+01 2.249168895079392910e+09
1.296492985971943845e+01 2.243744314793223381e+09
1.297795591182364738e+01 2.238307485457744122e+09
1.299098196392785631e+01 2.232858456821826458e+09
1.300400801603206347e+01 2.227401278027649403e+09
1.301703406813627240e+01 2.221937157773101807e+09
1.303006012024048133e+01 2.216464092807452202e+09
1.304308617234469025e+01 2.210978828803037643e+09
1.305611222444889741e+01 2.205481410484464645e+09
1.306913827655310634e+01 2.199975952295453072e+09
1.308216432865731527e+01 2.194463687601361752e+09
1.309519038076152242e+01 2.188942589019608021e+09
1.310821643286573135e+01 2.183409353681425571e+09
1.312124248496994028e+01 2.177864021139105320e+09
1.313426853707414921e+01 2.172310772783410549e+09
1.314729458917835636e+01 2.166750867322791576e+09
1.316032064128256529e+01 2.161182252730696201e+09
1.317334669338677422e+01 2.155601576447062969e+09
1.318637274549098137e+01 2.150008872662756920e+09
1.319939879759519030e+01 2.144408391389258385e+09
1.321242484969939923e+01 2.138801417385569811e+09
1.322545090180360816e+01 2.133185873460523844e+09
1.323847695390781531e+01 2.127558356184135199e+09
1.325150300601202424e+01 2.121918894256771088e+09
1.326452905811623317e+01 2.116271808096044064e+09
1.327755511022044033e+01 2.110618409260636568e+09
1.329058116232464926e+01 2.104956594870124102e+09
1.330360721442885819e+01 2.099282909407699347e+09
1.331663326653306711e+01 2.093597375928776741e+09
1.332965931863727427e+01 2.087904387085278034e+09
1.334268537074148320e+01 2.082205281949552536e+09
1.335571142284569213e+01 2.076497931327162981e+09
1.336873747494989928e+01 2.070778826300470352e+09
1.338176352705410821e+01 2.065047984122357607e+09
1.339478957915831714e+01 2.059309871670057058e+09
1.340781563126252607e+01 2.053565856481675863e+09
1.342084168336673322e+01 2.047813782692269087e+09
1.343386773547094215e+01 2.042050086893975973e+09
1.344689378757515108e+01 2.036274780482055426e+09
1.345991983967935823e+01 2.030492406507151842e+09
1.347294589178356716e+01 2.024704361639107943e+09
1.348597194388777609e+01 2.018908462529135942e+09
1.349899799599198502e+01 2.013101089674211025e+09
1.351202404809619217e+01 2.007282248232082367e+09
1.352505010020040110e+01 2.001456559384965181e+09
1.353807615230461003e+01 1.995625449835124254e+09
1.355110220440881719e+01 1.989786708268350363e+09
1.356412825651302612e+01 1.983936657815659285e+09
1.357715430861723505e+01 1.978075297299089670e+09
1.359018036072144398e+01 1.972207328202252865e+09
1.360320641282565113e+01 1.966334208182734728e+09
1.361623246492986006e+01 1.960453697411760807e+09
1.362925851703406721e+01 1.954562060287559986e+09
1.364228456913827614e+01 1.948659289138382196e+09
1.365531062124248507e+01 1.942750167918635845e+09
1.366833667334669400e+01 1.936836186066817999e+09
1.368136272545090293e+01 1.930915074458512783e+09
1.369438877755511008e+01 1.924983037079205990e+09
1.370741482965931901e+01 1.919040059370239496e+09
1.372044088176352616e+01 1.913091009835312128e+09
1.373346693386773509e+01 1.907137410436089754e+09
1.374649298597194402e+01 1.901176961971106768e+09
1.375951903807615295e+01 1.895205806439702034e+09
1.377254509018036188e+01 1.889223922204593897e+09
1.378557114228456904e+01 1.883236264732374430e+09
1.379859719438877796e+01 1.877244389603306532e+09
1.381162324649298512e+01 1.871245966992454767e+09
1.382464929859719405e+01 1.865237075395298004e+09
1.383767535070140298e+01 1.859217685849080086e+09
1.385070140280561191e+01 1.853192843169767618e+09
1.386372745490982084e+01 1.847164137555049658e+09
1.387675350701402799e+01 1.841129207887627363e+09
1.388977955911823692e+01 1.835084067495633841e+09
1.390280561122244407e+01 1.829028679772251606e+09
1.391583166332665300e+01 1.822968181216526747e+09
1.392885771543086193e+01 1.816904197467850924e+09
1.394188376753507086e+01 1.810834335257416010e+09
1.395490981963927979e+01 1.804754540970429420e+09
1.396793587174348694e+01 1.798664770052832603e+09
1.398096192384769587e+01 1.792570253259839773e+09
1.399398797595190302e+01 1.786472652771220922e+09
1.400701402805611195e+01 1.780369542409559250e+09
1.402004008016032088e+01 1.774256799768394709e+09
1.403306613226452981e+01 1.768134371993173361e+09
1.404609218436873697e+01 1.762007586703157663e+09
1.405911823647294590e+01 1.755878143622875452e+09
1.407214428857715482e+01 1.749743582865167618e+09
1.408517034068136198e+01 1.743599711396308422e+09
1.409819639278557091e+01 1.737446467648774385e+09
1.411122244488977984e+01 1.731289278650822163e+09
1.412424849699398877e+01 1.725129882592345953e+09
1.413727454909819592e+01 1.718965784901343107e+09
1.415030060120240485e+01 1.712792719862854719e+09
1.416332665330661378e+01 1.706610616731458664e+09
1.417635270541082093e+01 1.700425004628893137e+09
1.418937875751502986e+01 1.694237661241701365e+09
1.420240480961923879e+01 1.688046056419476032e+09
1.421543086172344772e+01 1.681845849739836454e+09
1.422845691382765487e+01 1.675636960850706100e+09
1.424148296593186380e+01 1.669425023785841465e+09
1.425450901803607273e+01 1.663211856840744495e+09
1.426753507014027988e+01 1.656994893422099829e+09
1.428056112224448881e+01 1.650769716335249901e+09
1.429358717434869774e+01 1.644536235145884514e+09
1.430661322645290667e+01 1.638300191690695286e+09
1.431963927855711383e+01 1.632063445993306398e+09
1.433266533066132276e+01 1.625823394007548094e+09
1.434569138276553169e+01 1.619575539486922264e+09
1.435871743486973884e+01 1.613319781364320040e+09
1.437174348697394777e+01 1.607061972193130732e+09
1.438476953907815670e+01 1.600804014732964516e+09
1.439779559118236563e+01 1.594543266417886972e+09
1.441082164328657278e+01 1.588275149688133478e+09
1.442384769539078171e+01 1.581999552290280819e+09
1.443687374749499064e+01 1.575722440507176876e+09
1.444989979959919779e+01 1.569445760913828135e+09
1.446292585170340672e+01 1.563166831265537500e+09
1.447595190380761565e+01 1.556880990191361666e+09
1.448897795591182458e+01 1.550588113520618916e+09
1.450200400801603173e+01 1.544294284320797205e+09
1.451503006012024066e+01 1.538001494161316156e+09
1.452805611222444959e+01 1.531707020101473808e+09
1.454108216432865675e+01 1.525406114606362343e+09
1.455410821643286567e+01 1.519098641070423126e+09
1.456713426853707460e+01 1.512790802636620283e+09
1.458016032064128353e+01 1.506484637056569815e+09
1.459318637274549069e+01 1.500177379558526516e+09
1.460621242484969962e+01 1.493864193928615808e+09
1.461923847695390855e+01 1.487544930473682642e+09
1.463226452905811570e+01 1.481225915760219097e+09
1.464529058116232463e+01 1.474909235076806068e+09
1.465831663326653356e+01 1.468592080778498173e+09
1.467134268537074249e+01 1.462269525396627665e+09
1.468436873747494964e+01 1.455941405541595697e+09
1.469739478957915857e+01 1.449614174719237089e+09
1.471042084168336750e+01 1.443289966925604582e+09
1.472344689378757465e+01 1.436965930306226492e+09
1.473647294589178358e+01 1.430637043307683468e+09
1.474949899799599251e+01 1.424303127926162481e+09
1.476252505010020144e+01 1.417970767953267336e+09
1.477555110220440859e+01 1.411642147297201395e+09
1.478857715430861752e+01 1.405314368637768984e+09
1.480160320641282645e+01 1.398982313501062870e+09
1.481462925851703361e+01 1.392645788359536648e+09
1.482765531062124253e+01 1.386311510691014767e+09
1.484068136272545146e+01 1.379981715279741526e+09
1.485370741482966039e+01 1.373653457557304144e+09
1.486673346693386755e+01 1.367321518678146601e+09
1.487975951903807648e+01 1.360985688392519951e+09
1.489278557114228541e+01 1.354652821357909679e+09
1.490581162324649256e+01 1.348325204351208687e+09
1.491883767535070149e+01 1.341999844098200083e+09
1.493186372745491042e+01 1.335671418329185247e+09
1.494488977955911757e+01 1.329339698975571156e+09
1.495791583166332650e+01 1.323011681437928677e+09
1.497094188376753543e+01 1.316689705647700548e+09
1.498396793587174258e+01 1.310370728015298843e+09
1.499699398797595151e+01 1.304049319432566643e+09
1.501002004008016044e+01 1.297725232934237003e+09
1.502304609218436937e+01 1.291405608507860899e+09
1.503607214428857652e+01 1.285092840515019417e+09
1.504909819639278545e+01 1.278783833566918612e+09
1.506212424849699438e+01 1.272473048494542837e+09
1.507515030060120154e+01 1.266160218428147078e+09
1.508817635270541047e+01 1.259852632008100748e+09
1.510120240480961940e+01 1.253552739389076948e+09
1.511422845691382832e+01 1.247257391799038172e+09
1.512725450901803548e+01 1.240960936632535458e+09
1.514028056112224441e+01 1.234663086056255341e+09
1.515330661322645334e+01 1.228371281616946697e+09
1.516633266533066049e+01 1.222088030899268150e+09
1.517935871743486942e+01 1.215810130345727682e+09
1.519238476953907835e+01 1.209531810404817581e+09
1.520541082164328728e+01 1.203252761033543587e+09
1.521843687374749443e+01 1.196980580690526485e+09
1.523146292585170336e+01 1.190717835444631815e+09
1.524448897795591229e+01 1.184461264944973230e+09
1.525751503006011944e+01 1.178204978724951982e+09
1.527054108216432837e+01 1.171948642945909977e+09
1.528356713426853730e+01 1.165700017066598892e+09
1.529659318637274623e+01 1.159461726802464724e+09
1.530961923847695338e+01 1.153230453027224064e+09
1.532264529058116231e+01 1.147000180379134178e+09
1.533567134268537124e+01 1.140770549757164240e+09
1.534869739478957840e+01 1.134549485935502052e+09
1.536172344689378733e+01 1.128339675577820539e+09
1.537474949899799626e+01 1.122137738788013697e+09
1.538777555110220518e+01 1.115937531085737228e+09
1.540080160320641234e+01 1.109738666400070429e+09
1.541382765531062127e+01 1.103549239140131235e+09
1.542685370741483020e+01 1.097371998091390371e+09
1.543987975951903735e+01 1.091203500434570789e+09
1.545290581162324628e+01 1.085037468198801517e+09
1.546593186372745521e+01 1.078873486530999184e+09
1.547895791583166414e+01 1.072719823889703751e+09
1.549198396793587129e+01 1.066579292509670973e+09
1.550501002004008022e+01 1.060448384670536757e+09
1.551803607214428915e+01 1.054320684727327824e+09
1.553106212424849630e+01 1.048195747607747197e+09
1.554408817635270523e+01 1.042082020804796338e+09
1.555711422845691416e+01 1.035982381667803407e+09
1.557014028056112309e+01 1.029893255737909436e+09
1.558316633266533024e+01 1.023808085476527572e+09
1.559619238476953917e+01 1.017726393991127014e+09
1.560921843687374810e+01 1.011656812854912639e+09
1.562224448897795526e+01 1.005602286021985531e+09
1.563527054108216419e+01 9.995591701094079018e+08
1.564829659318637312e+01 9.935207609832465649e+08
1.566132264529058205e+01 9.874865480113110542e+08
1.567434869739478920e+01 9.814653517742213011e+08
1.568737474949899813e+01 9.754601842510327101e+08
1.570040080160320706e+01 9.694673308249608278e+08
1.571342685370741421e+01 9.634799358570438623e+08
1.572645290581162314e+01 9.574974528400783539e+08
1.573947895791583207e+01 9.515288962985984087e+08
1.575250501002004100e+01 9.455773474899359941e+08
1.576553106212424815e+01 9.396390180217791796e+08
1.577855711422845708e+01 9.337068955544729233e+08
1.579158316633266601e+01 9.277803953987559080e+08
1.580460921843687316e+01 9.218687310991829634e+08
1.581763527054108209e+01 9.159750545008476973e+08
1.583066132264529102e+01 9.100955009775209427e+08
1.584368737474949818e+01 9.042228963909127712e+08
1.585671342685370711e+01 8.983566156442437172e+08
1.586973947895791603e+01 8.925060766360276937e+08
1.588276553106212496e+01 8.866745032686229944e+08
1.589579158316633212e+01 8.808579521421806812e+08
1.590881763527054105e+01 8.750490818924583197e+08
1.592184368737474998e+01 8.692472246245280504e+08
1.593486973947895713e+01 8.634620080528852940e+08
1.594789579158316606e+01 8.576967294911266565e+08
1.596092184368737499e+01 8.519473640564539433e+08
1.597394789579158392e+01 8.462063975507326126e+08
1.598697394789579107e+01 8.404731167990030050e+08
1.600000000000000000e+01 8.347573650654370785e+08
