# # logMh tA(yrs)
9.500000000000000000e+00 1.769818130663641989e+08
9.509018036072143687e+00 1.767962699511154592e+08
9.518036072144287374e+00 1.766105674713768065e+08
9.527054108216432837e+00 1.764246790521712303e+08
9.536072144288578301e+00 1.762386294417122006e+08
9.545090180360720211e+00 1.760524771759575903e+08
9.554108216432865675e+00 1.758662555510239601e+08
9.563126252505011138e+00 1.756799617904744446e+08
9.572144288577153048e+00 1.754935631822395623e+08
9.581162324649298512e+00 1.753070152582600415e+08
9.590180360721443975e+00 1.751202829700342417e+08
9.599198396793585886e+00 1.749333785785600245e+08
9.608216432865731349e+00 1.747463597297878861e+08
9.617234468937876812e+00 1.745592684013282955e+08
9.626252505010018723e+00 1.743721103768895566e+08
9.635270541082164186e+00 1.741848570199327171e+08
9.644288577154309650e+00 1.739974651575639546e+08
9.653306613226451560e+00 1.738098932363459766e+08
9.662324649298597024e+00 1.736221406776032746e+08
9.671342685370742487e+00 1.734342601508421302e+08
9.680360721442884397e+00 1.732463021122038960e+08
9.689378757515029861e+00 1.730582808626714051e+08
9.698396793587175324e+00 1.728701734998134375e+08
9.707414829659317235e+00 1.726819387051843703e+08
9.716432865731462698e+00 1.724935306326625347e+08
9.725450901803608161e+00 1.723049362291021049e+08
9.734468937875750072e+00 1.721161995229627788e+08
9.743486973947895535e+00 1.719273782041995823e+08
9.752505010020040999e+00 1.717384950424687862e+08
9.761523046092182909e+00 1.715495344670838714e+08
9.770541082164328373e+00 1.713604573788525760e+08
9.779559118236473836e+00 1.711712158617668450e+08
9.788577154308615746e+00 1.709817854301050901e+08
9.797595190380761210e+00 1.707921985970721841e+08
9.806613226452906673e+00 1.706025177645183504e+08
9.815631262525050360e+00 1.704127743956952095e+08
9.824649298597194047e+00 1.702229613742968738e+08
9.833667334669339510e+00 1.700330423757922649e+08
9.842685370741483197e+00 1.698429693866584897e+08
9.851703406813626884e+00 1.696527080685882270e+08
9.860721442885772348e+00 1.694622776673437655e+08
9.869739478957916035e+00 1.692717415177205205e+08
9.878757515030059722e+00 1.690811401775181592e+08
9.887775551102205185e+00 1.688904755392260551e+08
9.896793587174348872e+00 1.686997150339831710e+08
9.905811623246492559e+00 1.685088119838073850e+08
9.914829659318638022e+00 1.683177242381036878e+08
9.923847695390781709e+00 1.681264571092947125e+08
9.932865731462925396e+00 1.679350704145907164e+08
9.941883767535070859e+00 1.677436139459260702e+08
9.950901803607214546e+00 1.675520986426388919e+08
9.959919839679358233e+00 1.673604972220952213e+08
9.968937875751503697e+00 1.671687651038862169e+08
9.977955911823647384e+00 1.669768547370660305e+08
9.986973947895791071e+00 1.667847576568035185e+08
9.995991983967936534e+00 1.665925259096428156e+08
1.000501002004008022e+01 1.664002177931471169e+08
1.001402805611222391e+01 1.662078531125370264e+08
1.002304609218436937e+01 1.660154116369751692e+08
1.003206412825651306e+01 1.658228512111310065e+08
1.004108216432865675e+01 1.656301213767570555e+08
1.005010020040080221e+01 1.654372008331609964e+08
1.005911823647294590e+01 1.652441303249968886e+08
1.006813627254508958e+01 1.650509746201597750e+08
1.007715430861723505e+01 1.648577624446234703e+08
1.008617234468937873e+01 1.646644820387708843e+08
1.009519038076152242e+01 1.644710939955130219e+08
1.010420841683366788e+01 1.642775472689571679e+08
1.011322645290581157e+01 1.640838093046059012e+08
1.012224448897795526e+01 1.638899071176053286e+08
1.013126252505010072e+01 1.636959084684050977e+08
1.014028056112224441e+01 1.635018514025336206e+08
1.014929859719438809e+01 1.633077334274864793e+08
1.015831663326653356e+01 1.631135185812565684e+08
1.016733466933867724e+01 1.629191570481016040e+08
1.017635270541082093e+01 1.627246071001254618e+08
1.018537074148296639e+01 1.625298808993599117e+08
1.019438877755511008e+01 1.623350446008520424e+08
1.020340681362725377e+01 1.621401459837429821e+08
1.021242484969939923e+01 1.619451920308862627e+08
1.022144288577154292e+01 1.617501515007194281e+08
1.023046092184368661e+01 1.615549768671327531e+08
1.023947895791583207e+01 1.613596197609997392e+08
1.024849699398797576e+01 1.611640773928351104e+08
1.025751503006011944e+01 1.609684095147033334e+08
1.026653306613226491e+01 1.607726734593036175e+08
1.027555110220440859e+01 1.605768854470403194e+08
1.028456913827655228e+01 1.603810207597270608e+08
1.029358717434869774e+01 1.601850345426643789e+08
1.030260521042084143e+01 1.599888745081046522e+08
1.031162324649298512e+01 1.597925236781505942e+08
1.032064128256513058e+01 1.595960311981915236e+08
1.032965931863727427e+01 1.593994625292055905e+08
1.033867735470941795e+01 1.592028429851784408e+08
1.034769539078156342e+01 1.590061560822314322e+08
1.035671342685370711e+01 1.588093597727822959e+08
1.036573146292585079e+01 1.586124004770202637e+08
1.037474949899799626e+01 1.584152485573988557e+08
1.038376753507013994e+01 1.582179393857370317e+08
1.039278557114228363e+01 1.580205435816689134e+08
1.040180360721442909e+01 1.578230958377304077e+08
1.041082164328657278e+01 1.576255890161148310e+08
1.041983967935871647e+01 1.574279842646889687e+08
1.042885771543086193e+01 1.572302289113824964e+08
1.043787575150300562e+01 1.570322827510063052e+08
1.044689378757514930e+01 1.568341656343623698e+08
1.045591182364729477e+01 1.566359488673632443e+08
1.046492985971943845e+01 1.564376771088471115e+08
1.047394789579158214e+01 1.562393529980681539e+08
1.048296593186372760e+01 1.560409418354575336e+08
1.049198396793587129e+01 1.558423933023875654e+08
1.050100200400801498e+01 1.556436591840977669e+08
1.051002004008016044e+01 1.554447433779426515e+08
1.051903807615230413e+01 1.552457126640089154e+08
1.052805611222444782e+01 1.550466219907780886e+08
1.053707414829659328e+01 1.548474836012034118e+08
1.054609218436873697e+01 1.546482686137377918e+08
1.055511022044088065e+01 1.544489296317292452e+08
1.056412825651302612e+01 1.542494133178808987e+08
1.057314629258516980e+01 1.540497081405594349e+08
1.058216432865731349e+01 1.538498714726263583e+08
1.059118236472945895e+01 1.536499678349041343e+08
1.060020040080160264e+01 1.534500187334736288e+08
1.060921843687374633e+01 1.532500030428938866e+08
1.061823647294589179e+01 1.530498763364894986e+08
1.062725450901803548e+01 1.528495830301929116e+08
1.063627254509017916e+01 1.526490975596620739e+08
1.064529058116232463e+01 1.524484639649248719e+08
1.065430861723446831e+01 1.522477540303379595e+08
1.066332665330661200e+01 1.520469986000382900e+08
1.067234468937875747e+01 1.518461857878576815e+08
1.068136272545090115e+01 1.516452742281054854e+08
1.069038076152304662e+01 1.514442086558718383e+08
1.069939879759519030e+01 1.512429515245643556e+08
1.070841683366733399e+01 1.510415310367151201e+08
1.071743486973947945e+01 1.508400221731544435e+08
1.072645290581162314e+01 1.506384657324822545e+08
1.073547094188376683e+01 1.504368597773173153e+08
1.074448897795591229e+01 1.502351666121259332e+08
1.075350701402805598e+01 1.500333331707132161e+08
1.076252505010019966e+01 1.498313124445798099e+08
1.077154308617234513e+01 1.496291158820482194e+08
1.078056112224448881e+01 1.494268162822902501e+08
1.078957915831663250e+01 1.492244651113114953e+08
1.079859719438877796e+01 1.490220703877496421e+08
1.080761523046092165e+01 1.488195994610077739e+08
1.081663326653306711e+01 1.486170023776044250e+08
1.082565130260521080e+01 1.484142256140100658e+08
1.083466933867735449e+01 1.482112641128852665e+08
1.084368737474949995e+01 1.480081829802253246e+08
1.085270541082164364e+01 1.478050443560035229e+08
1.086172344689378733e+01 1.476018657558907568e+08
1.087074148296593279e+01 1.473986215928002298e+08
1.087975951903807648e+01 1.471952651305604279e+08
1.088877755511022016e+01 1.469917393976680040e+08
1.089779559118236563e+01 1.467880240090744793e+08
1.090681362725450931e+01 1.465841716948927045e+08
1.091583166332665300e+01 1.463802537472192049e+08
1.092484969939879846e+01 1.461762969804446399e+08
1.093386773547094215e+01 1.459722847262819707e+08
1.094288577154308584e+01 1.457681733338510394e+08
1.095190380761523130e+01 1.455639052699689567e+08
1.096092184368737499e+01 1.453594467610088587e+08
1.096993987975951867e+01 1.451548348257403672e+08
1.097895791583166414e+01 1.449501464909611046e+08
1.098797595190380783e+01 1.447454183415751159e+08
1.099699398797595151e+01 1.445406437118883133e+08
1.100601202404809698e+01 1.443357822837672532e+08
1.101503006012024066e+01 1.441307782876466811e+08
1.102404809619238435e+01 1.439255870110886097e+08
1.103306613226452981e+01 1.437202281711309850e+08
1.104208416833667350e+01 1.435147793141502738e+08
1.105110220440881719e+01 1.433092877274526656e+08
1.106012024048096265e+01 1.431037570068896413e+08
1.106913827655310634e+01 1.428981511597723961e+08
1.107815631262525002e+01 1.426924175660463572e+08
1.108717434869739549e+01 1.424865034596171975e+08
1.109619238476953917e+01 1.422804111558695436e+08
1.110521042084168286e+01 1.420742127343551815e+08
1.111422845691382832e+01 1.418679668255764246e+08
1.112324649298597201e+01 1.416616868649413586e+08
1.113226452905811570e+01 1.414553430682899058e+08
1.114128256513026116e+01 1.412488863103084862e+08
1.115030060120240485e+01 1.410422589640075862e+08
1.115931863727454854e+01 1.408354468370630443e+08
1.116833667334669400e+01 1.406285111055827141e+08
1.117735470941883769e+01 1.404215210932627618e+08
1.118637274549098137e+01 1.402144995914591551e+08
1.119539078156312684e+01 1.400074251770773530e+08
1.120440881763527052e+01 1.398002519914990366e+08
1.121342685370741421e+01 1.395929206762830019e+08
1.122244488977955967e+01 1.393854022776211798e+08
1.123146292585170336e+01 1.391777428862029612e+08
1.124048096192384705e+01 1.389700199219910502e+08
1.124949899799599251e+01 1.387622657081782818e+08
1.125851703406813620e+01 1.385544687150621116e+08
1.126753507014027988e+01 1.383465862545630634e+08
1.127655310621242535e+01 1.381385599806286097e+08
1.128557114228456904e+01 1.379303485177542865e+08
1.129458917835671272e+01 1.377219804411608875e+08
1.130360721442885819e+01 1.375135365614294708e+08
1.131262525050100187e+01 1.373050596751472950e+08
1.132164328657314556e+01 1.370965487322119772e+08
1.133066132264529102e+01 1.368879648003375232e+08
1.133967935871743471e+01 1.366792524658426940e+08
1.134869739478957840e+01 1.364703606994354427e+08
1.135771543086172386e+01 1.362612999497344196e+08
1.136673346693386755e+01 1.360521482513562739e+08
1.137575150300601123e+01 1.358429599659351707e+08
1.138476953907815670e+01 1.356337443043515086e+08
1.139378757515030038e+01 1.354244676299304664e+08
1.140280561122244407e+01 1.352150782320716977e+08
1.141182364729458953e+01 1.350055186343798041e+08
1.142084168336673322e+01 1.347957817364047170e+08
1.142985971943887691e+01 1.345859366598378420e+08
1.143887775551102237e+01 1.343760495421031415e+08
1.144789579158316606e+01 1.341661391837160289e+08
1.145691382765530975e+01 1.339561795182601959e+08
1.146593186372745521e+01 1.337461223953406662e+08
1.147494989979959890e+01 1.335359071992149651e+08
1.148396793587174258e+01 1.333255107552673817e+08
1.149298597194388805e+01 1.331149882560403049e+08
1.150200400801603173e+01 1.329044159618909508e+08
1.151102204408817542e+01 1.326938220609417558e+08
1.152004008016032088e+01 1.324831900449464172e+08
1.152905811623246457e+01 1.322724749787277877e+08
1.153807615230460826e+01 1.320616162014477104e+08
1.154709418837675372e+01 1.318505766475356817e+08
1.155611222444889741e+01 1.316393942131388783e+08
1.156513026052104109e+01 1.314281513770047575e+08
1.157414829659318656e+01 1.312168864336622208e+08
1.158316633266533024e+01 1.310055934569595605e+08
1.159218436873747393e+01 1.307942308980150968e+08
1.160120240480961940e+01 1.305827404885061979e+08
1.161022044088176308e+01 1.303710739143614173e+08
1.161923847695390677e+01 1.301592504209334105e+08
1.162825651302605223e+01 1.299473527525025755e+08
1.163727454909819592e+01 1.297354306162443161e+08
1.164629258517033961e+01 1.295234887559104413e+08
1.165531062124248507e+01 1.293114900922452658e+08
1.166432865731462876e+01 1.290993800918548107e+08
1.167334669338677244e+01 1.288871022915730774e+08
1.168236472945891791e+01 1.286746574907515496e+08
1.169138276553106159e+01 1.284621220273645371e+08
1.170040080160320528e+01 1.282495579559915364e+08
1.170941883767535074e+01 1.280369800405492336e+08
1.171843687374749443e+01 1.278243578004253060e+08
1.172745490981963812e+01 1.276116405886096358e+08
1.173647294589178358e+01 1.273987672144607455e+08
1.174549098196392727e+01 1.271857211763948351e+08
1.175450901803607096e+01 1.269725665621734411e+08
1.176352705410821642e+01 1.267593771362750381e+08
1.177254509018036011e+01 1.265461771015622318e+08
1.178156312625250557e+01 1.263329449359753281e+08
1.179058116232464926e+01 1.261196334387211353e+08
1.179959919839679294e+01 1.259061800375628620e+08
1.180861723446893841e+01 1.256925528945164680e+08
1.181763527054108209e+01 1.254787995291474909e+08
1.182665330661322578e+01 1.252650024976364672e+08
1.183567134268537124e+01 1.250511957590864152e+08
1.184468937875751493e+01 1.248373683028050065e+08
1.185370741482965862e+01 1.246234761653421819e+08
1.186272545090180408e+01 1.244094582995415181e+08
1.187174348697394777e+01 1.241952700438235253e+08
1.188076152304609145e+01 1.239809400448162705e+08
1.188977955911823692e+01 1.237665543169620782e+08
1.189879759519038060e+01 1.235521578421660364e+08
1.190781563126252607e+01 1.233377505888966024e+08
1.191683366733466976e+01 1.231232924393765032e+08
1.192585170340681344e+01 1.229087258326167762e+08
1.193486973947895891e+01 1.226939962185964882e+08
1.194388777555110259e+01 1.224791130307447761e+08
1.195290581162324628e+01 1.222641588605138063e+08
1.196192384769539174e+01 1.220491911306493878e+08
1.197094188376753543e+01 1.218342203797799051e+08
1.197995991983967912e+01 1.216192120603644103e+08
1.198897795591182458e+01 1.214041127460700870e+08
1.199799599198396827e+01 1.211888614263604283e+08
1.200701402805611195e+01 1.209734491202065200e+08
1.201603206412825742e+01 1.207579483662245274e+08
1.202505010020040110e+01 1.205424293695673048e+08
1.203406813627254479e+01 1.203269124057301432e+08
1.204308617234469025e+01 1.201113710242927521e+08
1.205210420841683394e+01 1.198957555964646935e+08
1.206112224448897763e+01 1.196800021735677719e+08
1.207014028056112309e+01 1.194640850283664912e+08
1.207915831663326678e+01 1.192480614020129889e+08
1.208817635270541047e+01 1.190320124504945278e+08
1.209719438877755593e+01 1.188159680220216811e+08
1.210621242484969962e+01 1.185999118555301726e+08
1.211523046092184330e+01 1.183837976342746764e+08
1.212424849699398877e+01 1.181675617560669184e+08
1.213326653306613245e+01 1.179511640996444225e+08
1.214228456913827614e+01 1.177346432364750206e+08
1.215130260521042160e+01 1.175180868886511028e+08
1.216032064128256529e+01 1.173015354424012303e+08
1.216933867735470898e+01 1.170849837842671871e+08
1.217835671342685444e+01 1.168683890628347695e+08
1.218737474949899813e+01 1.166516905689137429e+08
1.219639278557114181e+01 1.164348365816869885e+08
1.220541082164328728e+01 1.162178458524973392e+08
1.221442885771543096e+01 1.160008060327243209e+08
1.222344689378757465e+01 1.157837696777325869e+08
1.223246492985972012e+01 1.155667427803938985e+08
1.224148296593186380e+01 1.153496871476803422e+08
1.225050100200400749e+01 1.151325462664586306e+08
1.225951903807615295e+01 1.149152601157032996e+08
1.226853707414829664e+01 1.146978280470647514e+08
1.227755511022044033e+01 1.144803303833660781e+08
1.228657314629258579e+01 1.142628329987272769e+08
1.229559118236472948e+01 1.140453521620289981e+08
1.230460921843687316e+01 1.138278567146019042e+08
1.231362725450901863e+01 1.136102943276895881e+08
1.232264529058116231e+01 1.133926003214819580e+08
1.233166332665330600e+01 1.131747559530328810e+08
1.234068136272545146e+01 1.129568280500685424e+08
1.234969939879759515e+01 1.127388951084916294e+08
1.235871743486973884e+01 1.125209830373197049e+08
1.236773547094188430e+01 1.123030702507068068e+08
1.237675350701402799e+01 1.120851080061971396e+08
1.238577154308617168e+01 1.118670305150760710e+08
1.239478957915831714e+01 1.116488030743928999e+08
1.240380761523046083e+01 1.114304745734553337e+08
1.241282565130260451e+01 1.112121328783273101e+08
1.242184368737474998e+01 1.109938140128480643e+08
1.243086172344689366e+01 1.107755075234066099e+08
1.243987975951903735e+01 1.105571679898125231e+08
1.244889779559118281e+01 1.103387315768037140e+08
1.245791583166332650e+01 1.101201502916317284e+08
1.246693386773547019e+01 1.099014528722243756e+08
1.247595190380761565e+01 1.096827306216221601e+08
1.248496993987975934e+01 1.094640312415891886e+08
1.249398797595190302e+01 1.092453557879661620e+08
1.250300601202404849e+01 1.090266628263217211e+08
1.251202404809619217e+01 1.088078924799921364e+08
1.252104208416833586e+01 1.085889865739053488e+08
1.253006012024048133e+01 1.083699535638128966e+08
1.253907815631262501e+01 1.081508806517152488e+08
1.254809619238476870e+01 1.079318289035171270e+08
1.255711422845691416e+01 1.077128103298008591e+08
1.256613226452905785e+01 1.074937894024994075e+08
1.257515030060120154e+01 1.072747107399066091e+08
1.258416833667334700e+01 1.070555096458733529e+08
1.259318637274549069e+01 1.068361752354165912e+08
1.260220440881763437e+01 1.066167835472541600e+08
1.261122244488977984e+01 1.063974094107131064e+08
1.262024048096192352e+01 1.061780748341193795e+08
1.262925851703406721e+01 1.059587529602774084e+08
1.263827655310621267e+01 1.057393924056794494e+08
1.264729458917835636e+01 1.055199256913623512e+08
1.265631262525050005e+01 1.053003244201469570e+08
1.266533066132264551e+01 1.050806480001004934e+08
1.267434869739478920e+01 1.048609829779928327e+08
1.268336673346693289e+01 1.046413612653666437e+08
1.269238476953907835e+01 1.044217668574216962e+08
1.270140280561122204e+01 1.042021517869415283e+08
1.271042084168336572e+01 1.039824492714574188e+08
1.271943887775551119e+01 1.037626159231494218e+08
1.272845691382765487e+01 1.035426911036773622e+08
1.273747494989979856e+01 1.033227682120801359e+08
1.274649298597194402e+01 1.031028902750721425e+08
1.275551102204408771e+01 1.028830530437455475e+08
1.276452905811623317e+01 1.026632121365556419e+08
1.277354709418837686e+01 1.024433041219146103e+08
1.278256513026052055e+01 1.022232735755566657e+08
1.279158316633266601e+01 1.020031388162829727e+08
1.280060120240480970e+01 1.017829927808200568e+08
1.280961923847695338e+01 1.015628915274286419e+08
1.281863727454909885e+01 1.013428424168565422e+08
1.282765531062124253e+01 1.011228059698569477e+08
1.283667334669338622e+01 1.009027233663434982e+08
1.284569138276553169e+01 1.006825306720814407e+08
1.285470941883767537e+01 1.004622257381854653e+08
1.286372745490981906e+01 1.002418932243804485e+08
1.287274549098196452e+01 1.000216035422394574e+08
1.288176352705410821e+01 9.980137468563579023e+07
1.289078156312625190e+01 9.958117471842600405e+07
1.289979959919839736e+01 9.936094928221853077e+07
1.290881763527054105e+01 9.914062981965951622e+07
1.291783567134268473e+01 9.892019515906731784e+07
1.292685370741483020e+01 9.869971519671368599e+07
1.293587174348697388e+01 9.847927389881493151e+07
1.294488977955911757e+01 9.825889924199000001e+07
1.295390781563126303e+01 9.803856954083435237e+07
1.296292585170340672e+01 9.781823416851000488e+07
1.297194388777555041e+01 9.759782371313567460e+07
1.298096192384769587e+01 9.737730028751119971e+07
1.298997995991983956e+01 9.715671440560923517e+07
1.299899799599198325e+01 9.693615997602851689e+07
1.300801603206412871e+01 9.671567560376410186e+07
1.301703406813627240e+01 9.649525142066232860e+07
1.302605210420841608e+01 9.627484023551131785e+07
1.303507014028056155e+01 9.605437501052013040e+07
1.304408817635270523e+01 9.583380398674523830e+07
1.305310621242484892e+01 9.561315613265548646e+07
1.306212424849699438e+01 9.539252873680177331e+07
1.307114228456913807e+01 9.517197288773711026e+07
1.308016032064128176e+01 9.495149083804334700e+07
1.308917835671342722e+01 9.473103956927451491e+07
1.309819639278557091e+01 9.451055646532534063e+07
1.310721442885771459e+01 9.428997920578286052e+07
1.311623246492986006e+01 9.406931524848881364e+07
1.312525050100200374e+01 9.384865705061049759e+07
1.313426853707414921e+01 9.362807012065707147e+07
1.314328657314629289e+01 9.340756814328674972e+07
1.315230460921843658e+01 9.318711441791102290e+07
1.316132264529058205e+01 9.296665118023093045e+07
1.317034068136272573e+01 9.274610948239603639e+07
1.317935871743486942e+01 9.252547633081661165e+07
1.318837675350701488e+01 9.230483183660608530e+07
1.319739478957915857e+01 9.208425635682278872e+07
1.320641282565130226e+01 9.186377395785218477e+07
1.321543086172344772e+01 9.164335726928572357e+07
1.322444889779559141e+01 9.142295273439042270e+07
1.323346693386773509e+01 9.120248875941625237e+07
1.324248496993988056e+01 9.098193389601084590e+07
1.325150300601202424e+01 9.076135015862357616e+07
1.326052104208416793e+01 9.054083045485645533e+07
1.326953907815631339e+01 9.032040923084773123e+07
1.327855711422845708e+01 9.010007071950027347e+07
1.328757515030060077e+01 8.987976490250724554e+07
1.329659318637274623e+01 8.965942123989604414e+07
1.330561122244488992e+01 8.943899253785757720e+07
1.331462925851703361e+01 8.921851920818610489e+07
1.332364729458917907e+01 8.899810130829794705e+07
1.333266533066132276e+01 8.877778514069704711e+07
1.334168336673346644e+01 8.855756739834778011e+07
1.335070140280561191e+01 8.833740180072709918e+07
1.335971943887775559e+01 8.811722163786737621e+07
1.336873747494989928e+01 8.789696711892895401e+07
1.337775551102204474e+01 8.767665618406385183e+07
1.338677354709418843e+01 8.745638799594904482e+07
1.339579158316633212e+01 8.723622293709337711e+07
1.340480961923847758e+01 8.701616992734475434e+07
1.341382765531062127e+01 8.679618790533684194e+07
1.342284569138276495e+01 8.657621521718533337e+07
1.343186372745491042e+01 8.635618328416462243e+07
1.344088176352705410e+01 8.613608827849949896e+07
1.344989979959919779e+01 8.591602004112628102e+07
1.345891783567134325e+01 8.569605451458902657e+07
1.346793587174348694e+01 8.547621171200659871e+07
1.347695390781563063e+01 8.525645871151860058e+07
1.348597194388777609e+01 8.503673861023601890e+07
1.349498997995991978e+01 8.481697819855430722e+07
1.350400801603206347e+01 8.459715346492269635e+07
1.351302605210420893e+01 8.437733804122300446e+07
1.352204408817635262e+01 8.415762250163789093e+07
1.353106212424849630e+01 8.393803731701682508e+07
1.354008016032064177e+01 8.371856060275472701e+07
1.354909819639278545e+01 8.349913935240851343e+07
1.355811623246492914e+01 8.327969976645646989e+07
1.356713426853707460e+01 8.306020016132678092e+07
1.357615230460921829e+01 8.284069310891002417e+07
1.358517034068136198e+01 8.262127979137760401e+07
1.359418837675350744e+01 8.240200198878590763e+07
1.360320641282565113e+01 8.218285044225679338e+07
1.361222444889779482e+01 8.196377572068502009e+07
1.362124248496994028e+01 8.174470686013287306e+07
1.363026052104208397e+01 8.152558755413943529e+07
1.363927855711422765e+01 8.130644717152169347e+07
1.364829659318637312e+01 8.108739021617640555e+07
1.365731462925851680e+01 8.086847195940467715e+07
1.366633266533066049e+01 8.064969600412884355e+07
1.367535070140280595e+01 8.043101732469986379e+07
1.368436873747494964e+01 8.021236989105787873e+07
1.369338677354709333e+01 7.999368633773671091e+07
1.370240480961923879e+01 7.977497300545340776e+07
1.371142284569138248e+01 7.955632874076928198e+07
1.372044088176352616e+01 7.933782451725369692e+07
1.372945891783567163e+01 7.911947596102255583e+07
1.373847695390781531e+01 7.890124486466243863e+07
1.374749498997995900e+01 7.868307044684112072e+07
1.375651302605210446e+01 7.846487854194089770e+07
1.376553106212424815e+01 7.824665364446684718e+07
1.377454909819639362e+01 7.802848088291311264e+07
1.378356713426853730e+01 7.781044738906909525e+07
1.379258517034068099e+01 7.759257967984828353e+07
1.380160320641282645e+01 7.737484966082885861e+07
1.381062124248497014e+01 7.715720099779333174e+07
1.381963927855711383e+01 7.693955700901959836e+07
1.382865731462925929e+01 7.672188253701592982e+07
1.383767535070140298e+01 7.650424286835202575e+07
1.384669338677354666e+01 7.628673870549969375e+07
1.385571142284569213e+01 7.606940757837021351e+07
1.386472945891783581e+01 7.585223389559745789e+07
1.387374749498997950e+01 7.563516500805953145e+07
1.388276553106212496e+01 7.541812568977485597e+07
1.389178356713426865e+01 7.520106406297521293e+07
1.390080160320641234e+01 7.498402193080434203e+07
1.390981963927855780e+01 7.476710752243664861e+07
1.391883767535070149e+01 7.455037117523977160e+07
1.392785571142284518e+01 7.433381062070447206e+07
1.393687374749499064e+01 7.411737713363674283e+07
1.394589178356713433e+01 7.390099987253764272e+07
1.395490981963927801e+01 7.368461363028845191e+07
1.396392785571142348e+01 7.346823595704315603e+07
1.397294589178356716e+01 7.325197371388602257e+07
1.398196392785571085e+01 7.303589261620658636e+07
1.399098196392785631e+01 7.282000337750197947e+07
1.400000000000000000e+01 7.260426287368199229e+07
