# # logMh tA(yrs)
9.500000000000000000e+00 8.430374977577719092e+07
9.509018036072143687e+00 8.421033883409400284e+07
9.518036072144287374e+00 8.411685911922515929e+07
9.527054108216432837e+00 8.402329728259372711e+07
9.536072144288578301e+00 8.392966580956770480e+07
9.545090180360720211e+00 8.383599418032309413e+07
9.554108216432865675e+00 8.374229916224420071e+07
9.563126252505011138e+00 8.364857936838652194e+07
9.572144288577153048e+00 8.355481835538803041e+07
9.581162324649298512e+00 8.346099377565176785e+07
9.590180360721443975e+00 8.336708802930025756e+07
9.599198396793585886e+00 8.327310731221747398e+07
9.608216432865731349e+00 8.317908063385520875e+07
9.617234468937876812e+00 8.308502911333075166e+07
9.626252505010018723e+00 8.299095566790540516e+07
9.635270541082164186e+00 8.289684591555306315e+07
9.644288577154309650e+00 8.280267817702496052e+07
9.653306613226451560e+00 8.270843159744611382e+07
9.662324649298597024e+00 8.261410591645920277e+07
9.671342685370742487e+00 8.251972762044572830e+07
9.680360721442884397e+00 8.242532207106472552e+07
9.689378757515029861e+00 8.233089646117597818e+07
9.698396793587175324e+00 8.223643929973308742e+07
9.707414829659317235e+00 8.214192985559457541e+07
9.716432865731462698e+00 8.204734513505610824e+07
9.725450901803608161e+00 8.195267861552372575e+07
9.734468937875750072e+00 8.185795242491953075e+07
9.743486973947895535e+00 8.176319553557245433e+07
9.752505010020040999e+00 8.166841938451465964e+07
9.761523046092182909e+00 8.157361616860233247e+07
9.770541082164328373e+00 8.147876628631108999e+07
9.779559118236473836e+00 8.138384572377103567e+07
9.788577154308615746e+00 8.128884222914838791e+07
9.797595190380761210e+00 8.119377213760468364e+07
9.806613226452906673e+00 8.109866676132844388e+07
9.815631262525050360e+00 8.100354188729546964e+07
9.824649298597194047e+00 8.090839395697517693e+07
9.833667334669339510e+00 8.081320477509012818e+07
9.842685370741483197e+00 8.071795029791398346e+07
9.851703406813626884e+00 8.062261334574598074e+07
9.860721442885772348e+00 8.052720359259864688e+07
9.869739478957916035e+00 8.043175279309222102e+07
9.878757515030059722e+00 8.033628127778129280e+07
9.887775551102205185e+00 8.024079000337387621e+07
9.896793587174348872e+00 8.014526266993917525e+07
9.905811623246492559e+00 8.004967592159727216e+07
9.914829659318638022e+00 7.995400868065619469e+07
9.923847695390781709e+00 7.985826363769739866e+07
9.932865731462925396e+00 7.976247076100878417e+07
9.941883767535070859e+00 7.966665498695211112e+07
9.950901803607214546e+00 7.957082179897472262e+07
9.959919839679358233e+00 7.947495755531550944e+07
9.968937875751503697e+00 7.937903996807606518e+07
9.977955911823647384e+00 7.928304527478247881e+07
9.986973947895791071e+00 7.918696927235066891e+07
9.995991983967936534e+00 7.909083801846553385e+07
1.000501002004008022e+01 7.899468068313223124e+07
1.001402805611222391e+01 7.889850717848148942e+07
1.002304609218436937e+01 7.880230739924576879e+07
1.003206412825651306e+01 7.870606028746587038e+07
1.004108216432865675e+01 7.860974064656183124e+07
1.005010020040080221e+01 7.851333786185576022e+07
1.005911823647294590e+01 7.841687232237082720e+07
1.006813627254508958e+01 7.832037640752671659e+07
1.007715430861723505e+01 7.822386447813099623e+07
1.008617234468937873e+01 7.812733066850696504e+07
1.009519038076152242e+01 7.803075531004571915e+07
1.010420841683366788e+01 7.793411293293686211e+07
1.011322645290581157e+01 7.783738731170767546e+07
1.012224448897795526e+01 7.774059196422357857e+07
1.013126252505010072e+01 7.764376073758178949e+07
1.014028056112224441e+01 7.754691263284206390e+07
1.014929859719438809e+01 7.745004641395381093e+07
1.015831663326653356e+01 7.735314414716060460e+07
1.016733466933867724e+01 7.725618099689128995e+07
1.017635270541082093e+01 7.715913617429879308e+07
1.018537074148296639e+01 7.706201577721294761e+07
1.019438877755511008e+01 7.696485282446798682e+07
1.020340681362725377e+01 7.686767115598359704e+07
1.021242484969939923e+01 7.677047426131831110e+07
1.022144288577154292e+01 7.667324657460048795e+07
1.023046092184368661e+01 7.657596442159141600e+07
1.023947895791583207e+01 7.647860372000980377e+07
1.024849699398797576e+01 7.638116311119022965e+07
1.025751503006011944e+01 7.628367239627332985e+07
1.026653306613226491e+01 7.618616015600396693e+07
1.027555110220440859e+01 7.608863447904981673e+07
1.028456913827655228e+01 7.599108306157889962e+07
1.029358717434869774e+01 7.589348357886953652e+07
1.030260521042084143e+01 7.579581001672911644e+07
1.031162324649298512e+01 7.569805395267343521e+07
1.032064128256513058e+01 7.560023988266083598e+07
1.032965931863727427e+01 7.550240041048471630e+07
1.033867735470941795e+01 7.540454814445516467e+07
1.034769539078156342e+01 7.530667488874763250e+07
1.035671342685370711e+01 7.520875973344393075e+07
1.036573146292585079e+01 7.511077604263827205e+07
1.037474949899799626e+01 7.501270910265304148e+07
1.038376753507013994e+01 7.491457653800243139e+07
1.039278557114228363e+01 7.481641349145303667e+07
1.040180360721442909e+01 7.471823722497361898e+07
1.041082164328657278e+01 7.462004419651928544e+07
1.041983967935871647e+01 7.452181510172329843e+07
1.042885771543086193e+01 7.442352377759599686e+07
1.043787575150300562e+01 7.432515026989749074e+07
1.044689378757514930e+01 7.422670447500886023e+07
1.045591182364729477e+01 7.412822184771353006e+07
1.046492985971943845e+01 7.402972458768649399e+07
1.047394789579158214e+01 7.393121401275412738e+07
1.048296593186372760e+01 7.383267289689411223e+07
1.049198396793587129e+01 7.373407626724572480e+07
1.050100200400801498e+01 7.363540020839007199e+07
1.051002004008016044e+01 7.353664668713091314e+07
1.051903807615230413e+01 7.343784888192752004e+07
1.052805611222444782e+01 7.333903408210588992e+07
1.053707414829659328e+01 7.324020837094083428e+07
1.054609218436873697e+01 7.314135742380854487e+07
1.055511022044088065e+01 7.304245773803773522e+07
1.056412825651302612e+01 7.294348287631450593e+07
1.057314629258516980e+01 7.284442714970630407e+07
1.058216432865731349e+01 7.274531904292294383e+07
1.059118236472945895e+01 7.264619057024286687e+07
1.060020040080160264e+01 7.254705240329901874e+07
1.060921843687374633e+01 7.244789407487094402e+07
1.061823647294589179e+01 7.234869357376287878e+07
1.062725450901803548e+01 7.224942337068927288e+07
1.063627254509017916e+01 7.215007082627679408e+07
1.064529058116232463e+01 7.205065779415461421e+07
1.065430861723446831e+01 7.195121986112605035e+07
1.066332665330661200e+01 7.185177231640341878e+07
1.067234468937875747e+01 7.175230927821193635e+07
1.068136272545090115e+01 7.165281026941078901e+07
1.069038076152304662e+01 7.155324794143924117e+07
1.069939879759519030e+01 7.145360373191578686e+07
1.070841683366733399e+01 7.135389163477236032e+07
1.071743486973947945e+01 7.125414878948645294e+07
1.072645290581162314e+01 7.115439539997300506e+07
1.073547094188376683e+01 7.105463051305699348e+07
1.074448897795591229e+01 7.095483548456951976e+07
1.075350701402805598e+01 7.085498407636453211e+07
1.076252505010019966e+01 7.075505306029111147e+07
1.077154308617234513e+01 7.065504813077898324e+07
1.078056112224448881e+01 7.055500531703864038e+07
1.078957915831663250e+01 7.045495008168151975e+07
1.079859719438877796e+01 7.035488639509105682e+07
1.080761523046092165e+01 7.025479812270276248e+07
1.081663326653306711e+01 7.015466058666805923e+07
1.082565130260521080e+01 7.005444735784302652e+07
1.083466933867735449e+01 6.995415596845988929e+07
1.084368737474949995e+01 6.985381861576403677e+07
1.085270541082164364e+01 6.975346601499126852e+07
1.086172344689378733e+01 6.965310682474032044e+07
1.087074148296593279e+01 6.955272841284029186e+07
1.087975951903807648e+01 6.945230771067027748e+07
1.088877755511022016e+01 6.935181660834538937e+07
1.089779559118236563e+01 6.925124507180972397e+07
1.090681362725450931e+01 6.915061916116273403e+07
1.091583166332665300e+01 6.904997408361706138e+07
1.092484969939879846e+01 6.894932307993620634e+07
1.093386773547094215e+01 6.884865792981076241e+07
1.094288577154308584e+01 6.874795710594150424e+07
1.095190380761523130e+01 6.864719224470782280e+07
1.096092184368737499e+01 6.854634671564313769e+07
1.096993987975951867e+01 6.844543880726198852e+07
1.097895791583166414e+01 6.834450652521164715e+07
1.098797595190380783e+01 6.824356791706864536e+07
1.099699398797595151e+01 6.814261970095579326e+07
1.100601202404809698e+01 6.804164201028861105e+07
1.101503006012024066e+01 6.794060737434788048e+07
1.102404809619238435e+01 6.783949378526341915e+07
1.103306613226452981e+01 6.773831098990173638e+07
1.104208416833667350e+01 6.763709721757470071e+07
1.105110220440881719e+01 6.753587577331538498e+07
1.106012024048096265e+01 6.743464843248632550e+07
1.106913827655310634e+01 6.733339747535564005e+07
1.107815631262525002e+01 6.723209700501090288e+07
1.108717434869739549e+01 6.713072106635543704e+07
1.109619238476953917e+01 6.702927083046427369e+07
1.110521042084168286e+01 6.692778180284722149e+07
1.111422845691382832e+01 6.682628285202988237e+07
1.112324649298597201e+01 6.672478059398742765e+07
1.113226452905811570e+01 6.662326037876629084e+07
1.114128256513026116e+01 6.652169805031239241e+07
1.115030060120240485e+01 6.642006528398755193e+07
1.115931863727454854e+01 6.631835512994247675e+07
1.116833667334669400e+01 6.621659770083858073e+07
1.117735470941883769e+01 6.611482709901259840e+07
1.118637274549098137e+01 6.601305453473380208e+07
1.119539078156312684e+01 6.591126948065357655e+07
1.120440881763527052e+01 6.580944940640939027e+07
1.121342685370741421e+01 6.570756516014035791e+07
1.122244488977955967e+01 6.560560254360179603e+07
1.123146292585170336e+01 6.550358423132367432e+07
1.124048096192384705e+01 6.540154827406539023e+07
1.124949899799599251e+01 6.529951055469425023e+07
1.125851703406813620e+01 6.519746541373315454e+07
1.126753507014027988e+01 6.509539189649081975e+07
1.127655310621242535e+01 6.499326137267237157e+07
1.128557114228456904e+01 6.489105355728068203e+07
1.129458917835671272e+01 6.478878250703169405e+07
1.130360721442885819e+01 6.468648790414881706e+07
1.131262525050100187e+01 6.458419075791110098e+07
1.132164328657314556e+01 6.448189055563784391e+07
1.133066132264529102e+01 6.437956820278462768e+07
1.133967935871743471e+01 6.427719653155680746e+07
1.134869739478957840e+01 6.417475053875786811e+07
1.135771543086172386e+01 6.407223537890741229e+07
1.136673346693386755e+01 6.396968933865915984e+07
1.137575150300601123e+01 6.386713907977835089e+07
1.138476953907815670e+01 6.376458911997953802e+07
1.139378757515030038e+01 6.366202297645174712e+07
1.140280561122244407e+01 6.355941531898366660e+07
1.141182364729458953e+01 6.345673800606823713e+07
1.142084168336673322e+01 6.335398758888895810e+07
1.142985971943887691e+01 6.325119795433530957e+07
1.143887775551102237e+01 6.314840150963706523e+07
1.144789579158316606e+01 6.304560746510796249e+07
1.145691382765530975e+01 6.294280305900431424e+07
1.146593186372745521e+01 6.283996472542724013e+07
1.147494989979959890e+01 6.273706280965317041e+07
1.148396793587174258e+01 6.263408599691133201e+07
1.149298597194388805e+01 6.253106132696866244e+07
1.150200400801603173e+01 6.242802613308818638e+07
1.151102204408817542e+01 6.232499421097715199e+07
1.152004008016032088e+01 6.222195748588280380e+07
1.152905811623246457e+01 6.211889398433995992e+07
1.153807615230460826e+01 6.201577405462177843e+07
1.154709418837675372e+01 6.191257959783452004e+07
1.155611222444889741e+01 6.180932917234780639e+07
1.156513026052104109e+01 6.170606311929722130e+07
1.157414829659318656e+01 6.160280016301058978e+07
1.158316633266533024e+01 6.149953740773154795e+07
1.159218436873747393e+01 6.139625455329754204e+07
1.160120240480961940e+01 6.129292314213316143e+07
1.161022044088176308e+01 6.118951959453561157e+07
1.161923847695390677e+01 6.108605334105253220e+07
1.162825651302605223e+01 6.098256481726402789e+07
1.163727454909819592e+01 6.087907830524396896e+07
1.164629258517033961e+01 6.077559612172441930e+07
1.165531062124248507e+01 6.067210016592450440e+07
1.166432865731462876e+01 6.056856382759378105e+07
1.167334669338677244e+01 6.046495956906975061e+07
1.168236472945891791e+01 6.036128780945155770e+07
1.169138276553106159e+01 6.025758582254556566e+07
1.170040080160320528e+01 6.015388389417114109e+07
1.170941883767535074e+01 6.005018922713802010e+07
1.171843687374749443e+01 5.994648695473502576e+07
1.172745490981963812e+01 5.984275238452133536e+07
1.173647294589178358e+01 5.973895569670225680e+07
1.174549098196392727e+01 5.963508887351502478e+07
1.175450901803607096e+01 5.953118318349109590e+07
1.176352705410821642e+01 5.942727459433970600e+07
1.177254509018036011e+01 5.932337490291532874e+07
1.178156312625250557e+01 5.921947362082710117e+07
1.179058116232464926e+01 5.911554775549212098e+07
1.179959919839679294e+01 5.901156683929871768e+07
1.180861723446893841e+01 5.890751538988457620e+07
1.181763527054108209e+01 5.880341657815424353e+07
1.182665330661322578e+01 5.869931062197162211e+07
1.183567134268537124e+01 5.859521405842765421e+07
1.184468937875751493e+01 5.849112152555273473e+07
1.185370741482965862e+01 5.838701162594096363e+07
1.186272545090180408e+01 5.828285466016094387e+07
1.187174348697394777e+01 5.817862891771969944e+07
1.188076152304609145e+01 5.807434836503592134e+07
1.188977955911823692e+01 5.797005486712457985e+07
1.189879759519038060e+01 5.786577030898781121e+07
1.190781563126252607e+01 5.776149467321956158e+07
1.191683366733466976e+01 5.765720845069835335e+07
1.192585170340681344e+01 5.755288366238544881e+07
1.193486973947895891e+01 5.744849380812155455e+07
1.194388777555110259e+01 5.734404350110308081e+07
1.195290581162324628e+01 5.723957290539187938e+07
1.196192384769539174e+01 5.713510993337399513e+07
1.197094188376753543e+01 5.703065970369067788e+07
1.197995991983967912e+01 5.692620543014989048e+07
1.198897795591182458e+01 5.682172116596175730e+07
1.199799599198396827e+01 5.671717729519382119e+07
1.200701402805611195e+01 5.661256948273060471e+07
1.201603206412825742e+01 5.650793297504797578e+07
1.202505010020040110e+01 5.640330186664643139e+07
1.203406813627254479e+01 5.629868599833419174e+07
1.204308617234469025e+01 5.619407252857843041e+07
1.205210420841683394e+01 5.608943737547045201e+07
1.206112224448897763e+01 5.598474952240333706e+07
1.207014028056112309e+01 5.587999651170164347e+07
1.207915831663326678e+01 5.577520613669174910e+07
1.208817635270541047e+01 5.567041777396551520e+07
1.209719438877755593e+01 5.556564589835575968e+07
1.210621242484969962e+01 5.546088262043845654e+07
1.211523046092184330e+01 5.535610548440341651e+07
1.212424849699398877e+01 5.525128366802605242e+07
1.213326653306613245e+01 5.514639774611961097e+07
1.214228456913827614e+01 5.504146643794091791e+07
1.215130260521042160e+01 5.493653226725048572e+07
1.216032064128256529e+01 5.483161480229885131e+07
1.216933867735470898e+01 5.472671156092648208e+07
1.217835671342685444e+01 5.462180178482603282e+07
1.218737474949899813e+01 5.451685607921098918e+07
1.219639278557114181e+01 5.441184941747712344e+07
1.220541082164328728e+01 5.430679090427684039e+07
1.221442885771543096e+01 5.420172299118845910e+07
1.222344689378757465e+01 5.409667112025705725e+07
1.223246492985972012e+01 5.399163818664507568e+07
1.224148296593186380e+01 5.388660570398616791e+07
1.225050100200400749e+01 5.378154633280171454e+07
1.225951903807615295e+01 5.367643105168694258e+07
1.226853707414829664e+01 5.357125957161352038e+07
1.227755511022044033e+01 5.346607076128968596e+07
1.228657314629258579e+01 5.336089648173656315e+07
1.229559118236472948e+01 5.325574459406718612e+07
1.230460921843687316e+01 5.315060002859903127e+07
1.231362725450901863e+01 5.304543749166860431e+07
1.232264529058116231e+01 5.294022573458413035e+07
1.233166332665330600e+01 5.283495572255110741e+07
1.234068136272545146e+01 5.272965976798243076e+07
1.234969939879759515e+01 5.262437580213862658e+07
1.235871743486973884e+01 5.251911633586312085e+07
1.236773547094188430e+01 5.241387093610862643e+07
1.237675350701402799e+01 5.230861606240022928e+07
1.238577154308617168e+01 5.220331995713452250e+07
1.239478957915831714e+01 5.209796588641808182e+07
1.240380761523046083e+01 5.199257747323852032e+07
1.241282565130260451e+01 5.188719713807733357e+07
1.242184368737474998e+01 5.178184226220083982e+07
1.243086172344689366e+01 5.167650779317600280e+07
1.243987975951903735e+01 5.157117181317803264e+07
1.244889779559118281e+01 5.146580353402826935e+07
1.245791583166332650e+01 5.136037982488969713e+07
1.246693386773547019e+01 5.125491456790233403e+07
1.247595190380761565e+01 5.114945180297081918e+07
1.248496993987975934e+01 5.104401452665302157e+07
1.249398797595190302e+01 5.093860323902902007e+07
1.250300601202404849e+01 5.083319796191556752e+07
1.251202404809619217e+01 5.072776984115388244e+07
1.252104208416833586e+01 5.062229085825582594e+07
1.253006012024048133e+01 5.051676510931956023e+07
1.253907815631262501e+01 5.041123461877549440e+07
1.254809619238476870e+01 5.030572880046478659e+07
1.255711422845691416e+01 5.020025342955642194e+07
1.256613226452905785e+01 5.009479138901143521e+07
1.257515030060120154e+01 4.998931601330298185e+07
1.258416833667334700e+01 4.988379616801550984e+07
1.259318637274549069e+01 4.977822663431545347e+07
1.260220440881763437e+01 4.967264402554774284e+07
1.261122244488977984e+01 4.956708435306224972e+07
1.262024048096192352e+01 4.946155819697215408e+07
1.262925851703406721e+01 4.935605262626461685e+07
1.263827655310621267e+01 4.925054292097675800e+07
1.264729458917835636e+01 4.914499663458675891e+07
1.265631262525050005e+01 4.903940012978618592e+07
1.266533066132264551e+01 4.893378198971867561e+07
1.267434869739478920e+01 4.882818382715983689e+07
1.268336673346693289e+01 4.872262097300737351e+07
1.269238476953907835e+01 4.861708572312770039e+07
1.270140280561122204e+01 4.851155501990470290e+07
1.271042084168336572e+01 4.840599677901653945e+07
1.271943887775551119e+01 4.830039017162597179e+07
1.272845691382765487e+01 4.819475412450280786e+07
1.273747494989979856e+01 4.808913350435481220e+07
1.274649298597194402e+01 4.798354896632450819e+07
1.275551102204408771e+01 4.787799845731954277e+07
1.276452905811623317e+01 4.777246066044700146e+07
1.277354709418837686e+01 4.766690512713841349e+07
1.278256513026052055e+01 4.756130526824514568e+07
1.279158316633266601e+01 4.745566989364248514e+07
1.280060120240480970e+01 4.735004360767723620e+07
1.280961923847695338e+01 4.724445329953183979e+07
1.281863727454909885e+01 4.713890248653265089e+07
1.282765531062124253e+01 4.703337222099024057e+07
1.283667334669338622e+01 4.692783429157914221e+07
1.284569138276553169e+01 4.682225805052265525e+07
1.285470941883767537e+01 4.671664248511546105e+07
1.286372745490981906e+01 4.661102819124285132e+07
1.287274549098196452e+01 4.650544891420545429e+07
1.288176352705410821e+01 4.639991326348183304e+07
1.289078156312625190e+01 4.629440592183847725e+07
1.289979959919839736e+01 4.618890083917829394e+07
1.290881763527054105e+01 4.608336517867648602e+07
1.291783567134268473e+01 4.597778881515368074e+07
1.292685370741483020e+01 4.587220523667804152e+07
1.293587174348697388e+01 4.576665464939045161e+07
1.294488977955911757e+01 4.566115043424385041e+07
1.295390781563126303e+01 4.555568219408518821e+07
1.296292585170340672e+01 4.545022568651514500e+07
1.297194388777555041e+01 4.534474769339913875e+07
1.298096192384769587e+01 4.523923009792189300e+07
1.298997995991983956e+01 4.513369708332408220e+07
1.299899799599198325e+01 4.502819357624637336e+07
1.300801603206412871e+01 4.492273802934262156e+07
1.301703406813627240e+01 4.481732570568376034e+07
1.302605210420841608e+01 4.471193402578993887e+07
1.303507014028056155e+01 4.460653093466104567e+07
1.304408817635270523e+01 4.450109169807102531e+07
1.305310621242484892e+01 4.439563017742099613e+07
1.306212424849699438e+01 4.429019287429463863e+07
1.307114228456913807e+01 4.418480419047777355e+07
1.308016032064128176e+01 4.407946518379504979e+07
1.308917835671342722e+01 4.397415528693699092e+07
1.309819639278557091e+01 4.386884458393580467e+07
1.310721442885771459e+01 4.376350331638593227e+07
1.311623246492986006e+01 4.365813505938821286e+07
1.312525050100200374e+01 4.355278396541153640e+07
1.313426853707414921e+01 4.344748129903948307e+07
1.314328657314629289e+01 4.334223357342948020e+07
1.315230460921843658e+01 4.323702325374741852e+07
1.316132264529058205e+01 4.313182276426164061e+07
1.317034068136272573e+01 4.302659920883809030e+07
1.317935871743486942e+01 4.292134640041314811e+07
1.318837675350701488e+01 4.281610256170452386e+07
1.319739478957915857e+01 4.271090601183646172e+07
1.320641282565130226e+01 4.260576820843569189e+07
1.321543086172344772e+01 4.250067608008603007e+07
1.322444889779559141e+01 4.239560407972492278e+07
1.323346693386773509e+01 4.229051807731800526e+07
1.324248496993988056e+01 4.218540309317443520e+07
1.325150300601202424e+01 4.208028869041723758e+07
1.326052104208416793e+01 4.197521913449158520e+07
1.326953907815631339e+01 4.187021081765597314e+07
1.327855711422845708e+01 4.176525620662136376e+07
1.328757515030060077e+01 4.166033146054676920e+07
1.329659318637274623e+01 4.155540297974845022e+07
1.330561122244488992e+01 4.145044829810155928e+07
1.331462925851703361e+01 4.134548666563700140e+07
1.332364729458917907e+01 4.124056571183367819e+07
1.333266533066132276e+01 4.113570745762711763e+07
1.334168336673346644e+01 4.103091030540943146e+07
1.335070140280561191e+01 4.092615221240884811e+07
1.335971943887775559e+01 4.082140142918936908e+07
1.336873747494989928e+01 4.071662951468050480e+07
1.337775551102204474e+01 4.061184501125451922e+07
1.338677354709418843e+01 4.050709507990147918e+07
1.339579158316633212e+01 4.040240841758195311e+07
1.340480961923847758e+01 4.029778924058823287e+07
1.341382765531062127e+01 4.019321800534521043e+07
1.342284569138276495e+01 4.008866539196614176e+07
1.343186372745491042e+01 3.998409880577813089e+07
1.344088176352705410e+01 3.987951643536329269e+07
1.344989979959919779e+01 3.977496096972069144e+07
1.345891783567134325e+01 3.967046847284332663e+07
1.346793587174348694e+01 3.956604842584724724e+07
1.347695390781563063e+01 3.946168516698621213e+07
1.348597194388777609e+01 3.935735165644781291e+07
1.349498997995991978e+01 3.925301312742889673e+07
1.350400801603206347e+01 3.914865818560726196e+07
1.351302605210420893e+01 3.904432178659736365e+07
1.352204408817635262e+01 3.894004690720523894e+07
1.353106212424849630e+01 3.883584798231337219e+07
1.354008016032064177e+01 3.873171460001754761e+07
1.354909819639278545e+01 3.862762159090550244e+07
1.355811623246492914e+01 3.852353393696375191e+07
1.356713426853707460e+01 3.841943186968687922e+07
1.357615230460921829e+01 3.831534032472663373e+07
1.358517034068136198e+01 3.821130727089026570e+07
1.359418837675350744e+01 3.810735249176754802e+07
1.360320641282565113e+01 3.800347156875513494e+07
1.361222444889779482e+01 3.789964104728577286e+07
1.362124248496994028e+01 3.779582728200129420e+07
1.363026052104208397e+01 3.769200359023827314e+07
1.363927855711422765e+01 3.758818389038977772e+07
1.364829659318637312e+01 3.748441768208047003e+07
1.365731462925851680e+01 3.738073112176761776e+07
1.366633266533066049e+01 3.727712588502233475e+07
1.367535070140280595e+01 3.717358062225005776e+07
1.368436873747494964e+01 3.707006405165731162e+07
1.369338677354709333e+01 3.696654427613738179e+07
1.370240480961923879e+01 3.686302429949796200e+07
1.371142284569138248e+01 3.675955089938831329e+07
1.372044088176352616e+01 3.665615764012286067e+07
1.372945891783567163e+01 3.655285188362731040e+07
1.373847695390781531e+01 3.644961552312927693e+07
1.374749498997995900e+01 3.634641978489442170e+07
1.375651302605210446e+01 3.624322958113946766e+07
1.376553106212424815e+01 3.614003757960777730e+07
1.377454909819639362e+01 3.603688402908341587e+07
1.378356713426853730e+01 3.593381010406291485e+07
1.379258517034068099e+01 3.583082830738332123e+07
1.380160320641282645e+01 3.572792532667957991e+07
1.381062124248497014e+01 3.562507451275967062e+07
1.381963927855711383e+01 3.552223961727280915e+07
1.382865731462925929e+01 3.541940402710824460e+07
1.383767535070140298e+01 3.531659858114647865e+07
1.384669338677354666e+01 3.521387082773958147e+07
1.385571142284569213e+01 3.511123845933013409e+07
1.386472945891783581e+01 3.500869407800220698e+07
1.387374749498997950e+01 3.490621279546839744e+07
1.388276553106212496e+01 3.480375907994537055e+07
1.389178356713426865e+01 3.470130843788306415e+07
1.390080160320641234e+01 3.459888059626785666e+07
1.390981963927855780e+01 3.449652661355251819e+07
1.391883767535070149e+01 3.439427020951472968e+07
1.392785571142284518e+01 3.429211027681697160e+07
1.393687374749499064e+01 3.419002379768136144e+07
1.394589178356713433e+01 3.408797733686687052e+07
1.395490981963927801e+01 3.398594013354423642e+07
1.396392785571142348e+01 3.388392046399336308e+07
1.397294589178356716e+01 3.378196868802967668e+07
1.398196392785571085e+01 3.368011575838869065e+07
1.399098196392785631e+01 3.357836668640869856e+07
1.400000000000000000e+01 3.347670111205358058e+07
