# # logM dndlogM
9.500000000000000000e+00 1.548653700000000022e-01
9.509018036072143687e+00 1.508424452149729478e-01
9.518036072144287374e+00 1.469240236111670483e-01
9.527054108216432837e+00 1.430992599523988884e-01
9.536072144288578301e+00 1.393658992784722328e-01
9.545090180360720211e+00 1.357299394012126403e-01
9.554108216432865675e+00 1.321737495474470392e-01
9.563126252505011138e+00 1.287105089022055893e-01
9.572144288577153048e+00 1.253308831171926485e-01
9.581162324649298512e+00 1.220323957486518923e-01
9.590180360721443975e+00 1.188207187388177766e-01
9.599198396793585886e+00 1.156802690071141032e-01
9.608216432865731349e+00 1.126224197692763385e-01
9.617234468937876812e+00 1.096391244273857840e-01
9.626252505010018723e+00 1.067277468794209511e-01
9.635270541082164186e+00 1.038936785882651065e-01
9.644288577154309650e+00 1.011230459947166371e-01
9.653306613226451560e+00 9.842575611104668887e-02
9.662324649298597024e+00 9.579498379033599131e-02
9.671342685370742487e+00 9.322799721231325720e-02
9.680360721442884397e+00 9.072979732677813325e-02
9.689378757515029861e+00 8.828796185633736027e-02
9.698396793587175324e+00 8.591118428192266732e-02
9.707414829659317235e+00 8.359368154637773773e-02
9.716432865731462698e+00 8.133267253168098565e-02
9.725450901803608161e+00 7.913281839938648976e-02
9.734468937875750072e+00 7.698315628726513926e-02
9.743486973947895535e+00 7.489115282853066324e-02
9.752505010020040999e+00 7.285191069703680911e-02
9.761523046092182909e+00 7.086263714602343555e-02
9.770541082164328373e+00 6.892768213275114741e-02
9.779559118236473836e+00 6.703722572917941713e-02
9.788577154308615746e+00 6.519781173147841391e-02
9.797595190380761210e+00 6.340537328110802673e-02
9.806613226452906673e+00 6.165715638597889237e-02
9.815631262525050360e+00 5.995714143579986000e-02
9.824649298597194047e+00 5.829658741543062433e-02
9.833667334669339510e+00 5.668117331935459968e-02
9.842685370741483197e+00 5.510752411671344941e-02
9.851703406813626884e+00 5.357294546481611297e-02
9.860721442885772348e+00 5.208110020870438533e-02
9.869739478957916035e+00 5.062427555781334049e-02
9.878757515030059722e+00 4.920733211783840516e-02
9.887775551102205185e+00 4.782744576669192144e-02
9.896793587174348872e+00 4.648198258958041729e-02
9.905811623246492559e+00 4.517436946136748482e-02
9.914829659318638022e+00 4.389785413620018312e-02
9.923847695390781709e+00 4.265654259739051768e-02
9.932865731462925396e+00 4.144809717359310142e-02
9.941883767535070859e+00 4.026997257542019870e-02
9.950901803607214546e+00 3.912533510122830072e-02
9.959919839679358233e+00 3.800820651216626350e-02
9.968937875751503697e+00 3.692210832128533377e-02
9.977955911823647384e+00 3.586515187651470593e-02
9.986973947895791071e+00 3.483490938350421867e-02
9.995991983967936534e+00 3.383426106586631676e-02
1.000501002004008022e+01 3.285797695292901749e-02
1.001402805611222391e+01 3.190901820904407105e-02
1.002304609218436937e+01 3.098581452446517656e-02
1.003206412825651306e+01 3.008601471403271263e-02
1.004108216432865675e+01 2.921234426993384731e-02
1.005010020040080221e+01 2.836028604001716164e-02
1.005911823647294590e+01 2.753227497530963408e-02
1.006813627254508958e+01 2.672703244893797833e-02
1.007715430861723505e+01 2.594232435410504314e-02
1.008617234468937873e+01 2.518065536005056199e-02
1.009519038076152242e+01 2.443805450819770339e-02
1.010420841683366788e+01 2.371657473281644016e-02
1.011322645290581157e+01 2.301521333914856651e-02
1.012224448897795526e+01 2.233187177844213334e-02
1.013126252505010072e+01 2.166881921882835710e-02
1.014028056112224441e+01 2.102256684758164670e-02
1.014929859719438809e+01 2.039483969783517300e-02
1.015831663326653356e+01 1.978486340029210477e-02
1.016733466933867724e+01 1.919067101114562551e-02
1.017635270541082093e+01 1.861432380941217476e-02
1.018537074148296639e+01 1.805279121084440649e-02
1.019438877755511008e+01 1.750749127439663738e-02
1.020340681362725377e+01 1.697783077664209717e-02
1.021242484969939923e+01 1.646197244692945011e-02
1.022144288577154292e+01 1.596178807579469797e-02
1.023046092184368661e+01 1.547460693726349264e-02
1.023947895791583207e+01 1.500161879975994185e-02
1.024849699398797576e+01 1.454240396129362171e-02
1.025751503006011944e+01 1.409527120335571197e-02
1.026653306613226491e+01 1.366188635833179288e-02
1.027555110220440859e+01 1.323991366899047138e-02
1.028456913827655228e+01 1.283033529494837476e-02
1.029358717434869774e+01 1.243286239760091685e-02
1.030260521042084143e+01 1.204593309956003902e-02
1.031162324649298512e+01 1.167104562076355656e-02
1.032064128256513058e+01 1.130617932031170204e-02
1.032965931863727427e+01 1.095212571679509382e-02
1.033867735470941795e+01 1.060868929910842827e-02
1.034769539078156342e+01 1.027441910481637945e-02
1.035671342685370711e+01 9.950681461685215515e-03
1.036573146292585079e+01 9.635735630388150841e-03
1.037474949899799626e+01 9.330210318899441815e-03
1.038376753507013994e+01 9.033988613555771902e-03
1.039278557114228363e+01 8.745739986744638025e-03
1.040180360721442909e+01 8.466688545629912771e-03
1.041082164328657278e+01 8.195322717006547561e-03
1.041983967935871647e+01 7.932145431353083281e-03
1.042885771543086193e+01 7.677109371019187264e-03
1.043787575150300562e+01 7.429001964331599997e-03
1.044689378757514930e+01 7.188912847117081770e-03
1.045591182364729477e+01 6.955544375262371661e-03
1.046492985971943845e+01 6.729286106878938113e-03
1.047394789579158214e+01 6.510133208624238957e-03
1.048296593186372760e+01 6.296963165605368000e-03
1.049198396793587129e+01 6.090773235862936667e-03
1.050100200400801498e+01 5.890461277159737483e-03
1.051002004008016044e+01 5.696317902291375516e-03
1.051903807615230413e+01 5.508369214640079954e-03
1.052805611222444782e+01 5.325592050971987568e-03
1.053707414829659328e+01 5.148879747928989010e-03
1.054609218436873697e+01 4.977282810380600706e-03
1.055511022044088065e+01 4.811020822835169845e-03
1.056412825651302612e+01 4.650153001323632795e-03
1.057314629258516980e+01 4.493759597731131900e-03
1.058216432865731349e+01 4.342625998854800218e-03
1.059118236472945895e+01 4.195935955129210561e-03
1.060020040080160264e+01 4.053850811541217375e-03
1.060921843687374633e+01 3.916452132852876224e-03
1.061823647294589179e+01 3.782907702704323832e-03
1.062725450901803548e+01 3.653916912998406586e-03
1.063627254509017916e+01 3.528787797342552903e-03
1.064529058116232463e+01 3.407630333562955069e-03
1.065430861723446831e+01 3.290536322135626055e-03
1.066332665330661200e+01 3.176754175104460828e-03
1.067234468937875747e+01 3.066906455691027333e-03
1.068136272545090115e+01 2.960402762340698379e-03
1.069038076152304662e+01 2.857314965392931515e-03
1.069939879759519030e+01 2.757745398650962750e-03
1.070841683366733399e+01 2.661028225638370145e-03
1.071743486973947945e+01 2.567703030565464829e-03
1.072645290581162314e+01 2.477260906656471480e-03
1.073547094188376683e+01 2.389746154356211291e-03
1.074448897795591229e+01 2.305270989311605182e-03
1.075350701402805598e+01 2.223243989222811485e-03
1.076252505010019966e+01 2.144135704016026604e-03
1.077154308617234513e+01 2.067517097664195360e-03
1.078056112224448881e+01 1.993407342354858430e-03
1.078957915831663250e+01 1.921916802278314605e-03
1.079859719438877796e+01 1.852516423687570069e-03
1.080761523046092165e+01 1.785622091426642679e-03
1.081663326653306711e+01 1.720871855118051357e-03
1.082565130260521080e+01 1.658266383677189666e-03
1.083466933867735449e+01 1.597913541280119535e-03
1.084368737474949995e+01 1.539346057708732354e-03
1.085270541082164364e+01 1.482925217271211828e-03
1.086172344689378733e+01 1.428344387247742131e-03
1.087074148296593279e+01 1.375591199173336037e-03
1.087975951903807648e+01 1.324770875107171260e-03
1.088877755511022016e+01 1.275472299030278337e-03
1.089779559118236563e+01 1.228008266306401678e-03
1.090681362725450931e+01 1.182121582498995823e-03
1.091583166332665300e+01 1.137790000802769161e-03
1.092484969939879846e+01 1.095112611407323289e-03
1.093386773547094215e+01 1.053725591101898262e-03
1.094288577154308584e+01 1.013902688889827463e-03
1.095190380761523130e+01 9.754301775239945316e-04
1.096092184368737499e+01 9.382788976180202406e-04
1.096993987975951867e+01 9.025397661901384070e-04
1.097895791583166414e+01 8.678910965176858542e-04
1.098797595190380783e+01 8.345725957253745256e-04
1.099699398797595151e+01 8.024054943066386567e-04
1.100601202404809698e+01 7.713566979319909063e-04
1.101503006012024066e+01 7.415093237349826196e-04
1.102404809619238435e+01 7.125883447527092381e-04
1.103306613226452981e+01 6.847942420911356208e-04
1.104208416833667350e+01 6.579790086536797117e-04
1.105110220440881719e+01 6.321075317118658591e-04
1.106012024048096265e+01 6.072533111115835250e-04
1.106913827655310634e+01 5.831851704942587469e-04
1.107815631262525002e+01 5.600671809964486532e-04
1.108717434869739549e+01 5.377802677748645286e-04
1.109619238476953917e+01 5.162887275682464822e-04
1.110521042084168286e+01 4.956560628692104065e-04
1.111422845691382832e+01 4.756886892995086831e-04
1.112324649298597201e+01 4.565201180060964579e-04
1.113226452905811570e+01 4.380542831522262794e-04
1.114128256513026116e+01 4.202560511601315606e-04
1.115030060120240485e+01 4.031809648470758775e-04
1.115931863727454854e+01 3.866696693942216602e-04
1.116833667334669400e+01 3.708279562328834628e-04
1.117735470941883769e+01 3.555779962135829139e-04
1.118637274549098137e+01 3.408859094885303585e-04
1.119539078156312684e+01 3.268008834214324986e-04
1.120440881763527052e+01 3.131911283039989259e-04
1.121342685370741421e+01 3.001410095475315191e-04
1.122244488977955967e+01 2.875888263884739528e-04
1.123146292585170336e+01 2.755026895324259547e-04
1.124048096192384705e+01 2.639244816732640078e-04
1.124949899799599251e+01 2.527447652091643752e-04
1.125851703406813620e+01 2.420312422514772068e-04
1.126753507014027988e+01 2.317350292396020621e-04
1.127655310621242535e+01 2.218265334826360240e-04
1.128557114228456904e+01 2.123417038778632000e-04
1.129458917835671272e+01 2.031910000974326141e-04
1.130360721442885819e+01 1.944274273762780308e-04
1.131262525050100187e+01 1.860121656148309521e-04
1.132164328657314556e+01 1.779180461973654858e-04
1.133066132264529102e+01 1.701761336849019258e-04
1.133967935871743471e+01 1.627131757309338859e-04
1.134869739478957840e+01 1.555706201831758408e-04
1.135771543086172386e+01 1.487181819692565523e-04
1.136673346693386755e+01 1.421313588770805713e-04
1.137575150300601123e+01 1.358362703789744096e-04
1.138476953907815670e+01 1.297727086017671648e-04
1.139378757515030038e+01 1.239733299847162423e-04
1.140280561122244407e+01 1.184147657861414843e-04
1.141182364729458953e+01 1.130751720441664675e-04
1.142084168336673322e+01 1.079763528469889291e-04
1.142985971943887691e+01 1.030690732826461040e-04
1.143887775551102237e+01 9.837881875620309367e-05
1.144789579158316606e+01 9.388755234573902930e-05
1.145691382765530975e+01 8.957593083512685505e-05
1.146593186372745521e+01 8.546231299578127332e-05
1.147494989979959890e+01 8.150697934829724415e-05
1.148396793587174258e+01 7.772931491280985958e-05
1.149298597194388805e+01 7.411547806580318966e-05
1.150200400801603173e+01 7.064851005492144042e-05
1.151102204408817542e+01 6.734371960130804786e-05
1.152004008016032088e+01 6.416888152904164360e-05
1.152905811623246457e+01 6.113888002504451827e-05
1.153807615230460826e+01 5.824328055201029140e-05
1.154709418837675372e+01 5.546740501141920072e-05
1.155611222444889741e+01 5.282382773671995816e-05
1.156513026052104109e+01 5.028664580420076494e-05
1.157414829659318656e+01 4.786706713046278355e-05
1.158316633266533024e+01 4.555718772853820407e-05
1.159218436873747393e+01 4.334430759559998214e-05
1.160120240480961940e+01 4.123891518802164639e-05
1.161022044088176308e+01 3.922040912229843811e-05
1.161923847695390677e+01 3.729702335437011306e-05
1.162825651302605223e+01 3.546280744898866645e-05
1.163727454909819592e+01 3.370688669431955690e-05
1.164629258517033961e+01 3.203790935779671017e-05
1.165531062124248507e+01 3.043947208993708650e-05
1.166432865731462876e+01 2.891761694551270043e-05
1.167334669338677244e+01 2.746793360299129512e-05
1.168236472945891791e+01 2.608118722302750335e-05
1.169138276553106159e+01 2.476445213514499291e-05
1.170040080160320528e+01 2.350472669732661272e-05
1.170941883767535074e+01 2.230638110203779869e-05
1.171843687374749443e+01 2.116617626666638706e-05
1.172745490981963812e+01 2.007632735546990569e-05
1.173647294589178358e+01 1.904259489319016781e-05
1.174549098196392727e+01 1.805477589808413826e-05
1.175450901803607096e+01 1.711593528659256666e-05
1.176352705410821642e+01 1.622369568282667069e-05
1.177254509018036011e+01 1.537153105916583574e-05
1.178156312625250557e+01 1.456412717066754255e-05
1.179058116232464926e+01 1.379346794256908260e-05
1.179959919839679294e+01 1.306169134516292686e-05
1.180861723446893841e+01 1.236710806800244176e-05
1.181763527054108209e+01 1.170433046550875317e-05
1.182665330661322578e+01 1.107707241600612330e-05
1.183567134268537124e+01 1.047904244823481002e-05
1.184468937875751493e+01 9.911714617492714286e-06
1.185370741482965862e+01 9.373914720593567844e-06
1.186272545090180408e+01 8.861224022273303722e-06
1.187174348697394777e+01 8.376574090268913702e-06
1.188076152304609145e+01 7.915068780226065123e-06
1.188977955911823692e+01 7.477683333987377831e-06
1.189879759519038060e+01 7.063604911049958151e-06
1.190781563126252607e+01 6.669217175702510249e-06
1.191683366733466976e+01 6.296849596883029649e-06
1.192585170340681344e+01 5.942726098461310545e-06
1.193486973947895891e+01 5.607455822883894271e-06
1.194388777555110259e+01 5.290484999876302070e-06
1.195290581162324628e+01 4.988889978587278925e-06
1.196192384769539174e+01 4.704488004224604888e-06
1.197094188376753543e+01 4.434362939829914178e-06
1.197995991983967912e+01 4.178882853795971553e-06
1.198897795591182458e+01 3.937689062507167684e-06
1.199799599198396827e+01 3.708437846887377763e-06
1.200701402805611195e+01 3.492533576399331832e-06
1.201603206412825742e+01 3.287748671803278546e-06
1.202505010020040110e+01 3.094278578020660160e-06
1.203406813627254479e+01 2.911889601853010345e-06
1.204308617234469025e+01 2.738703037480961439e-06
1.205210420841683394e+01 2.575816858830953645e-06
1.206112224448897763e+01 2.421547978555121040e-06
1.207014028056112309e+01 2.275972392385655913e-06
1.207915831663326678e+01 2.138939442252890688e-06
1.208817635270541047e+01 2.008959013665843736e-06
1.209719438877755593e+01 1.886877318199466920e-06
1.210621242484969962e+01 1.771422305935360074e-06
1.211523046092184330e+01 1.662601248906414456e-06
1.212424849699398877e+01 1.560324813405025772e-06
1.213326653306613245e+01 1.463422775765346538e-06
1.214228456913827614e+01 1.372538719008907762e-06
1.215130260521042160e+01 1.286717693953220828e-06
1.216032064128256529e+01 1.205926218525875950e-06
1.216933867735470898e+01 1.130114534721270560e-06
1.217835671342685444e+01 1.058367595956552168e-06
1.218737474949899813e+01 9.911756142904003593e-07
1.219639278557114181e+01 9.278304216908751799e-07
1.220541082164328728e+01 8.682755490147973917e-07
1.221442885771543096e+01 8.124833532606671039e-07
1.222344689378757465e+01 7.597444833478478527e-07
1.223246492985972012e+01 7.104289308341013209e-07
1.224148296593186380e+01 6.640109807968419400e-07
1.225050100200400749e+01 6.204271370581716766e-07
1.225951903807615295e+01 5.796670285256920141e-07
1.226853707414829664e+01 5.411896154899667614e-07
1.227755511022044033e+01 5.052662744318868607e-07
1.228657314629258579e+01 4.715092905175566491e-07
1.229559118236472948e+01 4.398558749240382322e-07
1.230460921843687316e+01 4.103053851481242653e-07
1.231362725450901863e+01 3.824462489705671259e-07
1.232264529058116231e+01 3.564787074360617144e-07
1.233166332665330600e+01 3.321205232921238527e-07
1.234068136272545146e+01 3.093131885666018108e-07
1.234969939879759515e+01 2.880597252756454404e-07
1.235871743486973884e+01 2.680494457489836094e-07
1.236773547094188430e+01 2.494291949267891116e-07
1.237675350701402799e+01 2.319935833640695594e-07
1.238577154308617168e+01 2.156914773603072012e-07
1.239478957915831714e+01 2.005287464669960383e-07
1.240380761523046083e+01 1.862748957499406393e-07
1.241282565130260451e+01 1.730342277502944946e-07
1.242184368737474998e+01 1.606584163327760131e-07
1.243086172344689366e+01 1.491043365191334545e-07
1.243987975951903735e+01 1.383786753067685297e-07
1.244889779559118281e+01 1.283110524931507280e-07
1.245791583166332650e+01 1.189758910135704946e-07
1.246693386773547019e+01 1.102674899065750664e-07
1.247595190380761565e+01 1.021503156998462713e-07
1.248496993987975934e+01 9.463022191967154339e-08
1.249398797595190302e+01 8.758181222809820644e-08
1.250300601202404849e+01 8.105839421648005853e-08
1.251202404809619217e+01 7.498522042311656498e-08
1.252104208416833586e+01 6.933377439080902901e-08
1.253006012024048133e+01 6.410826352380188755e-08
1.253907815631262501e+01 5.921968017002751833e-08
1.254809619238476870e+01 5.470334739687590934e-08
1.255711422845691416e+01 5.050726749023633837e-08
1.256613226452905785e+01 4.660910833387833055e-08
1.257515030060120154e+01 4.301180973805717924e-08
1.258416833667334700e+01 3.965328459150171762e-08
1.259318637274549069e+01 3.655608230060481925e-08
1.260220440881763437e+01 3.368470371106667080e-08
1.261122244488977984e+01 3.102197381201471869e-08
1.262024048096192352e+01 2.856972908083419053e-08
1.262925851703406721e+01 2.628489407957839409e-08
1.263827655310621267e+01 2.418176533468130151e-08
1.264729458917835636e+01 2.223634659914092929e-08
1.265631262525050005e+01 2.043567452675869621e-08
1.266533066132264551e+01 1.878081867008412112e-08
1.267434869739478920e+01 1.724229433562042475e-08
1.268336673346693289e+01 1.582885715015610449e-08
1.269238476953907835e+01 1.452434355142803076e-08
1.270140280561122204e+01 1.331914350029656189e-08
1.271042084168336572e+01 1.221394846199780678e-08
1.271943887775551119e+01 1.118886399824380933e-08
1.272845691382765487e+01 1.024900772871291025e-08
1.273747494989979856e+01 9.383599171329045943e-09
1.274649298597194402e+01 8.585628390177740350e-09
1.275551102204408771e+01 7.855516151995534964e-09
1.276452905811623317e+01 7.179888489232446498e-09
1.277354709418837686e+01 6.561721016645482717e-09
1.278256513026052055e+01 5.993931495401580824e-09
1.279158316633266601e+01 5.471490930473956603e-09
1.280060120240480970e+01 4.994587112853487700e-09
1.280961923847695338e+01 4.554327897890368576e-09
1.281863727454909885e+01 4.152374768300988138e-09
1.282765531062124253e+01 3.784091570477558740e-09
1.283667334669338622e+01 3.445921002613654096e-09
1.284569138276553169e+01 3.137971514456554226e-09
1.285470941883767537e+01 2.854438605664771773e-09
1.286372745490981906e+01 2.596155986240599341e-09
1.287274549098196452e+01 2.360115243867960037e-09
1.288176352705410821e+01 2.143839559197777098e-09
1.289078156312625190e+01 1.947382894764460861e-09
1.289979959919839736e+01 1.766972465194519451e-09
1.290881763527054105e+01 1.603009011764390065e-09
1.291783567134268473e+01 1.453574627727893390e-09
1.292685370741483020e+01 1.316974646368718973e-09
1.293587174348697388e+01 1.193211676987757585e-09
1.294488977955911757e+01 1.079853432613783746e-09
1.295390781563126303e+01 9.770753722957954878e-10
1.296292585170340672e+01 8.836664464901744491e-10
1.297194388777555041e+01 7.984841167147770969e-10
1.298096192384769587e+01 7.215130631904687168e-10
1.298997995991983956e+01 6.512149735287064609e-10
1.299899799599198325e+01 5.876370731726832163e-10
1.300801603206412871e+01 5.300186899930953704e-10
1.301703406813627240e+01 4.776002119648389079e-10
1.302605210420841608e+01 4.303658847800813731e-10
1.303507014028056155e+01 3.873523037668789426e-10
1.304408817635270523e+01 3.485512833262574545e-10
1.305310621242484892e+01 3.134933461193327722e-10
1.306212424849699438e+01 2.816830083405485858e-10
1.307114228456913807e+01 2.531004825779619934e-10
1.308016032064128176e+01 2.271459732518805361e-10
1.308917835671342722e+01 2.037953444251119343e-10
1.309819639278557091e+01 1.827633373986405722e-10
1.310721442885771459e+01 1.637320294072560815e-10
1.311623246492986006e+01 1.466824683516505640e-10
1.312525050100200374e+01 1.312486211490266019e-10
1.313426853707414921e+01 1.174016551027663686e-10
1.314328657314629289e+01 1.049689356824713222e-10
1.315230460921843658e+01 9.374906727138203291e-11
1.316132264529058205e+01 8.372846268385650971e-11
1.317034068136272573e+01 7.468730735505300164e-11
1.317935871743486942e+01 6.659924292216957186e-11
1.318837675350701488e+01 5.936115713804830628e-11
1.319739478957915857e+01 5.284780700305355445e-11
1.320641282565130226e+01 4.704912841467918851e-11
1.321543086172344772e+01 4.183424076313123343e-11
1.322444889779559141e+01 3.718295205214901279e-11
1.323346693386773509e+01 3.303484410434618401e-11
1.324248496993988056e+01 2.931353241858825770e-11
1.325150300601202424e+01 2.601141934078593769e-11
1.326052104208416793e+01 2.305181686743707477e-11
1.326953907815631339e+01 2.042020438101649644e-11
1.327855711422845708e+01 1.808153213153845442e-11
1.328757515030060077e+01 1.598986432739121392e-11
1.329659318637274623e+01 1.414016021144651513e-11
1.330561122244488992e+01 1.248842070068448046e-11
1.331462925851703361e+01 1.102449592552940791e-11
1.332364729458917907e+01 9.728218389417261882e-12
1.333266533066132276e+01 8.572418399520413994e-12
1.334168336673346644e+01 7.553937861466780732e-12
1.335070140280561191e+01 6.647817027400046109e-12
1.335971943887775559e+01 5.847412026141482567e-12
1.336873747494989928e+01 5.141373844881536559e-12
1.337775551102204474e+01 4.514004798508827510e-12
1.338677354709418843e+01 3.963189594012242675e-12
1.339579158316633212e+01 3.474969419868156693e-12
1.340480961923847758e+01 3.045188074184633744e-12
1.341382765531062127e+01 2.667560373738373275e-12
1.342284569138276495e+01 2.333167049507790535e-12
1.343186372745491042e+01 2.040691762593515100e-12
1.344088176352705410e+01 1.782500794424089981e-12
1.344989979959919779e+01 1.556037134924041498e-12
1.345891783567134325e+01 1.357853653011947779e-12
1.346793587174348694e+01 1.182970254917357612e-12
1.347695390781563063e+01 1.030610788515461580e-12
1.348597194388777609e+01 8.966623385292937684e-13
1.349498997995991978e+01 7.796123187427428560e-13
1.350400801603206347e+01 6.776113021773890014e-13
1.351302605210420893e+01 5.879486099871164189e-13
1.352204408817635262e+01 5.101502393407499355e-13
1.353106212424849630e+01 4.420318537372856579e-13
1.354008016032064177e+01 3.827329397449375926e-13
1.354909819639278545e+01 3.312834963561900652e-13
1.355811623246492914e+01 2.862360836429417364e-13
1.356713426853707460e+01 2.473141477930912698e-13
1.357615230460921829e+01 2.133860306563869839e-13
1.358517034068136198e+01 1.839695581564908831e-13
1.359418837675350744e+01 1.585607440824542664e-13
1.360320641282565113e+01 1.364005619749721740e-13
1.361222444889779482e+01 1.173374495355121105e-13
1.362124248496994028e+01 1.007965919738836349e-13
1.363026052104208397e+01 8.651534739972391607e-14
1.363927855711422765e+01 7.423707674734310890e-14
1.364829659318637312e+01 6.357354568201478208e-14
1.365731462925851680e+01 5.444174107688018293e-14
1.366633266533066049e+01 4.655472122733369261e-14
1.367535070140280595e+01 3.977422436417385088e-14
1.368436873747494964e+01 3.397285439646449248e-14
1.369338677354709333e+01 2.895674983315018375e-14
1.370240480961923879e+01 2.468127497072721410e-14
1.371142284569138248e+01 2.100656815917104881e-14
1.372044088176352616e+01 1.786154205260306503e-14
1.372945891783567163e+01 1.518400630684118426e-14
1.373847695390781531e+01 1.287907132542302529e-14
1.374749498997995900e+01 1.092402590287393554e-14
1.375651302605210446e+01 9.252343936497002471e-15
1.376553106212424815e+01 7.828355104803791518e-15
1.377454909819639362e+01 6.622247458846882119e-15
1.378356713426853730e+01 5.588696452399460193e-15
1.379258517034068099e+01 4.716454380655377309e-15
1.380160320641282645e+01 3.974506352838192791e-15
1.381062124248497014e+01 3.345535335726348390e-15
1.381963927855711383e+01 2.815653568504738270e-15
1.382865731462925929e+01 2.363845843842125644e-15
1.383767535070140298e+01 1.984536462849467693e-15
1.384669338677354666e+01 1.663613801718693951e-15
1.385571142284569213e+01 1.392909056413831776e-15
1.386472945891783581e+01 1.166109282788378814e-15
1.387374749498997950e+01 9.736878068293420637e-16
1.388276553106212496e+01 8.130180928678423828e-16
1.389178356713426865e+01 6.778534638699983928e-16
1.390080160320641234e+01 5.644391483649677529e-16
1.390981963927855780e+01 4.699601303445810744e-16
1.391883767535070149e+01 3.902114543142590599e-16
1.392785571142284518e+01 3.239955248254917958e-16
1.393687374749499064e+01 2.686126474639024714e-16
1.394589178356713433e+01 2.223917556053106532e-16
1.395490981963927801e+01 1.841160786306140253e-16
1.396392785571142348e+01 1.519881066627496777e-16
1.397294589178356716e+01 1.254664162887900409e-16
1.398196392785571085e+01 1.034150294743966292e-16
1.399098196392785631e+01 8.511341702335401275e-17
1.400000000000000000e+01 7.005068599999990789e-17
