# # logM dndlogM
9.500000000000000000e+00 3.066842600000000418e-01
9.509018036072143687e+00 3.000733198859938944e-01
9.518036072144287374e+00 2.936048863655474905e-01
9.527054108216432837e+00 2.872682142974427033e-01
9.536072144288578301e+00 2.810605617963299885e-01
9.545090180360720211e+00 2.749870520498185478e-01
9.554108216432865675e+00 2.690303939698310831e-01
9.563126252505011138e+00 2.632025512998991124e-01
9.572144288577153048e+00 2.574939942246273761e-01
9.581162324649298512e+00 2.519017931483177875e-01
9.590180360721443975e+00 2.464310423332932154e-01
9.599198396793585886e+00 2.410660767718959263e-01
9.608216432865731349e+00 2.358175142570800575e-01
9.617234468937876812e+00 2.306768604948226664e-01
9.626252505010018723e+00 2.256410265163635853e-01
9.635270541082164186e+00 2.207151282453863050e-01
9.644288577154309650e+00 2.158847850083352449e-01
9.653306613226451560e+00 2.111595991600570821e-01
9.662324649298597024e+00 2.065321782677871365e-01
9.671342685370742487e+00 2.019993233002686794e-01
9.680360721442884397e+00 1.975659529473475784e-01
9.689378757515029861e+00 1.932187103511955051e-01
9.698396793587175324e+00 1.889664240158336894e-01
9.707414829659317235e+00 1.848026502454357678e-01
9.716432865731462698e+00 1.807241067903606335e-01
9.725450901803608161e+00 1.767355756629921115e-01
9.734468937875750072e+00 1.728249397460895065e-01
9.743486973947895535e+00 1.690000279205538247e-01
9.752505010020040999e+00 1.652552133510792332e-01
9.761523046092182909e+00 1.615871538668467167e-01
9.770541082164328373e+00 1.580005118465888092e-01
9.779559118236473836e+00 1.544839971593508776e-01
9.788577154308615746e+00 1.510448249482575223e-01
9.797595190380761210e+00 1.476782140309722269e-01
9.806613226452906673e+00 1.443808194410131363e-01
9.815631262525050360e+00 1.411570498684834862e-01
9.824649298597194047e+00 1.379964931079470658e-01
9.833667334669339510e+00 1.349056909774563884e-01
9.842685370741483197e+00 1.318805726673853707e-01
9.851703406813626884e+00 1.289178018958798688e-01
9.860721442885772348e+00 1.260215914256141156e-01
9.869739478957916035e+00 1.231824490131587652e-01
9.878757515030059722e+00 1.204061977613206380e-01
9.887775551102205185e+00 1.176893138780759768e-01
9.896793587174348872e+00 1.150284467148131595e-01
9.905811623246492559e+00 1.124277397634440567e-01
9.914829659318638022e+00 1.098786396493186546e-01
9.923847695390781709e+00 1.073862325333381912e-01
9.932865731462925396e+00 1.049475047117033183e-01
9.941883767535070859e+00 1.025591278004906182e-01
9.950901803607214546e+00 1.002251051522566327e-01
9.959919839679358233e+00 9.793758279788011833e-02
9.968937875751503697e+00 9.570112304813449544e-02
9.977955911823647384e+00 9.351323408958617245e-02
9.986973947895791071e+00 9.137065889038560595e-02
9.995991983967936534e+00 8.927717437368457021e-02
1.000501002004008022e+01 8.722568896807567085e-02
1.001402805611222391e+01 8.522018584413956765e-02
1.002304609218436937e+01 8.325850013932728499e-02
1.003206412825651306e+01 8.133735058544844243e-02
1.004108216432865675e+01 7.946053062677238543e-02
1.005010020040080221e+01 7.762175333191809190e-02
1.005911823647294590e+01 7.582439156794841539e-02
1.006813627254508958e+01 7.406661716521995009e-02
1.007715430861723505e+01 7.234520681093345451e-02
1.008617234468937873e+01 7.066380440788437578e-02
1.009519038076152242e+01 6.901667101110828262e-02
1.010420841683366788e+01 6.740678708087147197e-02
1.011322645290581157e+01 6.583268665050465152e-02
1.012224448897795526e+01 6.429124582905015872e-02
1.013126252505010072e+01 6.278589710601845120e-02
1.014028056112224441e+01 6.131139898642558317e-02
1.014929859719438809e+01 5.987038097722960361e-02
1.015831663326653356e+01 5.846168753850445460e-02
1.016733466933867724e+01 5.708228919503489235e-02
1.017635270541082093e+01 5.573543763339938034e-02
1.018537074148296639e+01 5.441642135505887073e-02
1.019438877755511008e+01 5.312749543194519863e-02
1.020340681362725377e+01 5.186775276919375344e-02
1.021242484969939923e+01 5.063425920582390743e-02
1.022144288577154292e+01 4.943009998392162985e-02
1.023046092184368661e+01 4.825093998771524256e-02
1.023947895791583207e+01 4.709877969740879078e-02
1.024849699398797576e+01 4.597298587910760015e-02
1.025751503006011944e+01 4.487077049924341476e-02
1.026653306613226491e+01 4.379498104583076645e-02
1.027555110220440859e+01 4.274166828532430240e-02
1.028456913827655228e+01 4.171257321459762024e-02
1.029358717434869774e+01 4.070727085999414213e-02
1.030260521042084143e+01 3.972308926175329574e-02
1.031162324649298512e+01 3.876270226820718867e-02
1.032064128256513058e+01 3.782256479551968087e-02
1.032965931863727427e+01 3.690414959469824618e-02
1.033867735470941795e+01 3.600717689638675140e-02
1.034769539078156342e+01 3.512905524935086565e-02
1.035671342685370711e+01 3.427234871156437795e-02
1.036573146292585079e+01 3.343388868768943506e-02
1.037474949899799626e+01 3.261490476308644137e-02
1.038376753507013994e+01 3.181525110276685331e-02
1.039278557114228363e+01 3.103245563695126649e-02
1.040180360721442909e+01 3.026892039131490186e-02
1.041082164328657278e+01 2.952177500570268495e-02
1.041983967935871647e+01 2.879206278251384907e-02
1.042885771543086193e+01 2.807977137936167739e-02
1.043787575150300562e+01 2.738255738504738121e-02
1.044689378757514930e+01 2.670265504713156476e-02
1.045591182364729477e+01 2.603750311486523542e-02
1.046492985971943845e+01 2.538795702091271519e-02
1.047394789579158214e+01 2.475408200197263750e-02
1.048296593186372760e+01 2.413359856987787322e-02
1.049198396793587129e+01 2.352866811565061320e-02
1.050100200400801498e+01 2.293703680267877160e-02
1.051002004008016044e+01 2.235938040425869411e-02
1.051903807615230413e+01 2.179582440990921605e-02
1.052805611222444782e+01 2.124419579659734408e-02
1.053707414829659328e+01 2.070652830360370650e-02
1.054609218436873697e+01 2.018079278020867839e-02
1.055511022044088065e+01 1.966753877206935466e-02
1.056412825651302612e+01 1.916697269866337802e-02
1.057314629258516980e+01 1.867705865000819643e-02
1.058216432865731349e+01 1.819966696358742489e-02
1.059118236472945895e+01 1.773297379222586734e-02
1.060020040080160264e+01 1.727741744991838704e-02
1.060921843687374633e+01 1.683326398844348787e-02
1.061823647294589179e+01 1.639858241176315318e-02
1.062725450901803548e+01 1.597512551932921479e-02
1.063627254509017916e+01 1.556128358370551662e-02
1.064529058116232463e+01 1.515738490667585016e-02
1.065430861723446831e+01 1.476372601321360514e-02
1.066332665330661200e+01 1.437847649333406398e-02
1.067234468937875747e+01 1.400327980106956006e-02
1.068136272545090115e+01 1.363669895750336224e-02
1.069038076152304662e+01 1.327897733940469442e-02
1.069939879759519030e+01 1.293045054321260122e-02
1.070841683366733399e+01 1.258942500267314600e-02
1.071743486973947945e+01 1.225739361271728847e-02
1.072645290581162314e+01 1.193305315410318063e-02
1.073547094188376683e+01 1.161658251381180763e-02
1.074448897795591229e+01 1.130836034135505180e-02
1.075350701402805598e+01 1.100680955724250495e-02
1.076252505010019966e+01 1.071329998093144276e-02
1.077154308617234513e+01 1.042668385878016586e-02
1.078056112224448881e+01 1.014707211720925276e-02
1.078957915831663250e+01 9.874849674948548220e-03
1.079859719438877796e+01 9.608530036079612063e-03
1.080761523046092165e+01 9.349392901489984864e-03
1.081663326653306711e+01 9.096424264932317927e-03
1.082565130260521080e+01 8.849680293785109481e-03
1.083466933867735449e+01 8.609552425198797529e-03
1.084368737474949995e+01 8.374660923347371569e-03
1.085270541082164364e+01 8.146177886758422873e-03
1.086172344689378733e+01 7.923200488390654342e-03
1.087074148296593279e+01 7.705741824138047195e-03
1.087975951903807648e+01 7.494201235522845832e-03
1.088877755511022016e+01 7.287301104554371606e-03
1.089779559118236563e+01 7.086113078565364071e-03
1.090681362725450931e+01 6.889842920111978117e-03
1.091583166332665300e+01 6.698466080909309776e-03
1.092484969939879846e+01 6.512376462489770715e-03
1.093386773547094215e+01 6.330378806741514958e-03
1.094288577154308584e+01 6.153467335259277075e-03
1.095190380761523130e+01 5.980950988934263107e-03
1.096092184368737499e+01 5.812774061561542041e-03
1.096993987975951867e+01 5.649315727273265288e-03
1.097895791583166414e+01 5.489456400869724764e-03
1.098797595190380783e+01 5.334120631914917449e-03
1.099699398797595151e+01 5.182700397808699330e-03
1.100601202404809698e+01 5.035116923185254875e-03
1.101503006012024066e+01 4.891736061159533862e-03
1.102404809619238435e+01 4.751548930963706702e-03
1.103306613226452981e+01 4.615374854500758559e-03
1.104208416833667350e+01 4.482683893938385448e-03
1.105110220440881719e+01 4.353379471135815360e-03
1.106012024048096265e+01 4.227804874962068880e-03
1.106913827655310634e+01 4.105062670106522822e-03
1.107815631262525002e+01 3.985868159911852907e-03
1.108717434869739549e+01 3.869774353621851723e-03
1.109619238476953917e+01 3.756671415164163520e-03
1.110521042084168286e+01 3.646874166785220219e-03
1.111422845691382832e+01 3.539586641138403166e-03
1.112324649298597201e+01 3.435430637375590842e-03
1.113226452905811570e+01 3.334026797334859946e-03
1.114128256513026116e+01 3.235256049422034763e-03
1.115030060120240485e+01 3.139411390960896407e-03
1.115931863727454854e+01 3.045801042105066719e-03
1.116833667334669400e+01 2.954950873776017277e-03
1.117735470941883769e+01 2.866536290246240928e-03
1.118637274549098137e+01 2.780431522851310733e-03
1.119539078156312684e+01 2.696913162959164393e-03
1.120440881763527052e+01 2.615374862183363069e-03
1.121342685370741421e+01 2.536265950431963821e-03
1.122244488977955967e+01 2.459316454615129849e-03
1.123146292585170336e+01 2.384398023045839355e-03
1.124048096192384705e+01 2.311761840016895737e-03
1.124949899799599251e+01 2.240872335519826421e-03
1.125851703406813620e+01 2.172117145655015711e-03
1.126753507014027988e+01 2.105271473905702146e-03
1.127655310621242535e+01 2.040206328664375800e-03
1.128557114228456904e+01 1.977152075214335444e-03
1.129458917835671272e+01 1.915643671636010990e-03
1.130360721442885819e+01 1.856007578334572519e-03
1.131262525050100187e+01 1.798055555773023098e-03
1.132164328657314556e+01 1.741659291319459660e-03
1.133066132264529102e+01 1.687031903602818515e-03
1.133967935871743471e+01 1.633768678890250509e-03
1.134869739478957840e+01 1.582145070591766669e-03
1.135771543086172386e+01 1.532007132260803598e-03
1.136673346693386755e+01 1.483230065467989849e-03
1.137575150300601123e+01 1.436005995521477934e-03
1.138476953907815670e+01 1.389979708670341981e-03
1.139378757515030038e+01 1.345386137183881507e-03
1.140280561122244407e+01 1.302101144902847486e-03
1.141182364729458953e+01 1.260004799724125145e-03
1.142084168336673322e+01 1.219269410477553679e-03
1.142985971943887691e+01 1.179584443475634051e-03
1.143887775551102237e+01 1.141148914484844219e-03
1.144789579158316606e+01 1.103862587724098714e-03
1.145691382765530975e+01 1.067610716028171954e-03
1.146593186372745521e+01 1.032549389438189389e-03
1.147494989979959890e+01 9.984111611660855153e-04
1.148396793587174258e+01 9.653608657139515483e-04
1.149298597194388805e+01 9.333181866344594443e-04
1.150200400801603173e+01 9.021744296981485355e-04
1.151102204408817542e+01 8.720699041943735103e-04
1.152004008016032088e+01 8.427719667301835065e-04
1.152905811623246457e+01 8.144188960807899943e-04
1.153807615230460826e+01 7.869480624509241941e-04
1.154709418837675372e+01 7.602579140028221808e-04
1.155611222444889741e+01 7.344729892386922749e-04
1.156513026052104109e+01 7.093928012885719397e-04
1.157414829659318656e+01 6.851315812874999699e-04
1.158316633266533024e+01 6.616401356198964041e-04
1.159218436873747393e+01 6.388231789782042791e-04
1.160120240480961940e+01 6.167930753134671885e-04
1.161022044088176308e+01 5.953789247229547077e-04
1.161923847695390677e+01 5.746733375102856074e-04
1.162825651302605223e+01 5.546381082643783494e-04
1.163727454909819592e+01 5.351847423719970640e-04
1.164629258517033961e+01 5.164136834450118105e-04
1.165531062124248507e+01 4.981786309763092330e-04
1.166432865731462876e+01 4.805549458738255062e-04
1.167334669338677244e+01 4.635138076321099307e-04
1.168236472945891791e+01 4.469736276970041064e-04
1.169138276553106159e+01 4.310236730103858614e-04
1.170040080160320528e+01 4.155390608384505226e-04
1.170941883767535074e+01 4.005806549179585048e-04
1.171843687374749443e+01 3.861272033350747414e-04
1.172745490981963812e+01 3.721039157863497869e-04
1.173647294589178358e+01 3.585899230813306433e-04
1.174549098196392727e+01 3.454796820742486881e-04
1.175450901803607096e+01 3.328213751336070838e-04
1.176352705410821642e+01 3.205994943814898727e-04
1.177254509018036011e+01 3.087457036748677500e-04
1.178156312625250557e+01 2.973301929923196090e-04
1.179058116232464926e+01 2.862633566793664147e-04
1.179959919839679294e+01 2.755834501593991577e-04
1.180861723446893841e+01 2.652801064135327245e-04
1.181763527054108209e+01 2.552919122114540441e-04
1.182665330661322578e+01 2.456797885137460002e-04
1.183567134268537124e+01 2.363675078522092018e-04
1.184468937875751493e+01 2.273854066158913266e-04
1.185370741482965862e+01 2.187272404083664403e-04
1.186272545090180408e+01 2.103380676437168991e-04
1.187174348697394777e+01 2.022706573607045526e-04
1.188076152304609145e+01 1.944606666837014951e-04
1.188977955911823692e+01 1.869316695586562026e-04
1.189879759519038060e+01 1.796803369223319807e-04
1.190781563126252607e+01 1.726574278079072607e-04
1.191683366733466976e+01 1.659090131277344410e-04
1.192585170340681344e+01 1.593812337386975840e-04
1.193486973947895891e+01 1.530919820624676174e-04
1.194388777555110259e+01 1.470400896562796080e-04
1.195290581162324628e+01 1.411819560543048585e-04
1.196192384769539174e+01 1.355572127432273755e-04
1.197094188376753543e+01 1.301205334621518747e-04
1.197995991983967912e+01 1.248854996436151181e-04
1.198897795591182458e+01 1.198527251414777383e-04
1.199799599198396827e+01 1.149838563557839261e-04
1.200701402805611195e+01 1.103127793451567115e-04
1.201603206412825742e+01 1.058017603220891143e-04
1.202505010020040110e+01 1.014607572762755218e-04
1.203406813627254479e+01 9.729139943682785273e-05
1.204308617234469025e+01 9.325979727438496241e-05
1.205210420841683394e+01 8.939525834764829450e-05
1.206112224448897763e+01 8.566669687944522538e-05
1.207014028056112309e+01 8.208108307868546721e-05
1.207915831663326678e+01 7.864063751797934474e-05
1.208817635270541047e+01 7.531569340526139786e-05
1.209719438877755593e+01 7.213132868891627188e-05
1.210621242484969962e+01 6.906182797285808955e-05
1.211523046092184330e+01 6.611198542685546283e-05
1.212424849699398877e+01 6.328448753776853787e-05
1.213326653306613245e+01 6.055358021738920448e-05
1.214228456913827614e+01 5.794051938803253276e-05
1.215130260521042160e+01 5.542413513348094659e-05
1.216032064128256529e+01 5.300753251734215512e-05
1.216933867735470898e+01 5.069361288820289365e-05
1.217835671342685444e+01 4.846003573337938364e-05
1.218737474949899813e+01 4.632487071812010161e-05
1.219639278557114181e+01 4.427090224102169582e-05
1.220541082164328728e+01 4.229990512290098242e-05
1.221442885771543096e+01 4.041473177747939512e-05
1.222344689378757465e+01 3.859612837285898170e-05
1.223246492985972012e+01 3.685935944289230759e-05
1.224148296593186380e+01 3.519034229277557863e-05
1.225050100200400749e+01 3.358994181225381564e-05
1.225951903807615295e+01 3.206099960817275366e-05
1.226853707414829664e+01 3.058718564283677304e-05
1.227755511022044033e+01 2.918112151783532868e-05
1.228657314629258579e+01 2.783133619574741080e-05
1.229559118236472948e+01 2.653804480652572367e-05
1.230460921843687316e+01 2.530396790037696473e-05
1.231362725450901863e+01 2.411523288956722845e-05
1.232264529058116231e+01 2.298234251670100428e-05
1.233166332665330600e+01 2.189607369404229824e-05
1.234068136272545146e+01 2.085616465972591922e-05
1.234969939879759515e+01 1.986508840673214421e-05
1.235871743486973884e+01 1.891111467649631171e-05
1.236773547094188430e+01 1.800295327084434313e-05
1.237675350701402799e+01 1.713315447939150145e-05
1.238577154308617168e+01 1.630116957733234519e-05
1.239478957915831714e+01 1.550927375544613107e-05
1.240380761523046083e+01 1.474771603885073978e-05
1.241282565130260451e+01 1.402355337793952010e-05
1.242184368737474998e+01 1.333079882374562022e-05
1.243086172344689366e+01 1.266873371760249597e-05
1.243987975951903735e+01 1.203940594042887251e-05
1.244889779559118281e+01 1.143470404893931236e-05
1.245791583166332650e+01 1.086037445151321556e-05
1.246693386773547019e+01 1.031166900215110124e-05
1.247595190380761565e+01 9.787776625686482861e-06
1.248496993987975934e+01 9.290471717305007278e-06
1.249398797595190302e+01 8.813005813188287761e-06
1.250300601202404849e+01 8.360078349802023238e-06
1.251202404809619217e+01 7.927942705970401763e-06
1.252104208416833586e+01 7.515763893235266255e-06
1.253006012024048133e+01 7.125014520642178576e-06
1.253907815631262501e+01 6.750295955748537653e-06
1.254809619238476870e+01 6.395243728572848807e-06
1.255711422845691416e+01 6.056947584801394184e-06
1.256613226452905785e+01 5.734597167324451423e-06
1.257515030060120154e+01 5.429402221344125309e-06
1.258416833667334700e+01 5.137113043568815130e-06
1.259318637274549069e+01 4.860477725803369957e-06
1.260220440881763437e+01 4.597281663356180836e-06
1.261122244488977984e+01 4.346766785561223427e-06
1.262024048096192352e+01 4.109902953882722939e-06
1.262925851703406721e+01 3.883349290671175799e-06
1.263827655310621267e+01 3.669181102960658405e-06
1.264729458917835636e+01 3.465727775582730902e-06
1.265631262525050005e+01 3.272301807617067191e-06
1.266533066132264551e+01 3.089671149469708665e-06
1.267434869739478920e+01 2.915239789393166303e-06
1.268336673346693289e+01 2.750546193424504885e-06
1.269238476953907835e+01 2.594328349335570430e-06
1.270140280561122204e+01 2.445977455026274137e-06
1.271042084168336572e+01 2.306109676529209017e-06
1.271943887775551119e+01 2.172733265890700711e-06
1.272845691382765487e+01 2.046963312994088406e-06
1.273747494989979856e+01 1.927854110679317857e-06
1.274649298597194402e+01 1.814877294831799259e-06
1.275551102204408771e+01 1.708521187910535133e-06
1.276452905811623317e+01 1.607255338301593529e-06
1.277354709418837686e+01 1.511891330678014274e-06
1.278256513026052055e+01 1.421732033431728593e-06
1.279158316633266601e+01 1.336328277533739811e-06
1.280060120240480970e+01 1.256054744033497272e-06
1.280961923847695338e+01 1.179744589775662982e-06
1.281863727454909885e+01 1.107980444135095000e-06
1.282765531062124253e+01 1.040247011636363754e-06
1.283667334669338622e+01 9.761668939985933376e-07
1.284569138276553169e+01 9.160341671540937747e-07
1.285470941883767537e+01 8.589748319472988011e-07
1.286372745490981906e+01 8.053924800722112369e-07
1.287274549098196452e+01 7.549083010511210911e-07
1.288176352705410821e+01 7.072101876232978576e-07
1.289078156312625190e+01 6.625258309940231323e-07
1.289979959919839736e+01 6.201995165742248632e-07
1.290881763527054105e+01 5.805118275335210775e-07
1.291783567134268473e+01 5.431899253862876035e-07
1.292685370741483020e+01 5.079805880657411275e-07
1.293587174348697388e+01 4.750535048456809378e-07
1.294488977955911757e+01 4.439182286860289758e-07
1.295390781563126303e+01 4.147689982800337701e-07
1.296292585170340672e+01 3.874105245658912716e-07
1.297194388777555041e+01 3.616397817098109106e-07
1.298096192384769587e+01 3.375833216241761560e-07
1.298997995991983956e+01 3.148809223781417994e-07
1.299899799599198325e+01 2.936612756815732302e-07
1.300801603206412871e+01 2.737842797367840037e-07
1.301703406813627240e+01 2.550887135350616931e-07
1.302605210420841608e+01 2.376697881833509044e-07
1.303507014028056155e+01 2.212642530551332486e-07
1.304408817635270523e+01 2.059561750481579467e-07
1.305310621242484892e+01 1.916470397822412312e-07
1.306212424849699438e+01 1.782113232441958008e-07
1.307114228456913807e+01 1.657175387030978763e-07
1.308016032064128176e+01 1.539730526121015584e-07
1.308917835671342722e+01 1.430331421723745598e-07
1.309819639278557091e+01 1.328296525384751902e-07
1.310721442885771459e+01 1.232661821947014668e-07
1.311623246492986006e+01 1.143912626621973144e-07
1.312525050100200374e+01 1.060665305798387286e-07
1.313426853707414921e+01 9.832626403181226249e-08
1.314328657314629289e+01 9.112294503346232818e-08
1.315230460921843658e+01 8.438296903002507004e-08
1.316132264529058205e+01 7.814152033505123266e-08
1.317034068136272573e+01 7.230049879934503086e-08
1.317935871743486942e+01 6.688001259967478042e-08
1.318837675350701488e+01 6.184725460881758945e-08
1.319739478957915857e+01 5.714693563369582573e-08
1.320641282565130226e+01 5.280383540025662917e-08
1.321543086172344772e+01 4.874848117621578669e-08
1.322444889779559141e+01 4.499250231527577908e-08
1.323346693386773509e+01 4.151374029998104628e-08
1.324248496993988056e+01 3.827138741854818202e-08
1.325150300601202424e+01 3.528227243213008921e-08
1.326052104208416793e+01 3.249777228295878512e-08
1.326953907815631339e+01 2.992411575409767423e-08
1.327855711422845708e+01 2.754634515057686977e-08
1.328757515030060077e+01 2.533454760297490835e-08
1.329659318637274623e+01 2.330034342991414691e-08
1.330561122244488992e+01 2.141035268137250744e-08
1.331462925851703361e+01 1.966729304323570569e-08
1.332364729458917907e+01 1.806101349956517239e-08
1.333266533066132276e+01 1.656982434550753733e-08
1.334168336673346644e+01 1.520175370266925755e-08
1.335070140280561191e+01 1.393397437009171266e-08
1.335971943887775559e+01 1.276738202001301663e-08
1.336873747494989928e+01 1.169527144023021562e-08
1.337775551102204474e+01 1.070227111443171017e-08
1.338677354709418843e+01 9.793582610900654776e-09
1.339579158316633212e+01 8.953710212968521670e-09
1.340480961923847758e+01 8.182653439962658676e-09
1.341382765531062127e+01 7.476026883569506895e-09
1.342284569138276495e+01 6.823044540347523809e-09
1.343186372745491042e+01 6.227095959470083209e-09
1.344088176352705410e+01 5.677871788384847415e-09
1.344989979959919779e+01 5.174892128291919888e-09
1.345891783567134325e+01 4.715267659368469431e-09
1.346793587174348694e+01 4.291509651778312268e-09
1.347695390781563063e+01 3.905834498008780774e-09
1.348597194388777609e+01 3.551434572986441197e-09
1.349498997995991978e+01 3.227699866404673499e-09
1.350400801603206347e+01 2.932770456403311554e-09
1.351302605210420893e+01 2.661571187832684296e-09
1.352204408817635262e+01 2.415450269022708576e-09
1.353106212424849630e+01 2.189936625750885348e-09
1.354008016032064177e+01 1.984465389801722959e-09
1.354909819639278545e+01 1.797866794184206571e-09
1.355811623246492914e+01 1.626744257512802379e-09
1.356713426853707460e+01 1.471909313810765211e-09
1.357615230460921829e+01 1.330490751911702133e-09
1.358517034068136198e+01 1.201997566916265834e-09
1.359418837675350744e+01 1.085682334041428238e-09
1.360320641282565113e+01 9.792934769834470782e-10
1.361222444889779482e+01 8.833299428318139810e-10
1.362124248496994028e+01 7.959725000897313776e-10
1.363026052104208397e+01 7.168291436233937320e-10
1.363927855711422765e+01 6.454283186890822787e-10
1.364829659318637312e+01 5.803084564327469024e-10
1.365731462925851680e+01 5.217587993215838868e-10
1.366633266533066049e+01 4.686359308170541766e-10
1.367535070140280595e+01 4.206495951021872513e-10
1.368436873747494964e+01 3.775099408014365430e-10
1.369338677354709333e+01 3.382859190311809403e-10
1.370240480961923879e+01 3.031373498981855257e-10
1.371142284569138248e+01 2.713588548468751154e-10
1.372044088176352616e+01 2.427422577609672707e-10
1.372945891783567163e+01 2.171089187256562344e-10
1.373847695390781531e+01 1.938720428945237913e-10
1.374749498997995900e+01 1.731221786590500229e-10
1.375651302605210446e+01 1.544324345044961369e-10
1.376553106212424815e+01 1.376578594863167538e-10
1.377454909819639362e+01 1.226883260560406802e-10
1.378356713426853730e+01 1.091604816828010841e-10
1.379258517034068099e+01 9.712424273991879901e-11
1.380160320641282645e+01 8.632385027437753298e-11
1.381062124248497014e+01 7.666279750765979528e-11
1.381963927855711383e+01 6.807519526033185688e-11
1.382865731462925929e+01 6.034189882949969625e-11
1.383767535070140298e+01 5.348709967595788926e-11
1.384669338677354666e+01 4.736007680719512479e-11
1.385571142284569213e+01 4.189845845209545437e-11
1.386472945891783581e+01 3.706336315609601446e-11
1.387374749498997950e+01 3.272429316820704934e-11
1.388276553106212496e+01 2.889320536964273203e-11
1.389178356713426865e+01 2.548320539413931973e-11
1.390080160320641234e+01 2.245488679010952503e-11
1.390981963927855780e+01 1.978520530826653767e-11
1.391883767535070149e+01 1.739790300026407471e-11
1.392785571142284518e+01 1.529865493385249304e-11
1.393687374749499064e+01 1.343805199033278463e-11
1.394589178356713433e+01 1.179198797947966301e-11
1.395490981963927801e+01 1.034722232929013361e-11
1.396392785571142348e+01 9.060407551706257077e-12
1.397294589178356716e+01 7.933625314171629137e-12
1.398196392785571085e+01 6.939270236543174085e-12
1.399098196392785631e+01 6.063014168525044653e-12
1.400000000000000000e+01 5.297407299999993334e-12
