# # logM dndlogM
9.500000000000000000e+00 2.321637500000000021e-01
9.509018036072143687e+00 2.266908901406755883e-01
9.518036072144287374e+00 2.213470435103319645e-01
9.527054108216432837e+00 2.161201818374524630e-01
9.536072144288578301e+00 2.110076998548356952e-01
9.545090180360720211e+00 2.060161573967037307e-01
9.554108216432865675e+00 2.011259059434954144e-01
9.563126252505011138e+00 1.963514848807502433e-01
9.572144288577153048e+00 1.916823910739046954e-01
9.581162324649298512e+00 1.871157616681611568e-01
9.590180360721443975e+00 1.826579273583706919e-01
9.599198396793585886e+00 1.782912945084032252e-01
9.608216432865731349e+00 1.740285959263225546e-01
9.617234468937876812e+00 1.698606323759463410e-01
9.626252505010018723e+00 1.657843380799509936e-01
9.635270541082164186e+00 1.618058661866800529e-01
9.644288577154309650e+00 1.579093126181476403e-01
9.653306613226451560e+00 1.541059684916398775e-01
9.662324649298597024e+00 1.503879338644088792e-01
9.671342685370742487e+00 1.467520065048559808e-01
9.680360721442884397e+00 1.432039849195527736e-01
9.689378757515029861e+00 1.397293701149623091e-01
9.698396793587175324e+00 1.363382873214347424e-01
9.707414829659317235e+00 1.330239515945768614e-01
9.716432865731462698e+00 1.297830689058123710e-01
9.725450901803608161e+00 1.266211443330595710e-01
9.734468937875750072e+00 1.235252034691922823e-01
9.743486973947895535e+00 1.205040817841687151e-01
9.752505010020040999e+00 1.175519450184805137e-01
9.761523046092182909e+00 1.146654436201939992e-01
9.770541082164328373e+00 1.118498205924939731e-01
9.779559118236473836e+00 1.090932347471429698e-01
9.788577154308615746e+00 1.064036061438005526e-01
9.797595190380761210e+00 1.037760363732685848e-01
9.806613226452906673e+00 1.012071834846602486e-01
9.815631262525050360e+00 9.870191950726858732e-02
9.824649298597194047e+00 9.624951950518466359e-02
9.833667334669339510e+00 9.385700030608057354e-02
9.842685370741483197e+00 9.152024366866452765e-02
9.851703406813626884e+00 8.923593456823877834e-02
9.860721442885772348e+00 8.700864091988221027e-02
9.869739478957916035e+00 8.482874583970179128e-02
9.878757515030059722e+00 8.270236990876213279e-02
9.887775551102205185e+00 8.062601267932119342e-02
9.896793587174348872e+00 7.859638028091114892e-02
9.905811623246492559e+00 7.661784066925546310e-02
9.914829659318638022e+00 7.468184527057732114e-02
9.923847695390781709e+00 7.279365802971010657e-02
9.932865731462925396e+00 7.095033881530886377e-02
9.941883767535070859e+00 6.914865285737221978e-02
9.950901803607214546e+00 6.739271822839686121e-02
9.959919839679358233e+00 6.567482848554548336e-02
9.968937875751503697e+00 6.399959721938185131e-02
9.977955911823647384e+00 6.236462286633121660e-02
9.986973947895791071e+00 6.076677184175242885e-02
9.995991983967936534e+00 5.920985953818861530e-02
1.000501002004008022e+01 5.768703325841072899e-02
1.001402805611222391e+01 5.620224911875556367e-02
1.002304609218436937e+01 5.475347290904579445e-02
1.003206412825651306e+01 5.333760702888930283e-02
1.004108216432865675e+01 5.195835391654615026e-02
1.005010020040080221e+01 5.060970790860916391e-02
1.005911823647294590e+01 4.929497997260895437e-02
1.006813627254508958e+01 4.801248846017391880e-02
1.007715430861723505e+01 4.675923622178673744e-02
1.008617234468937873e+01 4.553869716331183232e-02
1.009519038076152242e+01 4.434549227751172218e-02
1.010420841683366788e+01 4.318247824645878030e-02
1.011322645290581157e+01 4.204832453598793263e-02
1.012224448897795526e+01 4.094016633324296106e-02
1.013126252505010072e+01 3.986121297078242670e-02
1.014028056112224441e+01 3.880664688700237452e-02
1.014929859719438809e+01 3.777892677248143732e-02
1.015831663326653356e+01 3.677701803875080971e-02
1.016733466933867724e+01 3.579818558837839781e-02
1.017635270541082093e+01 3.484540508612457566e-02
1.018537074148296639e+01 3.391441687465159699e-02
1.019438877755511008e+01 3.300728829543280590e-02
1.020340681362725377e+01 3.212322128525910148e-02
1.021242484969939923e+01 3.125961110984149666e-02
1.022144288577154292e+01 3.041921848562983977e-02
1.023046092184368661e+01 2.959821055582650615e-02
1.023947895791583207e+01 2.879836852563628230e-02
1.024849699398797576e+01 2.801913459769909270e-02
1.025751503006011944e+01 2.725806826780483721e-02
1.026653306613226491e+01 2.651767430937427769e-02
1.027555110220440859e+01 2.579453161025682326e-02
1.028456913827655228e+01 2.509015027459566075e-02
1.029358717434869774e+01 2.440415528112093238e-02
1.030260521042084143e+01 2.373424790928910580e-02
1.031162324649298512e+01 2.308272986016340553e-02
1.032064128256513058e+01 2.244658502795655874e-02
1.032965931863727427e+01 2.182706219623257310e-02
1.033867735470941795e+01 2.122391590303746023e-02
1.034769539078156342e+01 2.063496333000710073e-02
1.035671342685370711e+01 2.006235388304574915e-02
1.036573146292585079e+01 1.950343898313823196e-02
1.037474949899799626e+01 1.895923808768396404e-02
1.038376753507013994e+01 1.842961926829109198e-02
1.039278557114228363e+01 1.791253858103474678e-02
1.040180360721442909e+01 1.740996565073416047e-02
1.041082164328657278e+01 1.691955194969314152e-02
1.041983967935871647e+01 1.644213795498527045e-02
1.042885771543086193e+01 1.597769739287956126e-02
1.043787575150300562e+01 1.552432826251284349e-02
1.044689378757514930e+01 1.508382353702971378e-02
1.045591182364729477e+01 1.465412640583181776e-02
1.046492985971943845e+01 1.423590877455470187e-02
1.047394789579158214e+01 1.382920792048356572e-02
1.048296593186372760e+01 1.343221937165354866e-02
1.049198396793587129e+01 1.304662698584380630e-02
1.050100200400801498e+01 1.267065033484555091e-02
1.051002004008016044e+01 1.230480816929786260e-02
1.051903807615230413e+01 1.194918539878632967e-02
1.052805611222444782e+01 1.160209906754844020e-02
1.053707414829659328e+01 1.126509450484211756e-02
1.054609218436873697e+01 1.093660347406546531e-02
1.055511022044088065e+01 1.061703412784213360e-02
1.056412825651302612e+01 1.030652769250002022e-02
1.057314629258516980e+01 1.000353790662265527e-02
1.058216432865731349e+01 9.709455369926109358e-03
1.059118236472945895e+01 9.422901515085528937e-03
1.060020040080160264e+01 9.144190370021208075e-03
1.060921843687374633e+01 8.873502504546340597e-03
1.061823647294589179e+01 8.609404548255315467e-03
1.062725450901803548e+01 8.353166817448166859e-03
1.063627254509017916e+01 8.103595963328321522e-03
1.064529058116232463e+01 7.860918810199631068e-03
1.065430861723446831e+01 7.625334632174262696e-03
1.066332665330661200e+01 7.395516433475857188e-03
1.067234468937875747e+01 7.172624672370076990e-03
1.068136272545090115e+01 6.955617678929307615e-03
1.069038076152304662e+01 6.744655679983700865e-03
1.069939879759519030e+01 6.539959556021381418e-03
1.070841683366733399e+01 6.340326323242112191e-03
1.071743486973947945e+01 6.146786924421335056e-03
1.072645290581162314e+01 5.958420655965322721e-03
1.073547094188376683e+01 5.775337889445433283e-03
1.074448897795591229e+01 5.597781720095404770e-03
1.075350701402805598e+01 5.424657180909002452e-03
1.076252505010019966e+01 5.256886924466579354e-03
1.077154308617234513e+01 5.093677004783637476e-03
1.078056112224448881e+01 4.935089500999459942e-03
1.078957915831663250e+01 4.781366797548889346e-03
1.079859719438877796e+01 4.631502965870753184e-03
1.080761523046092165e+01 4.486336361783882856e-03
1.081663326653306711e+01 4.345181279466740591e-03
1.082565130260521080e+01 4.208062289812612537e-03
1.083466933867735449e+01 4.075220278590122383e-03
1.084368737474949995e+01 3.945743725623677284e-03
1.085270541082164364e+01 3.820380858942182094e-03
1.086172344689378733e+01 3.698536015607357084e-03
1.087074148296593279e+01 3.580205573870543032e-03
1.087975951903807648e+01 3.465629119728187452e-03
1.088877755511022016e+01 3.353983167571298035e-03
1.089779559118236563e+01 3.245933912638006725e-03
1.090681362725450931e+01 3.140969412492697951e-03
1.091583166332665300e+01 3.039062958666985999e-03
1.092484969939879846e+01 2.940445165646564905e-03
1.093386773547094215e+01 2.844366498380178788e-03
1.094288577154308584e+01 2.751427189198590254e-03
1.095190380761523130e+01 2.661191596643114939e-03
1.096092184368737499e+01 2.573615176797420471e-03
1.096993987975951867e+01 2.488914599251335676e-03
1.097895791583166414e+01 2.406407434209501418e-03
1.098797595190380783e+01 2.326635369956311320e-03
1.099699398797595151e+01 2.249224560922197334e-03
1.100601202404809698e+01 2.174118384289605837e-03
1.101503006012024066e+01 2.101520155447735363e-03
1.102404809619238435e+01 2.030830307316826028e-03
1.103306613226452981e+01 1.962515735741451450e-03
1.104208416833667350e+01 1.896258784221830761e-03
1.105110220440881719e+01 1.831994575635652626e-03
1.106012024048096265e+01 1.769908281023848881e-03
1.106913827655310634e+01 1.709481339960852546e-03
1.107815631262525002e+01 1.651108617366229842e-03
1.108717434869739549e+01 1.594528284154549287e-03
1.109619238476953917e+01 1.539670288662106298e-03
1.110521042084168286e+01 1.486699622293490789e-03
1.111422845691382832e+01 1.435169214454890506e-03
1.112324649298597201e+01 1.385411435744883773e-03
1.113226452905811570e+01 1.337209617360412368e-03
1.114128256513026116e+01 1.290491170716992790e-03
1.115030060120240485e+01 1.245404938820199184e-03
1.115931863727454854e+01 1.201572402289363857e-03
1.116833667334669400e+01 1.159266151724518091e-03
1.117735470941883769e+01 1.118305833984524012e-03
1.118637274549098137e+01 1.078618008660440792e-03
1.119539078156312684e+01 1.040338674136531347e-03
1.120440881763527052e+01 1.003145406288957981e-03
1.121342685370741421e+01 9.672634779575949417e-04
1.122244488977955967e+01 9.325463596795305430e-04
1.123146292585170336e+01 8.989218927929536153e-04
1.124048096192384705e+01 8.665098104293241345e-04
1.124949899799599251e+01 8.350338933301816374e-04
1.125851703406813620e+01 8.046817510276839608e-04
1.126753507014027988e+01 7.753343486298936446e-04
1.127655310621242535e+01 7.469218636643685377e-04
1.128557114228456904e+01 7.195505673206907581e-04
1.129458917835671272e+01 6.929874710124363539e-04
1.130360721442885819e+01 6.673851847464153716e-04
1.131262525050100187e+01 6.426466467040369739e-04
1.132164328657314556e+01 6.187050250012822872e-04
1.133066132264529102e+01 5.956553417419861111e-04
1.133967935871743471e+01 5.733008922246451890e-04
1.134869739478957840e+01 5.517658396963120082e-04
1.135771543086172386e+01 5.309726296089426704e-04
1.136673346693386755e+01 5.108585638499928399e-04
1.137575150300601123e+01 4.915064500614357715e-04
1.138476953907815670e+01 4.727491585072786558e-04
1.139378757515030038e+01 4.546886025257400430e-04
1.140280561122244407e+01 4.372635750406438635e-04
1.141182364729458953e+01 4.204159502301312804e-04
1.142084168336673322e+01 4.042174589810662165e-04
1.142985971943887691e+01 3.885267420638860198e-04
1.143887775551102237e+01 3.734267837844697257e-04
1.144789579158316606e+01 3.588692456080137404e-04
1.145691382765530975e+01 3.448005565067791141e-04
1.146593186372745521e+01 3.312833997963763222e-04
1.147494989979959890e+01 3.181998615374747913e-04
1.148396793587174258e+01 3.056159698989977793e-04
1.149298597194388805e+01 2.934938056738519373e-04
1.150200400801603173e+01 2.817844887104601053e-04
1.151102204408817542e+01 2.705423301711940682e-04
1.152004008016032088e+01 2.596682416012757776e-04
1.152905811623246457e+01 2.492153118194145324e-04
1.153807615230460826e+01 2.391544317966277987e-04
1.154709418837675372e+01 2.294415881807337877e-04
1.155611222444889741e+01 2.201232149093720566e-04
1.156513026052104109e+01 2.111168000925556741e-04
1.157414829659318656e+01 2.024643230696520767e-04
1.158316633266533024e+01 1.941433105105723066e-04
1.159218436873747393e+01 1.861140677919553724e-04
1.160120240480961940e+01 1.784168928559707516e-04
1.161022044088176308e+01 1.709837965593461384e-04
1.161923847695390677e+01 1.638472960956127689e-04
1.162825651302605223e+01 1.569901838768253052e-04
1.163727454909819592e+01 1.503770263737608281e-04
1.164629258517033961e+01 1.440424458560869280e-04
1.165531062124248507e+01 1.379302844246075123e-04
1.166432865731462876e+01 1.320657594805358108e-04
1.167334669338677244e+01 1.264359662888879261e-04
1.168236472945891791e+01 1.210095198875365375e-04
1.169138276553106159e+01 1.158159686141393101e-04
1.170040080160320528e+01 1.108090962603001754e-04
1.170941883767535074e+01 1.060082627028166862e-04
1.171843687374749443e+01 1.014039280930369163e-04
1.172745490981963812e+01 9.696847959956914878e-05
1.173647294589178358e+01 9.272703940250650754e-05
1.174549098196392727e+01 8.864194485242857713e-05
1.175450901803607096e+01 8.472771273921353191e-05
1.176352705410821642e+01 8.097731470064008002e-05
1.177254509018036011e+01 7.736656331097084441e-05
1.178156312625250557e+01 7.391681411859795010e-05
1.179058116232464926e+01 7.059729234994232508e-05
1.179959919839679294e+01 6.741887919909388311e-05
1.180861723446893841e+01 6.437665430953847065e-05
1.181763527054108209e+01 6.144976357881507326e-05
1.182665330661322578e+01 5.865594421443531728e-05
1.183567134268537124e+01 5.597003907258924751e-05
1.184468937875751493e+01 5.340016459155892562e-05
1.185370741482965862e+01 5.094302507820695693e-05
1.186272545090180408e+01 4.858074039085447999e-05
1.187174348697394777e+01 4.632799746973099720e-05
1.188076152304609145e+01 4.416439723138935563e-05
1.188977955911823692e+01 4.209583466092664658e-05
1.189879759519038060e+01 4.012015475869318764e-05
1.190781563126252607e+01 3.822203247252019785e-05
1.191683366733466976e+01 3.641371213838224543e-05
1.192585170340681344e+01 3.467879453574846890e-05
1.193486973947895891e+01 3.302142266955713113e-05
1.194388777555110259e+01 3.144026756880219484e-05
1.195290581162324628e+01 2.992235126837833981e-05
1.196192384769539174e+01 2.847771901014792438e-05
1.197094188376753543e+01 2.709314505576407487e-05
1.197995991983967912e+01 2.577151830421604167e-05
1.198897795591182458e+01 2.451215408776273678e-05
1.199799599198396827e+01 2.330414519389439578e-05
1.200701402805611195e+01 2.215566943948169674e-05
1.201603206412825742e+01 2.105617389570674984e-05
1.202505010020040110e+01 2.000756798121011614e-05
1.203406813627254479e+01 1.900955581721270712e-05
1.204308617234469025e+01 1.805295203554646284e-05
1.205210420841683394e+01 1.714448671665651789e-05
1.206112224448897763e+01 1.627582867090321761e-05
1.207014028056112309e+01 1.544813892848683317e-05
1.207915831663326678e+01 1.466136383129328486e-05
1.208817635270541047e+01 1.390784415441879674e-05
1.209719438877755593e+01 1.319305156391696367e-05
1.210621242484969962e+01 1.251039510608134855e-05
1.211523046092184330e+01 1.186053563141417324e-05
1.212424849699398877e+01 1.124360085741835746e-05
1.213326653306613245e+01 1.065326213424744564e-05
1.214228456913827614e+01 1.009391880236573639e-05
1.215130260521042160e+01 9.560386828122342952e-06
1.216032064128256529e+01 9.052974469816846392e-06
1.216933867735470898e+01 8.571911264899594973e-06
1.217835671342685444e+01 8.111981335208983524e-06
1.218737474949899813e+01 7.676729162168990938e-06
1.219639278557114181e+01 7.262126533006788019e-06
1.220541082164328728e+01 6.868232704415571934e-06
1.221442885771543096e+01 6.495307620124230506e-06
1.222344689378757465e+01 6.139085197058764390e-06
1.223246492985972012e+01 5.802399094998495163e-06
1.224148296593186380e+01 5.482108555667062380e-06
1.225050100200400749e+01 5.178128087980466420e-06
1.225951903807615295e+01 4.890745275819813169e-06
1.226853707414829664e+01 4.616526516347196073e-06
1.227755511022044033e+01 4.357682903975058732e-06
1.228657314629258579e+01 4.111778804740837825e-06
1.229559118236472948e+01 3.878644398865554091e-06
1.230460921843687316e+01 3.658565899382432064e-06
1.231362725450901863e+01 3.448781361300417132e-06
1.232264529058116231e+01 3.251026004495643630e-06
1.233166332665330600e+01 3.063435221104964259e-06
1.234068136272545146e+01 2.885791506928887530e-06
1.234969939879759515e+01 2.718352462213067984e-06
1.235871743486973884e+01 2.558910167237974653e-06
1.236773547094188430e+01 2.408819803544870533e-06
1.237675350701402799e+01 2.266650985272303951e-06
1.238577154308617168e+01 2.132173825702092394e-06
1.239478957915831714e+01 2.005623804980297770e-06
1.240380761523046083e+01 1.885265937104023029e-06
1.241282565130260451e+01 1.772130767883274791e-06
1.242184368737474998e+01 1.665127934194766179e-06
1.243086172344689366e+01 1.564033496400983001e-06
1.243987975951903735e+01 1.469054572095033713e-06
1.244889779559118281e+01 1.378829890347897651e-06
1.245791583166332650e+01 1.294146522961048467e-06
1.246693386773547019e+01 1.214184170418085215e-06
1.247595190380761565e+01 1.138734350611286192e-06
1.248496993987975934e+01 1.067968752717375416e-06
1.249398797595190302e+01 1.000821630182855482e-06
1.250300601202404849e+01 9.378962941502173267e-07
1.251202404809619217e+01 8.785794996395529735e-07
1.252104208416833586e+01 8.226851524174099021e-07
1.253006012024048133e+01 7.703467475461444159e-07
1.253907815631262501e+01 7.207608815660636711e-07
1.254809619238476870e+01 6.743613363689719860e-07
1.255711422845691416e+01 6.306969740663692512e-07
1.256613226452905785e+01 5.896072369462225461e-07
1.257515030060120154e+01 5.511944850757717737e-07
1.258416833667334700e+01 5.148631761786027989e-07
1.259318637274549069e+01 4.809164613001216879e-07
1.260220440881763437e+01 4.490288568663159938e-07
1.261122244488977984e+01 4.190650509592628508e-07
1.262024048096192352e+01 3.911007371799626067e-07
1.262925851703406721e+01 3.646959575548087261e-07
1.263827655310621267e+01 3.400618696873294305e-07
1.264729458917835636e+01 3.169657757102679754e-07
1.265631262525050005e+01 2.952961804708658971e-07
1.266533066132264551e+01 2.751080428329547544e-07
1.267434869739478920e+01 2.560803921357659811e-07
1.268336673346693289e+01 2.383568192619325776e-07
1.269238476953907835e+01 2.217711399262127756e-07
1.270140280561122204e+01 2.062332780885593002e-07
1.271042084168336572e+01 1.917840391915027685e-07
1.271943887775551119e+01 1.781923968639974478e-07
1.272845691382765487e+01 1.655530982094919323e-07
1.273747494989979856e+01 1.537484941441381938e-07
1.274649298597194402e+01 1.427070573863667768e-07
1.275551102204408771e+01 1.324585605943156387e-07
1.276452905811623317e+01 1.228369098457056375e-07
1.277354709418837686e+01 1.139047210880757104e-07
1.278256513026052055e+01 1.055799715354757240e-07
1.279158316633266601e+01 9.780686691054335908e-08
1.280060120240480970e+01 9.060604085920372248e-08
1.280961923847695338e+01 8.385919796344875513e-08
1.281863727454909885e+01 7.760687199149643798e-08
1.282765531062124253e+01 7.179190351527058054e-08
1.283667334669338622e+01 6.637132644955108730e-08
1.284569138276553169e+01 6.136002472389932690e-08
1.285470941883767537e+01 5.667524690397653900e-08
1.286372745490981906e+01 5.234189659131420312e-08
1.287274549098196452e+01 4.832041496547538888e-08
1.288176352705410821e+01 4.457822376888042550e-08
1.289078156312625190e+01 4.112584785971382589e-08
1.289979959919839736e+01 3.790548032132253262e-08
1.290881763527054105e+01 3.493238758133209781e-08
1.291783567134268473e+01 3.217968966270060272e-08
1.292685370741483020e+01 2.962312129243747205e-08
1.293587174348697388e+01 2.726966370106479884e-08
1.294488977955911757e+01 2.507916228903516468e-08
1.295390781563126303e+01 2.306085196107937835e-08
1.296292585170340672e+01 2.119660571783644545e-08
1.297194388777555041e+01 1.946858842498849598e-08
1.298096192384769587e+01 1.788144480805476977e-08
1.298997995991983956e+01 1.640779565456512605e-08
1.299899799599198325e+01 1.505280022244729792e-08
1.300801603206412871e+01 1.380425310919648189e-08
1.301703406813627240e+01 1.264920022934107300e-08
1.302605210420841608e+01 1.159079489315994607e-08
1.303507014028056155e+01 1.061050713815797721e-08
1.304408817635270523e+01 9.711088201455965325e-09
1.305310621242484892e+01 8.884465019858374451e-09
1.306212424849699438e+01 8.121406326033952239e-09
1.307114228456913807e+01 7.423884338012404627e-09
1.308016032064128176e+01 6.779388045089090219e-09
1.308917835671342722e+01 6.189359824543545363e-09
1.309819639278557091e+01 5.648539624264689273e-09
1.310721442885771459e+01 5.150447223849613120e-09
1.311623246492986006e+01 4.696276979576445092e-09
1.312525050100200374e+01 4.277742335586735251e-09
1.313426853707414921e+01 3.895464806546550133e-09
1.314328657314629289e+01 3.546012212497896399e-09
1.315230460921843658e+01 3.224878940476485363e-09
1.316132264529058205e+01 2.932828077713410387e-09
1.317034068136272573e+01 2.664449789885734440e-09
1.317935871743486942e+01 2.419914710218278346e-09
1.318837675350701488e+01 2.197007773740987018e-09
1.319739478957915857e+01 1.992649940005183818e-09
1.320641282565130226e+01 1.807300743702676049e-09
1.321543086172344772e+01 1.637445918098110962e-09
1.322444889779559141e+01 1.483065561614008459e-09
1.323346693386773509e+01 1.342757211600093631e-09
1.324248496993988056e+01 1.214455019176324676e-09
1.325150300601202424e+01 1.098412267579653309e-09
1.326052104208416793e+01 9.923775731220035604e-10
1.326953907815631339e+01 8.962516702322683627e-10
1.327855711422845708e+01 8.091514436306419608e-10
1.328757515030060077e+01 7.297055932367228468e-10
1.329659318637274623e+01 6.580600664960369743e-10
1.330561122244488992e+01 5.928010661865051291e-10
1.331462925851703361e+01 5.338019927222951649e-10
1.332364729458917907e+01 4.805080858750510826e-10
1.333266533066132276e+01 4.320216156483595508e-10
1.334168336673346644e+01 3.884277536090256443e-10
1.335070140280561191e+01 3.488454967350872608e-10
1.335971943887775559e+01 3.131607181408125020e-10
1.336873747494989928e+01 2.810327443046866458e-10
1.337775551102204474e+01 2.518871763454484280e-10
1.338677354709418843e+01 2.257642601906105449e-10
1.339579158316633212e+01 2.021209534433815746e-10
1.340480961923847758e+01 1.808671736292301216e-10
1.341382765531062127e+01 1.617963534539413473e-10
1.342284569138276495e+01 1.445459010790249713e-10
1.343186372745491042e+01 1.291346626343746997e-10
1.344088176352705410e+01 1.152348901740123872e-10
1.344989979959919779e+01 1.027781454018491122e-10
1.345891783567134325e+01 9.163954337287532060e-11
1.346793587174348694e+01 8.159342353811218021e-11
1.347695390781563063e+01 7.264862437802479350e-11
1.348597194388777609e+01 6.460955900333377802e-11
1.349498997995991978e+01 5.742781542305251688e-11
1.350400801603206347e+01 5.102946742027119179e-11
1.351302605210420893e+01 4.527748812471659461e-11
1.352204408817635262e+01 4.017386491612746955e-11
1.353106212424849630e+01 3.560305463481306988e-11
1.354008016032064177e+01 3.153277243989513189e-11
1.354909819639278545e+01 2.792018265253766673e-11
1.355811623246492914e+01 2.468339821359853523e-11
1.356713426853707460e+01 2.182185392385632769e-11
1.357615230460921829e+01 1.926887191136673465e-11
1.358517034068136198e+01 1.700322600648820818e-11
1.359418837675350744e+01 1.500010686387928469e-11
1.360320641282565113e+01 1.321126413904202658e-11
1.361222444889779482e+01 1.163575044734049218e-11
1.362124248496994028e+01 1.023572095664458361e-11
1.363026052104208397e+01 8.997691089263681570e-12
1.363927855711422765e+01 7.907528124921264825e-12
1.364829659318637312e+01 6.937444472527385625e-12
1.365731462925851680e+01 6.086369222984099053e-12
1.366633266533066049e+01 5.333099539015117506e-12
1.367535070140280595e+01 4.669409058404815647e-12
1.368436873747494964e+01 4.087439331403088611e-12
1.369338677354709333e+01 3.571526855992890851e-12
1.370240480961923879e+01 3.120732333585348675e-12
1.371142284569138248e+01 2.723425640168423813e-12
1.372044088176352616e+01 2.374701921340530624e-12
1.372945891783567163e+01 2.070234118492026994e-12
1.373847695390781531e+01 1.801329673267800568e-12
1.374749498997995900e+01 1.567353451868813204e-12
1.375651302605210446e+01 1.362063182551991950e-12
1.376553106212424815e+01 1.182601975832259169e-12
1.377454909819639362e+01 1.026614708879847986e-12
1.378356713426853730e+01 8.893783303581256633e-13
1.379258517034068099e+01 7.704875136395300092e-13
1.380160320641282645e+01 6.666429487796932805e-13
1.381062124248497014e+01 5.762373719929730743e-13
1.381963927855711383e+01 4.980236786789089311e-13
1.382865731462925929e+01 4.295062242016150030e-13
1.383767535070140298e+01 3.704153126158275213e-13
1.384669338677354666e+01 3.190425821764745951e-13
1.385571142284569213e+01 2.745082429512347929e-13
1.386472945891783581e+01 2.361650115830619516e-13
1.387374749498997950e+01 2.027176404622270161e-13
1.388276553106212496e+01 1.740073242818951756e-13
1.389178356713426865e+01 1.491709819592597361e-13
1.390080160320641234e+01 1.277381240665119082e-13
1.390981963927855780e+01 1.093765611915278965e-13
1.391883767535070149e+01 9.342928301498447810e-14
1.392785571142284518e+01 7.980714359275542912e-14
1.393687374749499064e+01 6.808240597013614417e-14
1.394589178356713433e+01 5.801112699483574039e-14
1.395490981963927801e+01 4.942777265152963840e-14
1.396392785571142348e+01 4.200883194728516945e-14
1.397294589178356716e+01 3.570344903091018235e-14
1.398196392785571085e+01 3.030433097972728816e-14
1.399098196392785631e+01 2.568866315046054471e-14
1.400000000000000000e+01 2.177600999999999548e-14
