# # logM dndlogM
9.500000000000000000e+00 3.743502300000000060e-01
9.513026052104208929e+00 3.640620162253173087e-01
9.526052104208417859e+00 3.540557025283469494e-01
9.539078156312626788e+00 3.443227454942234811e-01
9.552104208416833941e+00 3.348554938515130863e-01
9.565130260521042871e+00 3.256476280088822506e-01
9.578156312625250024e+00 3.166907598045523575e-01
9.591182364729458953e+00 3.079795908035276586e-01
9.604208416833667883e+00 2.995067359257457817e-01
9.617234468937876812e+00 2.912655426925108149e-01
9.630260521042085742e+00 2.832503793200270015e-01
9.643286573146292895e+00 2.754540850472119162e-01
9.656312625250501824e+00 2.678718811515806708e-01
9.669338677354708977e+00 2.604973935272590357e-01
9.682364729458917907e+00 2.533248194267829767e-01
9.695390781563126836e+00 2.463491542388361044e-01
9.708416833667335766e+00 2.395642905757898455e-01
9.721442885771544695e+00 2.329659286260905848e-01
9.734468937875751848e+00 2.265485761251643804e-01
9.747494989979960778e+00 2.203071467885479029e-01
9.760521042084167931e+00 2.142372080219297759e-01
9.773547094188376860e+00 2.083335339194629654e-01
9.786573146292585790e+00 2.025922710121191017e-01
9.799599198396794719e+00 1.970086734587039590e-01
9.812625250501003649e+00 1.915783287671653790e-01
9.825651302605210802e+00 1.862973115699332882e-01
9.838677354709417955e+00 1.811611536903508513e-01
9.851703406813626884e+00 1.761664000402482222e-01
9.864729458917835814e+00 1.713089566024738608e-01
9.877755511022044743e+00 1.665849577713495733e-01
9.890781563126253673e+00 1.619909462222143270e-01
9.903807615230462602e+00 1.575231130721008177e-01
9.916833667334669755e+00 1.531783648154748101e-01
9.929859719438876908e+00 1.489531664861828142e-01
9.942885771543085838e+00 1.448441467899565793e-01
9.955911823647294767e+00 1.408482614859251081e-01
9.968937875751503697e+00 1.369622501394050229e-01
9.981963927855712626e+00 1.331833516379238302e-01
9.994989979959921556e+00 1.295085076259720747e-01
1.000801603206412871e+01 1.259347838412386011e-01
1.002104208416833586e+01 1.224595066098674717e-01
1.003406813627254479e+01 1.190798494035942706e-01
1.004709418837675372e+01 1.157934120772621256e-01
1.006012024048096265e+01 1.125975825113437329e-01
1.007314629258517158e+01 1.094897176627481206e-01
1.008617234468937873e+01 1.064674856834225830e-01
1.009919839679358766e+01 1.035285182963328610e-01
1.011222444889779482e+01 1.006706210086611153e-01
1.012525050100200374e+01 9.789148905313825588e-02
1.013827655310621267e+01 9.518894210250511412e-02
1.015130260521042160e+01 9.256091834531381124e-02
1.016432865731463053e+01 9.000530686455412988e-02
1.017735470941883769e+01 8.752021681480322279e-02
1.019038076152304662e+01 8.510366244392279789e-02
1.020340681362725377e+01 8.275370998472558748e-02
1.021643286573146270e+01 8.046856538049419749e-02
1.022945891783567163e+01 7.824642592022494625e-02
1.024248496993988056e+01 7.608562434654030093e-02
1.025551102204408949e+01 7.398444063229082934e-02
1.026853707414829664e+01 7.194118293035307865e-02
1.028156312625250557e+01 6.995428647611086348e-02
1.029458917835671272e+01 6.802218334905459074e-02
1.030761523046092165e+01 6.614342194181251078e-02
1.032064128256513058e+01 6.431650773729848114e-02
1.033366733466933951e+01 6.253995956855634697e-02
1.034669338677354844e+01 6.081241731278794888e-02
1.035971943887775559e+01 5.913251461939550424e-02
1.037274549098196452e+01 5.749900112895207221e-02
1.038577154308617168e+01 5.591058407894319848e-02
1.039879759519038060e+01 5.436595570069152616e-02
1.041182364729458953e+01 5.286393468170284132e-02
1.042484969939879846e+01 5.140334199117113645e-02
1.043787575150300739e+01 4.998308318444976556e-02
1.045090180360721455e+01 4.860202114871822743e-02
1.046392785571142348e+01 4.725903595355605141e-02
1.047695390781563063e+01 4.595309947804009781e-02
1.048997995991983956e+01 4.468316517257824028e-02
1.050300601202404849e+01 4.344830246218332748e-02
1.051603206412825742e+01 4.224751994708994540e-02
1.052905811623246635e+01 4.107983913704670031e-02
1.054208416833667350e+01 3.994436793345699371e-02
1.055511022044088243e+01 3.884019181687081018e-02
1.056813627254508958e+01 3.776650999124634561e-02
1.058116232464929851e+01 3.672244866803956592e-02
1.059418837675350744e+01 3.570716237481245947e-02
1.060721442885771637e+01 3.471987756230978522e-02
1.062024048096192530e+01 3.375979159644500183e-02
1.063326653306613245e+01 3.282622018274030523e-02
1.064629258517034138e+01 3.191838914220961748e-02
1.065931863727454854e+01 3.103557393817492349e-02
1.067234468937875747e+01 3.017710338245149088e-02
1.068537074148296639e+01 2.934226907144038207e-02
1.069839679358717532e+01 2.853049049504759876e-02
1.071142284569138425e+01 2.774107968420124956e-02
1.072444889779559141e+01 2.697341776597753440e-02
1.073747494989980034e+01 2.622692214751434422e-02
1.075050100200400749e+01 2.550096323863575154e-02
1.076352705410821642e+01 2.479505348165960202e-02
1.077655310621242535e+01 2.410857841491971520e-02
1.078957915831663428e+01 2.344101041418374456e-02
1.080260521042084321e+01 2.279184406606707403e-02
1.081563126252505036e+01 2.216052308336813673e-02
1.082865731462925929e+01 2.154663914437107003e-02
1.084168336673346644e+01 2.094964098093855809e-02
1.085470941883767537e+01 2.036908195048600656e-02
1.086773547094188430e+01 1.980452290373467539e-02
1.088076152304609323e+01 1.925546614792262093e-02
1.089378757515030216e+01 1.872157684155039553e-02
1.090681362725450931e+01 1.820236085186213715e-02
1.091983967935871647e+01 1.769743828903569058e-02
1.093286573146292540e+01 1.720642723824789000e-02
1.094589178356713433e+01 1.672888433637152381e-02
1.095891783567134325e+01 1.626453656515532142e-02
1.097194388777555218e+01 1.581293763067455338e-02
1.098496993987976111e+01 1.537376809802515343e-02
1.099799599198396827e+01 1.494669516963844161e-02
1.101102204408817542e+01 1.453132527568870222e-02
1.102404809619238435e+01 1.412743622308603592e-02
1.103707414829659328e+01 1.373462002803519169e-02
1.105010020040080221e+01 1.335261933309615269e-02
1.106312625250501114e+01 1.298114277914109126e-02
1.107615230460922007e+01 1.261983082921209337e-02
1.108917835671342722e+01 1.226851082017438831e-02
1.110220440881763437e+01 1.192681485727168332e-02
1.111523046092184330e+01 1.159452187407638418e-02
1.112825651302605223e+01 1.127137704893071447e-02
1.114128256513026116e+01 1.095707361333610706e-02
1.115430861723447009e+01 1.065146879533686308e-02
1.116733466933867724e+01 1.035422103268925434e-02
1.118036072144288617e+01 1.006515668909931452e-02
1.119338677354709333e+01 9.784051434044496731e-03
1.120641282565130226e+01 9.510627395965828498e-03
1.121943887775551119e+01 9.244777238578397519e-03
1.123246492985972012e+01 8.986189107158299924e-03
1.124549098196392904e+01 8.734723915199695335e-03
1.125851703406813620e+01 8.490183472394514236e-03
1.127154308617234513e+01 8.252319496266383170e-03
1.128456913827655228e+01 8.021051780203434373e-03
1.129759519038076121e+01 7.796092714886396734e-03
1.131062124248497014e+01 7.577333870876949012e-03
1.132364729458917907e+01 7.364599376238462579e-03
1.133667334669338800e+01 7.157669396991862311e-03
1.134969939879759515e+01 6.956486108309525851e-03
1.136272545090180408e+01 6.760784108642934644e-03
1.137575150300601123e+01 6.570481878172154330e-03
1.138877755511022016e+01 6.385422614053878031e-03
1.140180360721442909e+01 6.205409959667442139e-03
1.141482965931863802e+01 6.030404733402832881e-03
1.142785571142284695e+01 5.860159985274024028e-03
1.144088176352705410e+01 5.694619566223004838e-03
1.145390781563126303e+01 5.533642977921223241e-03
1.146693386773547019e+01 5.377052684950282477e-03
1.147995991983967912e+01 5.224826911764708995e-03
1.149298597194388805e+01 5.076738451155423694e-03
1.150601202404809698e+01 4.932749091091522507e-03
1.151903807615230590e+01 4.792732319706088061e-03
1.153206412825651306e+01 4.656530867861764095e-03
1.154509018036072199e+01 4.524134729652503316e-03
1.155811623246492914e+01 4.395331824418438615e-03
1.157114228456913807e+01 4.270101553503891263e-03
1.158416833667334700e+01 4.148329356422049072e-03
1.159719438877755593e+01 4.029876843377700087e-03
1.161022044088176486e+01 3.914743216515052457e-03
1.162324649298597201e+01 3.802730490547407208e-03
1.163627254509018094e+01 3.693832948565449036e-03
1.164929859719438809e+01 3.587946407861628863e-03
1.166232464929859702e+01 3.484947277033185846e-03
1.167535070140280595e+01 3.384843295465726765e-03
1.168837675350701488e+01 3.287450752939232151e-03
1.170140280561122381e+01 3.192775161826944767e-03
1.171442885771543096e+01 3.100721295432391084e-03
1.172745490981963989e+01 3.011180205371642021e-03
1.174048096192384705e+01 2.924165444547578707e-03
1.175350701402805598e+01 2.839505696459552770e-03
1.176653306613226491e+01 2.757216237725599456e-03
1.177955911823647384e+01 2.677209588959816519e-03
1.179258517034068277e+01 2.599389913313973621e-03
1.180561122244488992e+01 2.523775225381458525e-03
1.181863727454909885e+01 2.450205691834567504e-03
1.183166332665330600e+01 2.378704819715237243e-03
1.184468937875751493e+01 2.309191975776890213e-03
1.185771543086172386e+01 2.241582764443495693e-03
1.187074148296593279e+01 2.175898521847903326e-03
1.188376753507014172e+01 2.111990528706994639e-03
1.189679358717434887e+01 2.049888425659838684e-03
1.190981963927855780e+01 1.989517613440256599e-03
1.192284569138276495e+01 1.930804003360202031e-03
1.193587174348697388e+01 1.873771191129812485e-03
1.194889779559118281e+01 1.818280870582673903e-03
1.196192384769539174e+01 1.764367299999275614e-03
1.197494989979960067e+01 1.711961167117080065e-03
1.198797595190380783e+01 1.660998274555451626e-03
1.200100200400801675e+01 1.611503316287909299e-03
1.201402805611222391e+01 1.563347201746923291e-03
1.202705410821643284e+01 1.516568268558812381e-03
1.204008016032064177e+01 1.471102021494601411e-03
1.205310621242485070e+01 1.426892937557468211e-03
1.206613226452905785e+01 1.383966094246500290e-03
1.207915831663326678e+01 1.342201303462109939e-03
1.209218436873747571e+01 1.301639739303736554e-03
1.210521042084168286e+01 1.262221320374881791e-03
1.211823647294589179e+01 1.223897080961491466e-03
1.213126252505010072e+01 1.186692664735435141e-03
1.214428857715430965e+01 1.150497256690550651e-03
1.215731462925851680e+01 1.115353042275767006e-03
1.217034068136272573e+01 1.081203856040297657e-03
1.218336673346693466e+01 1.048007902219325613e-03
1.219639278557114181e+01 1.015790163976029942e-03
1.220941883767535074e+01 9.844474899557416163e-04
1.222244488977955967e+01 9.540234503839089024e-04
1.223547094188376860e+01 9.244655838693100706e-04
1.224849699398797576e+01 8.957381307500024946e-04
1.226152304609218469e+01 8.678651611356923536e-04
1.227454909819639362e+01 8.407510977599528439e-04
1.228757515030060077e+01 8.144397758854199582e-04
1.230060120240480970e+01 7.888821259279980369e-04
1.231362725450901863e+01 7.640476474091980946e-04
1.232665330661322756e+01 7.399593894398298795e-04
1.233967935871743471e+01 7.165293141148342242e-04
1.235270541082164364e+01 6.938005691126060588e-04
1.236573146292585257e+01 6.717272287308351632e-04
1.237875751503005972e+01 6.502839449964882687e-04
1.239178356713426865e+01 6.294923012212208686e-04
1.240480961923847758e+01 6.092708256310398534e-04
1.241783567134268651e+01 5.896621730474639654e-04
1.243086172344689366e+01 5.706234670002567448e-04
1.244388777555110259e+01 5.521334462110108563e-04
1.245691382765530975e+01 5.342122309384611176e-04
1.246993987975951867e+01 5.167845037331621205e-04
1.248296593186372760e+01 4.998921825231985314e-04
1.249599198396793653e+01 4.834953318573549826e-04
1.250901803607214546e+01 4.675761024739245116e-04
1.252204408817635262e+01 4.521531216394556211e-04
1.253507014028056155e+01 4.371573801321472518e-04
1.254809619238476870e+01 4.226290965628923344e-04
1.256112224448897763e+01 4.085310553831510367e-04
1.257414829659318656e+01 3.948486241237734399e-04
1.258717434869739549e+01 3.815988872725456656e-04
1.260020040080160442e+01 3.687188139996799190e-04
1.261322645290581157e+01 3.562466822065890755e-04
1.262625250501002050e+01 3.441478796545670120e-04
1.263927855711422765e+01 3.324106203230398396e-04
1.265230460921843658e+01 3.210503976904788260e-04
1.266533066132264551e+01 3.100095337037437216e-04
1.267835671342685444e+01 2.993244771287745416e-04
1.269138276553106337e+01 2.889631643592687534e-04
1.270440881763527052e+01 2.789161071204037312e-04
1.271743486973947945e+01 2.691972640762192704e-04
1.273046092184368661e+01 2.597542018086458106e-04
1.274348697394789554e+01 2.506211770005266739e-04
1.275651302605210446e+01 2.417685554272036401e-04
1.276953907815631339e+01 2.331888448305343103e-04
1.278256513026052232e+01 2.248943201940968009e-04
1.279559118236472948e+01 2.168380425417791677e-04
1.280861723446893841e+01 2.090514438346710027e-04
1.282164328657314556e+01 2.015074224713367976e-04
1.283466933867735449e+01 1.942001867731242061e-04
1.284769539078156342e+01 1.871402429274743881e-04
1.286072144288577235e+01 1.802862700259062181e-04
1.287374749498998128e+01 1.736663545128591733e-04
1.288677354709418843e+01 1.672559671780493975e-04
1.289979959919839736e+01 1.610507798301626147e-04
1.291282565130260451e+01 1.550596728727110074e-04
1.292585170340681344e+01 1.492464021147300098e-04
1.293887775551102237e+01 1.436359405337678415e-04
1.295190380761523130e+01 1.382061860018369095e-04
1.296492985971943845e+01 1.329539496765859050e-04
1.297795591182364738e+01 1.278866590308769507e-04
1.299098196392785631e+01 1.229727452351909685e-04
1.300400801603206347e+01 1.182342117123395337e-04
1.301703406813627240e+01 1.136511995684894060e-04
1.303006012024048133e+01 1.092214993063550407e-04
1.304308617234469025e+01 1.049512310648707336e-04
1.305611222444889741e+01 1.008130390779075073e-04
1.306913827655310634e+01 9.682616511556168312e-05
1.308216432865731527e+01 9.297284817998725402e-05
1.309519038076152242e+01 8.925168283106475200e-05
1.310821643286573135e+01 8.566761596738176065e-05
1.312124248496994028e+01 8.219692664643659568e-05
1.313426853707414921e+01 7.885646633609062523e-05
1.314729458917835636e+01 7.563046230830754114e-05
1.316032064128256529e+01 7.251805203111514697e-05
1.317334669338677422e+01 6.952317201537127169e-05
1.318637274549098137e+01 6.662549396031261474e-05
1.319939879759519030e+01 6.383953305534161710e-05
1.321242484969939923e+01 6.115131811795568154e-05
1.322545090180360816e+01 5.856048846146696149e-05
1.323847695390781531e+01 5.607009764081989856e-05
1.325150300601202424e+01 5.366280390000668471e-05
1.326452905811623317e+01 5.135102641091136426e-05
1.327755511022044033e+01 4.912246587479317847e-05
1.329058116232464926e+01 4.697709239200539719e-05
1.330360721442885819e+01 4.491721564449136254e-05
1.331663326653306711e+01 4.292816835787007770e-05
1.332965931863727427e+01 4.102046573383564268e-05
1.334268537074148320e+01 3.918335164034677853e-05
1.335571142284569213e+01 3.741703234851015295e-05
1.336873747494989928e+01 3.572319036359716956e-05
1.338176352705410821e+01 3.408948033924839605e-05
1.339478957915831714e+01 3.252473319841002832e-05
1.340781563126252607e+01 3.101959177646016006e-05
1.342084168336673322e+01 2.957445707202993208e-05
1.343386773547094215e+01 2.819048305792028306e-05
1.344689378757515108e+01 2.685733366126532158e-05
1.345991983967935823e+01 2.558236776951061553e-05
1.347294589178356716e+01 2.435751150305569840e-05
1.348597194388777609e+01 2.318324806646971777e-05
1.349899799599198502e+01 2.206031422634136707e-05
1.351202404809619217e+01 2.098014028551162697e-05
1.352505010020040110e+01 1.994877937611040487e-05
1.353807615230461003e+01 1.895931812907522660e-05
1.355110220440881719e+01 1.801228168420402435e-05
1.356412825651302612e+01 1.710807405856636378e-05
1.357715430861723505e+01 1.623963072908168987e-05
1.359018036072144398e+01 1.541188559724184987e-05
1.360320641282565113e+01 1.461897156062725276e-05
1.361623246492986006e+01 1.386140495737680351e-05
1.362925851703406721e+01 1.313933560935704602e-05
1.364228456913827614e+01 1.244700429549167258e-05
1.365531062124248507e+01 1.178836838311254087e-05
1.366833667334669400e+01 1.115848284295707798e-05
1.368136272545090293e+01 1.055784511659176488e-05
1.369438877755511008e+01 9.986417173396254870e-06
1.370741482965931901e+01 9.439540297534367635e-06
1.372044088176352616e+01 8.920346557762902424e-06
1.373346693386773509e+01 8.424708169900305688e-06
1.374649298597194402e+01 7.953081264970172839e-06
1.375951903807615295e+01 7.505296474274351087e-06
1.377254509018036188e+01 7.077614716945740476e-06
1.378557114228456904e+01 6.672483330373326754e-06
1.379859719438877796e+01 6.286498883389905514e-06
1.381162324649298512e+01 5.920050044921194834e-06
1.382464929859719405e+01 5.572884199231342912e-06
1.383767535070140298e+01 5.242040321501606136e-06
1.385070140280561191e+01 4.929392435591736749e-06
1.386372745490982084e+01 4.632158916709500982e-06
1.387675350701402799e+01 4.350667812074235911e-06
1.388977955911823692e+01 4.084620457462517067e-06
1.390280561122244407e+01 3.831693895670591401e-06
1.391583166332665300e+01 3.593297262019562639e-06
1.392885771543086193e+01 3.367183877178567239e-06
1.394188376753507086e+01 3.153620932640300459e-06
1.395490981963927979e+01 2.952292755464100538e-06
1.396793587174348694e+01 2.761395778430409709e-06
1.398096192384769587e+01 2.581968393624304812e-06
1.399398797595190302e+01 2.412219960193216630e-06
1.400701402805611195e+01 2.252358506409165896e-06
1.402004008016032088e+01 2.102073072430396819e-06
1.403306613226452981e+01 1.959983421164817127e-06
1.404609218436873697e+01 1.826833710526821795e-06
1.405911823647294590e+01 1.701213514953990564e-06
1.407214428857715482e+01 1.583282663292830988e-06
1.408517034068136198e+01 1.472749759466295530e-06
1.409819639278557091e+01 1.368568058004738172e-06
1.411122244488977984e+01 1.271259503592038721e-06
1.412424849699398877e+01 1.179731005221395813e-06
1.413727454909819592e+01 1.094096509607411322e-06
1.415030060120240485e+01 1.014094660307163436e-06
1.416332665330661378e+01 9.389430969162712963e-07
1.417635270541082093e+01 8.689960902338920187e-07
1.418937875751502986e+01 8.034196642662065494e-07
1.420240480961923879e+01 7.422903963332793725e-07
1.421543086172344772e+01 6.853821696652398179e-07
1.422845691382765487e+01 6.321197900713927586e-07
1.424148296593186380e+01 5.827338989354077950e-07
1.425450901803607273e+01 5.365984044168556264e-07
1.426753507014027988e+01 4.937617274912283009e-07
1.428056112224448881e+01 4.540342495313674361e-07
1.429358717434869774e+01 4.169988342421054097e-07
1.430661322645290667e+01 3.827991378744395514e-07
1.431963927855711383e+01 3.509731108732400714e-07
1.433266533066132276e+01 3.215488985064918114e-07
1.434569138276553169e+01 2.943723674179551382e-07
1.435871743486973884e+01 2.691456052445871592e-07
1.437174348697394777e+01 2.459528760531850985e-07
1.438476953907815670e+01 2.244601492759540407e-07
1.439779559118236563e+01 2.046807666054040172e-07
1.441082164328657278e+01 1.864931821423314985e-07
1.442384769539078171e+01 1.696883072874311072e-07
1.443687374749499064e+01 1.543115931800333506e-07
1.444989979959919779e+01 1.401265429220660119e-07
1.446292585170340672e+01 1.271368937975462032e-07
1.447595190380761565e+01 1.152496151054808237e-07
1.448897795591182458e+01 1.043208841939093345e-07
1.450200400801603173e+01 9.437195934879386384e-08
1.451503006012024066e+01 8.523896259265261566e-08
1.452805611222444959e+01 7.692023823104876996e-08
1.454108216432865675e+01 6.934673344060834427e-08
1.455410821643286567e+01 6.242145222800967437e-08
1.456713426853707460e+01 5.615166458637237918e-08
1.458016032064128353e+01 5.042647758956761572e-08
1.459318637274549069e+01 4.524167305640013287e-08
1.460621242484969962e+01 4.054758239789692910e-08
1.461923847695390855e+01 3.628019506112732104e-08
1.463226452905811570e+01 3.243953697550473290e-08
1.464529058116232463e+01 2.895252819529263068e-08
1.465831663326653356e+01 2.581415867328438368e-08
1.467134268537074249e+01 2.298984196601953491e-08
1.468436873747494964e+01 2.043833379461105857e-08
1.469739478957915857e+01 1.815655692097438644e-08
1.471042084168336750e+01 1.609767641267055314e-08
1.472344689378757465e+01 1.425695490899833414e-08
1.473647294589178358e+01 1.261112146644598118e-08
1.474949899799599251e+01 1.113428945550879401e-08
1.476252505010020144e+01 9.822598749497310750e-09
1.477555110220440859e+01 8.646911755948858400e-09
1.478857715430861752e+01 7.603310226827866028e-09
1.480160320641282645e+01 6.676696390467510238e-09
1.481462925851703361e+01 5.851261861841864386e-09
1.482765531062124253e+01 5.123506916394094460e-09
1.484068136272545146e+01 4.475896018776945919e-09
1.485370741482966039e+01 3.905451812181789771e-09
1.486673346693386755e+01 3.402743641664418769e-09
1.487975951903807648e+01 2.958422907007750382e-09
1.489278557114228541e+01 2.569770507809308417e-09
1.490581162324649256e+01 2.226596512753055300e-09
1.491883767535070149e+01 1.926804034821390498e-09
1.493186372745491042e+01 1.664736655371287743e-09
1.494488977955911757e+01 1.435051464637364365e-09
1.495791583166332650e+01 1.235844634175783810e-09
1.497094188376753543e+01 1.061414148244465112e-09
1.498396793587174258e+01 9.103815631155782944e-10
1.499699398797595151e+01 7.794981555354285282e-10
1.501002004008016044e+01 6.658216897860507306e-10
1.502304609218436937e+01 5.681256280113047318e-10
1.503607214428857652e+01 4.833478413946518295e-10
1.504909819639278545e+01 4.106392924225852443e-10
1.506212424849699438e+01 3.482180193051155864e-10
1.507515030060120154e+01 2.945281726144158208e-10
1.508817635270541047e+01 2.488359720044917635e-10
1.510120240480961940e+01 2.095686905646191782e-10
1.511422845691382832e+01 1.762341058870545106e-10
1.512725450901803548e+01 1.479018290545691990e-10
1.514028056112224441e+01 1.237863821081883339e-10
1.515330661322645334e+01 1.034780613866857524e-10
1.516633266533066049e+01 8.620637709158278902e-11
1.517935871743486942e+01 7.170430805074945706e-11
1.519238476953907835e+01 5.951099934134207501e-11
1.520541082164328728e+01 4.924815642251185607e-11
1.521843687374749443e+01 4.070252492902660065e-11
1.523146292585170336e+01 3.351583976661563689e-11
1.524448897795591229e+01 2.755219754924509578e-11
1.525751503006011944e+01 2.259584239320076817e-11
1.527054108216432837e+01 1.847409980559661365e-11
1.528356713426853730e+01 1.508330201481168760e-11
1.529659318637274623e+01 1.226587054430745696e-11
1.530961923847695338e+01 9.957251808845942612e-12
1.532264529058116231e+01 8.062343445929324377e-12
1.533567134268537124e+01 6.506708026545510153e-12
1.534869739478957840e+01 5.243446927879118929e-12
1.536172344689378733e+01 4.207310716547133598e-12
1.537474949899799626e+01 3.369690565816344260e-12
1.538777555110220518e+01 2.691299419100268500e-12
1.540080160320641234e+01 2.142036477186424973e-12
1.541382765531062127e+01 1.702168725717569162e-12
1.542685370741483020e+01 1.346357184631390064e-12
1.543987975951903735e+01 1.062854448971108289e-12
1.545290581162324628e+01 8.365162495505440734e-13
1.546593186372745521e+01 6.559563145788172190e-13
1.547895791583166414e+01 5.134964948913853283e-13
1.549198396793587129e+01 3.999657114329646364e-13
1.550501002004008022e+01 3.108994946807590123e-13
1.551803607214428915e+01 2.408776102499796389e-13
1.553106212424849630e+01 1.858983476810047590e-13
1.554408817635270523e+01 1.432072767676860240e-13
1.555711422845691416e+01 1.097252132335129761e-13
1.557014028056112309e+01 8.389063152279905155e-14
1.558316633266533024e+01 6.391198202103209086e-14
1.559619238476953917e+01 4.848992831731489788e-14
1.560921843687374810e+01 3.671779137377833959e-14
1.562224448897795526e+01 2.764185938135961359e-14
1.563527054108216419e+01 2.076229795885880949e-14
1.564829659318637312e+01 1.553528943129649620e-14
1.566132264529058205e+01 1.157316484736575008e-14
1.567434869739478920e+01 8.603599540903584652e-15
1.568737474949899813e+01 6.355797311475961265e-15
1.570040080160320706e+01 4.684071117020664253e-15
1.571342685370741421e+01 3.437719514289459440e-15
1.572645290581162314e+01 2.511173161213829309e-15
1.573947895791583207e+01 1.830237883380205794e-15
1.575250501002004100e+01 1.324795340239820620e-15
1.576553106212424815e+01 9.564803594022000700e-16
1.577855711422845708e+01 6.873914108968077992e-16
1.579158316633266601e+01 4.914508988963401709e-16
1.580460921843687316e+01 3.504845349246838990e-16
1.581763527054108209e+01 2.479671623162822650e-16
1.583066132264529102e+01 1.748994156671710977e-16
1.584368737474949818e+01 1.226656868647362461e-16
1.585671342685370711e+01 8.544108864665916241e-17
1.586973947895791603e+01 5.931213878618132073e-17
1.588276553106212496e+01 4.066012409125486143e-17
1.589579158316633212e+01 2.770646394016080996e-17
1.590881763527054105e+01 1.866475651884429381e-17
1.592184368737474998e+01 1.233648438584774833e-17
1.593486973947895713e+01 8.076576081700994294e-18
1.594789579158316606e+01 5.007686251319857613e-18
1.596092184368737499e+01 2.960694123846785068e-18
1.597394789579158392e+01 1.594621149357929402e-18
1.598697394789579107e+01 4.183523867558297425e-19
1.600000000000000000e+01 7.687626299999997286e-20
