# # logM dndlogM
9.500000000000000000e+00 9.193375800000003206e-02
9.509018036072143687e+00 8.929983648311240474e-02
9.518036072144287374e+00 8.674137737207056331e-02
9.527054108216432837e+00 8.425013960864607965e-02
9.536072144288578301e+00 8.182436364454642730e-02
9.545090180360720211e+00 7.946843194486481743e-02
9.554108216432865675e+00 7.716913874174118060e-02
9.563126252505011138e+00 7.493620572916628864e-02
9.572144288577153048e+00 7.276263785104443438e-02
9.581162324649298512e+00 7.064653752213660709e-02
9.590180360721443975e+00 6.859197812596912192e-02
9.599198396793585886e+00 6.658745311352595730e-02
9.608216432865731349e+00 6.464121520051227532e-02
9.617234468937876812e+00 6.274732242022362794e-02
9.626252505010018723e+00 6.090379116662266584e-02
9.635270541082164186e+00 5.911442329963121495e-02
9.644288577154309650e+00 5.736913440213958770e-02
9.653306613226451560e+00 5.567498325333244957e-02
9.662324649298597024e+00 5.402699642355639209e-02
9.671342685370742487e+00 5.242315369929057695e-02
9.680360721442884397e+00 5.086692257023631147e-02
9.689378757515029861e+00 4.934942275294257330e-02
9.698396793587175324e+00 4.787672976617200760e-02
9.707414829659317235e+00 4.644468679426376478e-02
9.716432865731462698e+00 4.505127308426790100e-02
9.725450901803608161e+00 4.369966397887202481e-02
9.734468937875750072e+00 4.238214225196881152e-02
9.743486973947895535e+00 4.110383268882051438e-02
9.752505010020040999e+00 3.986126450397192017e-02
9.761523046092182909e+00 3.865244453229918498e-02
9.770541082164328373e+00 3.748028284886893019e-02
9.779559118236473836e+00 3.633798876579503317e-02
9.788577154308615746e+00 3.522996094564104230e-02
9.797595190380761210e+00 3.415335182865072983e-02
9.806613226452906673e+00 3.310622922368498117e-02
9.815631262525050360e+00 3.209121081028840777e-02
9.824649298597194047e+00 3.110235549909270633e-02
9.833667334669339510e+00 3.014340389814856164e-02
9.842685370741483197e+00 2.921202257545290129e-02
9.851703406813626884e+00 2.830635450005892020e-02
9.860721442885772348e+00 2.742876509195559670e-02
9.869739478957916035e+00 2.657409956311021851e-02
9.878757515030059722e+00 2.574549578290914048e-02
9.887775551102205185e+00 2.494102910434267337e-02
9.896793587174348872e+00 2.415891884654800328e-02
9.905811623246492559e+00 2.340133429909145926e-02
9.914829659318638022e+00 2.266383540762661672e-02
9.923847695390781709e+00 2.194902102719494680e-02
9.932865731462925396e+00 2.125531923158043360e-02
9.941883767535070859e+00 2.058104147331146425e-02
9.950901803607214546e+00 1.992815367820161693e-02
9.959919839679358233e+00 1.929279565658716458e-02
9.968937875751503697e+00 1.867714781121531872e-02
9.977955911823647384e+00 1.807995334247072122e-02
9.986973947895791071e+00 1.749963085010041580e-02
9.995991983967936534e+00 1.693793529712369142e-02
1.000501002004008022e+01 1.639154767785407432e-02
1.001402805611222391e+01 1.586226228854868345e-02
1.002304609218436937e+01 1.534904990309508138e-02
1.003206412825651306e+01 1.485041170200151854e-02
1.004108216432865675e+01 1.436797255278149214e-02
1.005010020040080221e+01 1.389891156772966527e-02
1.005911823647294590e+01 1.344467369496293689e-02
1.006813627254508958e+01 1.300443183206096906e-02
1.007715430861723505e+01 1.257679042363293170e-02
1.008617234468937873e+01 1.216321169603286866e-02
1.009519038076152242e+01 1.176126199875704784e-02
1.010420841683366788e+01 1.137213094274349724e-02
1.011322645290581157e+01 1.099517453915146124e-02
1.012224448897795526e+01 1.062910710718530626e-02
1.013126252505010072e+01 1.027522732756321402e-02
1.014028056112224441e+01 9.931438227756600803e-03
1.014929859719438809e+01 9.598714643819717535e-03
1.015831663326653356e+01 9.276561573332351221e-03
1.016733466933867724e+01 8.963798208496099110e-03
1.017635270541082093e+01 8.661579798448374237e-03
1.018537074148296639e+01 8.368118205796901132e-03
1.019438877755511008e+01 8.084194936116124997e-03
1.020340681362725377e+01 7.809431918633267904e-03
1.021242484969939923e+01 7.542748850332194575e-03
1.022144288577154292e+01 7.285172700390853302e-03
1.023046092184368661e+01 7.035160134129149999e-03
1.023947895791583207e+01 6.793349039847571165e-03
1.024849699398797576e+01 6.559468268706286978e-03
1.025751503006011944e+01 6.332543002143573886e-03
1.026653306613226491e+01 6.113468231153799601e-03
1.027555110220440859e+01 5.900921488257596624e-03
1.028456913827655228e+01 5.695414697059164068e-03
1.029358717434869774e+01 5.496756665934818785e-03
1.030260521042084143e+01 5.304066011618941562e-03
1.031162324649298512e+01 5.118130193021150527e-03
1.032064128256513058e+01 4.937827651169287430e-03
1.032965931863727427e+01 4.763558876440561821e-03
1.033867735470941795e+01 4.595189790646989243e-03
1.034769539078156342e+01 4.431920118939970503e-03
1.035671342685370711e+01 4.274451510282337510e-03
1.036573146292585079e+01 4.121836759176890873e-03
1.037474949899799626e+01 3.974384052477449546e-03
1.038376753507013994e+01 3.832006025079167690e-03
1.039278557114228363e+01 3.693984944827050348e-03
1.040180360721442909e+01 3.560935103782067457e-03
1.041082164328657278e+01 3.432051389380554474e-03
1.041983967935871647e+01 3.307571985107741509e-03
1.042885771543086193e+01 3.187449196330807699e-03
1.043787575150300562e+01 3.071043389357271548e-03
1.044689378757514930e+01 2.958888728382473056e-03
1.045591182364729477e+01 2.850308241888232716e-03
1.046492985971943845e+01 2.745479455973802007e-03
1.047394789579158214e+01 2.644379386610487635e-03
1.048296593186372760e+01 2.546430503086625878e-03
1.049198396793587129e+01 2.452109685880401579e-03
1.050100200400801498e+01 2.360853457731993798e-03
1.051002004008016044e+01 2.272788372466836432e-03
1.051903807615230413e+01 2.187909202506422689e-03
1.052805611222444782e+01 2.105702055941571782e-03
1.053707414829659328e+01 2.026583709834507783e-03
1.054609218436873697e+01 1.950079471246521151e-03
1.055511022044088065e+01 1.876280153256090896e-03
1.056412825651302612e+01 1.805197984042166467e-03
1.057314629258516980e+01 1.736381697264550083e-03
1.058216432865731349e+01 1.670188768903973012e-03
1.059118236472945895e+01 1.606220323643867999e-03
1.060020040080160264e+01 1.544538963962151018e-03
1.060921843687374633e+01 1.485168497613690739e-03
1.061823647294589179e+01 1.427710700646765652e-03
1.062725450901803548e+01 1.372475815381518768e-03
1.063627254509017916e+01 1.319133035790732902e-03
1.064529058116232463e+01 1.267721207307563993e-03
1.065430861723446831e+01 1.218269662786836171e-03
1.066332665330661200e+01 1.170427868481454430e-03
1.067234468937875747e+01 1.124464834972850125e-03
1.068136272545090115e+01 1.080104814232754271e-03
1.069038076152304662e+01 1.037369775569063840e-03
1.069939879759519030e+01 9.962941331562609731e-04
1.070841683366733399e+01 9.565748441429883318e-04
1.071743486973947945e+01 9.184390452529733045e-04
1.072645290581162314e+01 8.816549873987059287e-04
1.073547094188376683e+01 8.462330359726016882e-04
1.074448897795591229e+01 8.122119179127088072e-04
1.075350701402805598e+01 7.793292892031754510e-04
1.076252505010019966e+01 7.477779229966938657e-04
1.077154308617234513e+01 7.173669571470759959e-04
1.078056112224448881e+01 6.880967831643167295e-04
1.078957915831663250e+01 6.600053791053668573e-04
1.079859719438877796e+01 6.328643797511031939e-04
1.080761523046092165e+01 6.068394831882293044e-04
1.081663326653306711e+01 5.817735257195617979e-04
1.082565130260521080e+01 5.576600820694196979e-04
1.083466933867735449e+01 5.345359742721421739e-04
1.084368737474949995e+01 5.122048930263487692e-04
1.085270541082164364e+01 4.908067278303828666e-04
1.086172344689378733e+01 4.702116652971943442e-04
1.087074148296593279e+01 4.504089581183605981e-04
1.087975951903807648e+01 4.314341290542898950e-04
1.088877755511022016e+01 4.131191406825520740e-04
1.089779559118236563e+01 3.955816494452916998e-04
1.090681362725450931e+01 3.787154695502332850e-04
1.091583166332665300e+01 3.625069479052840660e-04
1.092484969939879846e+01 3.469889438672388218e-04
1.093386773547094215e+01 3.320169957665101285e-04
1.094288577154308584e+01 3.176910602661617354e-04
1.095190380761523130e+01 3.039250605668973918e-04
1.096092184368737499e+01 2.907036783209492265e-04
1.096993987975951867e+01 2.780564003112859597e-04
1.097895791583166414e+01 2.658592436392907799e-04
1.098797595190380783e+01 2.541971245737499217e-04
1.099699398797595151e+01 2.429999130528082553e-04
1.100601202404809698e+01 2.322517868389047915e-04
1.101503006012024066e+01 2.219790608655165896e-04
1.102404809619238435e+01 2.120787049011307499e-04
1.103306613226452981e+01 2.026195077453264888e-04
1.104208416833667350e+01 1.935449218817392430e-04
1.105110220440881719e+01 1.848393116255703564e-04
1.106012024048096265e+01 1.765252779046841229e-04
1.106913827655310634e+01 1.685187088086178534e-04
1.107815631262525002e+01 1.608739841212554239e-04
1.108717434869739549e+01 1.535467276315231595e-04
1.109619238476953917e+01 1.465219477943337548e-04
1.110521042084168286e+01 1.398185524146458418e-04
1.111422845691382832e+01 1.333681630428143851e-04
1.112324649298597201e+01 1.272134875059172435e-04
1.113226452905811570e+01 1.213196388564410238e-04
1.114128256513026116e+01 1.156726107258554669e-04
1.115030060120240485e+01 1.102884330868172480e-04
1.115931863727454854e+01 1.051124313962001404e-04
1.116833667334669400e+01 1.001772064350946179e-04
1.117735470941883769e+01 9.545525190148311176e-05
1.118637274549098137e+01 9.093370237054542371e-05
1.119539078156312684e+01 8.662633078952021286e-05
1.120440881763527052e+01 8.248927125142175784e-05
1.121342685370741421e+01 7.854754327184452199e-05
1.122244488977955967e+01 7.477988159875952675e-05
1.123146292585170336e+01 7.117470207062242930e-05
1.124048096192384705e+01 6.774333024520178210e-05
1.124949899799599251e+01 6.445047520982589778e-05
1.125851703406813620e+01 6.131544070924217619e-05
1.126753507014027988e+01 5.832180755095127308e-05
1.127655310621242535e+01 5.545928077974401774e-05
1.128557114228456904e+01 5.273725136038497356e-05
1.129458917835671272e+01 5.012773369102159580e-05
1.130360721442885819e+01 4.764522377812776437e-05
1.131262525050100187e+01 4.527702636727252180e-05
1.132164328657314556e+01 4.301408603470841549e-05
1.133066132264529102e+01 4.086424718781147300e-05
1.133967935871743471e+01 3.880534135713039322e-05
1.134869739478957840e+01 3.684822325810327887e-05
1.135771543086172386e+01 3.498323279636147965e-05
1.136673346693386755e+01 3.320253147772018966e-05
1.137575150300601123e+01 3.151247064404118112e-05
1.138476953907815670e+01 2.989543266911553606e-05
1.139378757515030038e+01 2.835960043880244558e-05
1.140280561122244407e+01 2.689769523043323432e-05
1.141182364729458953e+01 2.550300691130115473e-05
1.142084168336673322e+01 2.418063540187580091e-05
1.142985971943887691e+01 2.291665988536749495e-05
1.143887775551102237e+01 2.171717655356602994e-05
1.144789579158316606e+01 2.057670256144279679e-05
1.145691382765530975e+01 1.948953620801209010e-05
1.146593186372745521e+01 1.845981009198087276e-05
1.147494989979959890e+01 1.747666878776873604e-05
1.148396793587174258e+01 1.654452185891047152e-05
1.149298597194388805e+01 1.565926135720259381e-05
1.150200400801603173e+01 1.481609056959138940e-05
1.151102204408817542e+01 1.401832019780209065e-05
1.152004008016032088e+01 1.325745190254003171e-05
1.152905811623246457e+01 1.253670145346808634e-05
1.153807615230460826e+01 1.185303649483970218e-05
1.154709418837675372e+01 1.120247158070556037e-05
1.155611222444889741e+01 1.058761352596461118e-05
1.156513026052104109e+01 1.000187259103488093e-05
1.157414829659318656e+01 9.447538025047885255e-06
1.158316633266533024e+01 8.922363420216255329e-06
1.159218436873747393e+01 8.423044125846699585e-06
1.160120240480961940e+01 7.951668073193129597e-06
1.161022044088176308e+01 7.503179730984562680e-06
1.161923847695390677e+01 7.079158336713007323e-06
1.162825651302605223e+01 6.677948319872696023e-06
1.163727454909819592e+01 6.296838213875560195e-06
1.164629258517033961e+01 5.937478038536155408e-06
1.165531062124248507e+01 5.595990117619044624e-06
1.166432865731462876e+01 5.273457913137237655e-06
1.167334669338677244e+01 4.968676374389878700e-06
1.168236472945891791e+01 4.679440148622132981e-06
1.169138276553106159e+01 4.407040920878204293e-06
1.170040080160320528e+01 4.148520217284818355e-06
1.170941883767535074e+01 3.904604935918014803e-06
1.171843687374749443e+01 3.674423939027693787e-06
1.172745490981963812e+01 3.456197834217323690e-06
1.173647294589178358e+01 3.250932300536148072e-06
1.174549098196392727e+01 3.056393264339367346e-06
1.175450901803607096e+01 2.873046181319006986e-06
1.176352705410821642e+01 2.700261440368500939e-06
1.177254509018036011e+01 2.536612752406269696e-06
1.178156312625250557e+01 2.382881953382979757e-06
1.179058116232464926e+01 2.237382405658075120e-06
1.179959919839679294e+01 2.100406787737425604e-06
1.180861723446893841e+01 1.971510396603824917e-06
1.181763527054108209e+01 1.849566932765107867e-06
1.182665330661322578e+01 1.735166015188684625e-06
1.183567134268537124e+01 1.627037248177942206e-06
1.184468937875751493e+01 1.525358958156113493e-06
1.185370741482965862e+01 1.429821363555120772e-06
1.186272545090180408e+01 1.339541748660153846e-06
1.187174348697394777e+01 1.254962432469173393e-06
1.188076152304609145e+01 1.175135139385753278e-06
1.188977955911823692e+01 1.100159044051136384e-06
1.189879759519038060e+01 1.029818416494727557e-06
1.190781563126252607e+01 9.634240111746026322e-07
1.191683366733466976e+01 9.013101828836113642e-07
1.192585170340681344e+01 8.427757832538706330e-07
1.193486973947895891e+01 7.878671532759618213e-07
1.194388777555110259e+01 7.364351314076413972e-07
1.195290581162324628e+01 6.879482112303536655e-07
1.196192384769539174e+01 6.426536719268288272e-07
1.197094188376753543e+01 6.000333038086098099e-07
1.197995991983967912e+01 5.601031395942992773e-07
1.198897795591182458e+01 5.227626456807732076e-07
1.199799599198396827e+01 4.876057556378149790e-07
1.200701402805611195e+01 4.548132405702024975e-07
1.201603206412825742e+01 4.240063762581735041e-07
1.202505010020040110e+01 3.951823064651990406e-07
1.203406813627254479e+01 3.682726028270862383e-07
1.204308617234469025e+01 3.429676697315200679e-07
1.205210420841683394e+01 3.194015019800416906e-07
1.206112224448897763e+01 2.973004156708581065e-07
1.207014028056112309e+01 2.766507395755522302e-07
1.207915831663326678e+01 2.574058557601700087e-07
1.208817635270541047e+01 2.393323539539211188e-07
1.209719438877755593e+01 2.225278654984952006e-07
1.210621242484969962e+01 2.067949179738461242e-07
1.211523046092184330e+01 1.921159976119756004e-07
1.212424849699398877e+01 1.784602198968266243e-07
1.213326653306613245e+01 1.656534885062477478e-07
1.214228456913827614e+01 1.537657987318078629e-07
1.215130260521042160e+01 1.426557594034683979e-07
1.216032064128256529e+01 1.323052203772059232e-07
1.216933867735470898e+01 1.226938608381696690e-07
1.217835671342685444e+01 1.136925813489484176e-07
1.218737474949899813e+01 1.053516693132393944e-07
1.219639278557114181e+01 9.757115044831210138e-08
1.220541082164328728e+01 9.033385304999765784e-08
1.221442885771543096e+01 8.362616335789182134e-08
1.222344689378757465e+01 7.735328198542058612e-08
1.223246492985972012e+01 7.155093566003262891e-08
1.224148296593186380e+01 6.614850927102172870e-08
1.225050100200400749e+01 6.113111542481231512e-08
1.225951903807615295e+01 5.649008498405436875e-08
1.226853707414829664e+01 5.215694017640356716e-08
1.227755511022044033e+01 4.815617482842921895e-08
1.228657314629258579e+01 4.443829985449070505e-08
1.229559118236472948e+01 4.099096101618414972e-08
1.230460921843687316e+01 3.780868448930706761e-08
1.231362725450901863e+01 3.484223090846141352e-08
1.232264529058116231e+01 3.210852403557959280e-08
1.233166332665330600e+01 2.957334010825290048e-08
1.234068136272545146e+01 2.722667670824792118e-08
1.234969939879759515e+01 2.506497064049676466e-08
1.235871743486973884e+01 2.305313682231853925e-08
1.236773547094188430e+01 2.120278235993168029e-08
1.237675350701402799e+01 1.949030093480986067e-08
1.238577154308617168e+01 1.790788761835953957e-08
1.239478957915831714e+01 1.645336119986122671e-08
1.240380761523046083e+01 1.510215970966126917e-08
1.241282565130260451e+01 1.386192311258807323e-08
1.242184368737474998e+01 1.271651372081887819e-08
1.243086172344689366e+01 1.165998164236792688e-08
1.243987975951903735e+01 1.069100389443729558e-08
1.244889779559118281e+01 9.792481366946620948e-09
1.245791583166332650e+01 8.969474921984893956e-09
1.246693386773547019e+01 8.211103774397714359e-09
1.247595190380761565e+01 7.512907195719291732e-09
1.248496993987975934e+01 6.874040605318671828e-09
1.249398797595190302e+01 6.282675890541714952e-09
1.250300601202404849e+01 5.742185508047869114e-09
1.251202404809619217e+01 5.245299204207851465e-09
1.252104208416833586e+01 4.788740970690702975e-09
1.253006012024048133e+01 4.371922209122990913e-09
1.253907815631262501e+01 3.986940006403245123e-09
1.254809619238476870e+01 3.635817745739524850e-09
1.255711422845691416e+01 3.313778932150725941e-09
1.256613226452905785e+01 3.018466714696525391e-09
1.257515030060120154e+01 2.749471673965118197e-09
1.258416833667334700e+01 2.501607425265680501e-09
1.259318637274549069e+01 2.276021463512293724e-09
1.260220440881763437e+01 2.069633228557148581e-09
1.261122244488977984e+01 1.880774318653999012e-09
1.262024048096192352e+01 1.709149229390040449e-09
1.262925851703406721e+01 1.551379246394142323e-09
1.263827655310621267e+01 1.408104047127448414e-09
1.264729458917835636e+01 1.277358633547732483e-09
1.265631262525050005e+01 1.157982257258155491e-09
1.266533066132264551e+01 1.049762277333496571e-09
1.267434869739478920e+01 9.505293175870261565e-10
1.268336673346693289e+01 8.606171096633438194e-10
1.269238476953907835e+01 7.787796824392700074e-10
1.270140280561122204e+01 7.042235459361628442e-10
1.271042084168336572e+01 6.368050089565325413e-10
1.271943887775551119e+01 5.751522696911477206e-10
1.272845691382765487e+01 5.194214002704111148e-10
1.273747494989979856e+01 4.688312170792568754e-10
1.274649298597194402e+01 4.228479685694327966e-10
1.275551102204408771e+01 3.813747848046398046e-10
1.276452905811623317e+01 3.435495610634586251e-10
1.277354709418837686e+01 3.094406146592891324e-10
1.278256513026052055e+01 2.785657140261898258e-10
1.279158316633266601e+01 2.505716859234052445e-10
1.280060120240480970e+01 2.253908741281634000e-10
1.280961923847695338e+01 2.024882882804165902e-10
1.281863727454909885e+01 1.818875767286103858e-10
1.282765531062124253e+01 1.632929952924832994e-10
1.283667334669338622e+01 1.464744429727445783e-10
1.284569138276553169e+01 1.313881370462127216e-10
1.285470941883767537e+01 1.177083178225605286e-10
1.286372745490981906e+01 1.054355829277291680e-10
1.287274549098196452e+01 9.439050525339336218e-11
1.288176352705410821e+01 8.442563114950055685e-11
1.289078156312625190e+01 7.551275603258038972e-11
1.289979959919839736e+01 6.745492084121853348e-11
1.290881763527054105e+01 6.024539736541225478e-11
1.291783567134268473e+01 5.377726236586342296e-11
1.292685370741483020e+01 4.795768660772090126e-11
1.293587174348697388e+01 4.276788374084972106e-11
1.294488977955911757e+01 3.809002240051926371e-11
1.295390781563126303e+01 3.391627318070491832e-11
1.296292585170340672e+01 3.018366636810039633e-11
1.297194388777555041e+01 2.683470447400739791e-11
1.298096192384769587e+01 2.385731923436358914e-11
1.298997995991983956e+01 2.118240660705515397e-11
1.299899799599198325e+01 1.880266978612209580e-11
1.300801603206412871e+01 1.668134628198490380e-11
1.301703406813627240e+01 1.478338548224406965e-11
1.302605210420841608e+01 1.310136979487369459e-11
1.303507014028056155e+01 1.159526321601978058e-11
1.304408817635270523e+01 1.025937705266564381e-11
1.305310621242484892e+01 9.072635715083062053e-12
1.306212424849699438e+01 8.014086966617824741e-12
1.307114228456913807e+01 7.079044273952479696e-12
1.308016032064128176e+01 6.244524633142023160e-12
1.308917835671342722e+01 5.506598856618088838e-12
1.309819639278557091e+01 4.853388094538169123e-12
1.310721442885771459e+01 4.272590798334967550e-12
1.311623246492986006e+01 3.761296598258802374e-12
1.312525050100200374e+01 3.306585625884357300e-12
1.313426853707414921e+01 2.905796193506306878e-12
1.314328657314629289e+01 2.552289729873164604e-12
1.315230460921843658e+01 2.238955684554704601e-12
1.316132264529058205e+01 1.964088362980952846e-12
1.317034068136272573e+01 1.720552987141871066e-12
1.317935871743486942e+01 1.506615048031357667e-12
1.318837675350701488e+01 1.318621613380388573e-12
1.319739478957915857e+01 1.152543495484747642e-12
1.320641282565130226e+01 1.007382630092688898e-12
1.321543086172344772e+01 8.792455352727495208e-13
1.322444889779559141e+01 7.670677103052838216e-13
1.323346693386773509e+01 6.688793523489846317e-13
1.324248496993988056e+01 5.824442508499936317e-13
1.325150300601202424e+01 5.071786177236057567e-13
1.326052104208416793e+01 4.409960920008383492e-13
1.326953907815631339e+01 3.832623766277748531e-13
1.327855711422845708e+01 3.329298443215473577e-13
1.328757515030060077e+01 2.887783461827807023e-13
1.329659318637274623e+01 2.504819998759800619e-13
1.330561122244488992e+01 2.169474800213211546e-13
1.331462925851703361e+01 1.878030378223535611e-13
1.332364729458917907e+01 1.624985330771803280e-13
1.333266533066132276e+01 1.403808416107435066e-13
1.334168336673346644e+01 1.212735913251647424e-13
1.335070140280561191e+01 1.046122042618950579e-13
1.335971943887775559e+01 9.018762676462765680e-14
1.336873747494989928e+01 7.771755955086290804e-14
1.337775551102204474e+01 6.686082117991141944e-14
1.338677354709418843e+01 5.752071262513779916e-14
1.339579158316633212e+01 4.941071303066832338e-14
1.340480961923847758e+01 4.241717033282044958e-14
1.341382765531062127e+01 3.639796016625850320e-14
1.342284569138276495e+01 3.117831800199484554e-14
1.343186372745491042e+01 2.670719757352305460e-14
1.344088176352705410e+01 2.284263066695973171e-14
1.344989979959919779e+01 1.952388609076590281e-14
1.345891783567134325e+01 1.668045593106677307e-14
1.346793587174348694e+01 1.422463196041340158e-14
1.347695390781563063e+01 1.213037312921182556e-14
1.348597194388777609e+01 1.032860744540728976e-14
1.349498997995991978e+01 8.787931086964926887e-15
1.350400801603206347e+01 7.474185815292044231e-15
1.351302605210420893e+01 6.344513485787953309e-15
1.352204408817635262e+01 5.385583442278079239e-15
1.353106212424849630e+01 4.564396041736584689e-15
1.354008016032064177e+01 3.865261031829881821e-15
1.354909819639278545e+01 3.272032913748402270e-15
1.355811623246492914e+01 2.764226800050805144e-15
1.356713426853707460e+01 2.335230116424924051e-15
1.357615230460921829e+01 1.969689173197873703e-15
1.358517034068136198e+01 1.659908106566921450e-15
1.359418837675350744e+01 1.398372763843831826e-15
1.360320641282565113e+01 1.175501985863138577e-15
1.361222444889779482e+01 9.881520539415341642e-16
1.362124248496994028e+01 8.293402518619766327e-16
1.363026052104208397e+01 6.953962663531175320e-16
1.363927855711422765e+01 5.829036110473848296e-16
1.364829659318637312e+01 4.875005583636972123e-16
1.365731462925851680e+01 4.077119954324762855e-16
1.366633266533066049e+01 3.404291870831966536e-16
1.367535070140280595e+01 2.839586385866883705e-16
1.368436873747494964e+01 2.367891458458955034e-16
1.369338677354709333e+01 1.969871800624293546e-16
1.370240480961923879e+01 1.638755398619516854e-16
1.371142284569138248e+01 1.361064490888515093e-16
1.372044088176352616e+01 1.129184520891843407e-16
1.372945891783567163e+01 9.365745148593140306e-17
1.373847695390781531e+01 7.748651088213408332e-17
1.374749498997995900e+01 6.410765265793119723e-17
1.375651302605210446e+01 5.295222265129892701e-17
1.376553106212424815e+01 4.368684911321561000e-17
1.377454909819639362e+01 3.603484870498197530e-17
1.378356713426853730e+01 2.964378720329808762e-17
1.379258517034068099e+01 2.438623031135193123e-17
1.380160320641282645e+01 2.002798950116101198e-17
1.381062124248497014e+01 1.642795369104020756e-17
1.381963927855711383e+01 1.347262059432737740e-17
1.382865731462925929e+01 1.101822570674882867e-17
1.383767535070140298e+01 9.010963893392833348e-18
1.384669338677354666e+01 7.357039519564548750e-18
1.385571142284569213e+01 5.998546024241884333e-18
1.386472945891783581e+01 4.890220266347092417e-18
1.387374749498997950e+01 3.974959858718998082e-18
1.388276553106212496e+01 3.231000858419285216e-18
1.389178356713426865e+01 2.621901504272913942e-18
1.390080160320641234e+01 2.124576980999277744e-18
1.390981963927855780e+01 1.721418651110922430e-18
1.391883767535070149e+01 1.390420141916686015e-18
1.392785571142284518e+01 1.123066820380955544e-18
1.393687374749499064e+01 9.055934592209312771e-19
1.394589178356713433e+01 7.291088467217020095e-19
1.395490981963927801e+01 5.869889266222886874e-19
1.396392785571142348e+01 4.710403773468870666e-19
1.397294589178356716e+01 3.779952687827819468e-19
1.398196392785571085e+01 3.028111704405072885e-19
1.399098196392785631e+01 2.421793331769744417e-19
1.400000000000000000e+01 1.936877999999999785e-19
