# # logM dndlogM
9.500000000000000000e+00 1.077890499999999835e-02
9.509018036072143687e+00 1.037359999632176712e-02
9.518036072144287374e+00 9.983535144217986490e-03
9.527054108216432837e+00 9.607005623816902706e-03
9.536072144288578301e+00 9.243554182531577706e-03
9.545090180360720211e+00 8.893852806078746120e-03
9.554108216432865675e+00 8.555354586268855768e-03
9.563126252505011138e+00 8.229709731696465552e-03
9.572144288577153048e+00 7.915531505554511404e-03
9.581162324649298512e+00 7.612369509289007574e-03
9.590180360721443975e+00 7.320818507928283404e-03
9.599198396793585886e+00 7.038759488834273742e-03
9.608216432865731349e+00 6.767517746761288894e-03
9.617234468937876812e+00 6.505965885517459545e-03
9.626252505010018723e+00 6.253669772429061580e-03
9.635270541082164186e+00 6.011157499249908387e-03
9.644288577154309650e+00 5.776660420265351467e-03
9.653306613226451560e+00 5.551247976308757402e-03
9.662324649298597024e+00 5.334014356363474089e-03
9.671342685370742487e+00 5.124548723902613671e-03
9.680360721442884397e+00 4.923308763187510088e-03
9.689378757515029861e+00 4.728814647237001428e-03
9.698396793587175324e+00 4.541932755248001552e-03
9.707414829659317235e+00 4.361936874586677670e-03
9.716432865731462698e+00 4.188443816640866069e-03
9.725450901803608161e+00 4.021851326498027297e-03
9.734468937875750072e+00 3.860935058133839991e-03
9.743486973947895535e+00 3.706382879022454904e-03
9.752505010020040999e+00 3.557613649300891533e-03
9.761523046092182909e+00 3.414274216793488671e-03
9.770541082164328373e+00 3.276710058089468518e-03
9.779559118236473836e+00 3.143899848236151370e-03
9.788577154308615746e+00 3.016397384541893208e-03
9.797595190380761210e+00 2.893743773732253017e-03
9.806613226452906673e+00 2.775617965400929091e-03
9.815631262525050360e+00 2.662314182682465336e-03
9.824649298597194047e+00 2.552985351101892154e-03
9.833667334669339510e+00 2.448072585261693197e-03
9.842685370741483197e+00 2.347214139681308865e-03
9.851703406813626884e+00 2.250120635684941302e-03
9.860721442885772348e+00 2.157043445478982677e-03
9.869739478957916035e+00 2.067285282973335171e-03
9.878757515030059722e+00 1.981192308037157089e-03
9.887775551102205185e+00 1.898478335496971451e-03
9.896793587174348872e+00 1.818883649866274814e-03
9.905811623246492559e+00 1.742626012576975643e-03
9.914829659318638022e+00 1.669135412538521332e-03
9.923847695390781709e+00 1.598679433813633873e-03
9.932865731462925396e+00 1.531033381905674839e-03
9.941883767535070859e+00 1.465966445486136882e-03
9.950901803607214546e+00 1.403664769618772137e-03
9.959919839679358233e+00 1.343659699513434459e-03
9.968937875751503697e+00 1.286160135810033309e-03
9.977955911823647384e+00 1.230992282439157112e-03
9.986973947895791071e+00 1.177953209964447334e-03
9.995991983967936534e+00 1.127199402189684070e-03
1.000501002004008022e+01 1.078349296402425538e-03
1.001402805611222391e+01 1.031562424122308428e-03
1.002304609218436937e+01 9.867022941194669543e-04
1.003206412825651306e+01 9.435894594070309664e-04
1.004108216432865675e+01 9.023603909815687898e-04
1.005010020040080221e+01 8.627076804280792155e-04
1.005911823647294590e+01 8.247499387951947409e-04
1.006813627254508958e+01 7.883812933365190283e-04
1.007715430861723505e+01 7.534453208120890731e-04
1.008617234468937873e+01 7.200574851936834830e-04
1.009519038076152242e+01 6.879675854766868206e-04
1.010420841683366788e+01 6.572655321053511848e-04
1.011322645290581157e+01 6.278708820260109217e-04
1.012224448897795526e+01 5.996486216223957449e-04
1.013126252505010072e+01 5.726949277427061200e-04
1.014028056112224441e+01 5.468066272284591084e-04
1.014929859719438809e+01 5.220512867418651082e-04
1.015831663326653356e+01 4.983682069990477952e-04
1.016733466933867724e+01 4.756413599019323753e-04
1.017635270541082093e+01 4.539509143483380399e-04
1.018537074148296639e+01 4.331334779269222011e-04
1.019438877755511008e+01 4.132383215156723924e-04
1.020340681362725377e+01 3.942197319929334042e-04
1.021242484969939923e+01 3.759784926045498269e-04
1.022144288577154292e+01 3.585813074007283678e-04
1.023046092184368661e+01 3.418957520771243107e-04
1.023947895791583207e+01 3.259583018784484526e-04
1.024849699398797576e+01 3.107356161798120069e-04
1.025751503006011944e+01 2.961438775389637636e-04
1.026653306613226491e+01 2.822373478843905807e-04
1.027555110220440859e+01 2.689094527780405480e-04
1.028456913827655228e+01 2.561864984546355752e-04
1.029358717434869774e+01 2.440442155002785479e-04
1.030260521042084143e+01 2.324118603313500466e-04
1.031162324649298512e+01 2.213339607822716840e-04
1.032064128256513058e+01 2.107255650525378943e-04
1.032965931863727427e+01 2.006048689708728845e-04
1.033867735470941795e+01 1.909541010359917085e-04
1.034769539078156342e+01 1.817134949762874826e-04
1.035671342685370711e+01 1.729200581571900465e-04
1.036573146292585079e+01 1.645064009144536266e-04
1.037474949899799626e+01 1.564846489166360575e-04
1.038376753507013994e+01 1.488420336689855639e-04
1.039278557114228363e+01 1.415286294643172628e-04
1.040180360721442909e+01 1.345745718752671283e-04
1.041082164328657278e+01 1.279262271666278968e-04
1.041983967935871647e+01 1.215915659959580639e-04
1.042885771543086193e+01 1.155617354030913694e-04
1.043787575150300562e+01 1.097953184815778495e-04
1.044689378757514930e+01 1.043166400921721325e-04
1.045591182364729477e+01 9.908344314855955517e-05
1.046492985971943845e+01 9.410050255054963359e-05
1.047394789579158214e+01 8.936158041573675419e-05
1.048296593186372760e+01 8.483205472995767075e-05
1.049198396793587129e+01 8.053211991357410015e-05
1.050100200400801498e+01 7.642879263497379073e-05
1.051002004008016044e+01 7.252448935979271779e-05
1.051903807615230413e+01 6.881486049714586424e-05
1.052805611222444782e+01 6.527134431674989511e-05
1.053707414829659328e+01 6.191029609211189707e-05
1.054609218436873697e+01 5.870578153529778972e-05
1.055511022044088065e+01 5.565881270966059765e-05
1.056412825651302612e+01 5.276660466517814633e-05
1.057314629258516980e+01 5.000588321057738674e-05
1.058216432865731349e+01 4.738960127408195256e-05
1.059118236472945895e+01 4.489744431965194700e-05
1.060020040080160264e+01 4.252949633662592540e-05
1.060921843687374633e+01 4.028404852174220264e-05
1.061823647294589179e+01 3.814210792904123497e-05
1.062725450901803548e+01 3.611405632394294632e-05
1.063627254509017916e+01 3.418416723423856594e-05
1.064529058116232463e+01 3.235187416077631975e-05
1.065430861723446831e+01 3.061613412779734224e-05
1.066332665330661200e+01 2.896151292940854117e-05
1.067234468937875747e+01 2.739631423285224953e-05
1.068136272545090115e+01 2.590834085317386161e-05
1.069038076152304662e+01 2.449669603056943380e-05
1.069939879759519030e+01 2.316085704917414148e-05
1.070841683366733399e+01 2.188848479433944279e-05
1.071743486973947945e+01 2.068601198888306286e-05
1.072645290581162314e+01 1.954393885778657429e-05
1.073547094188376683e+01 1.846124900439541261e-05
1.074448897795591229e+01 1.743781262550587316e-05
1.075350701402805598e+01 1.646377769860335599e-05
1.076252505010019966e+01 1.554415005655939439e-05
1.077154308617234513e+01 1.467165742945032857e-05
1.078056112224448881e+01 1.384521953598026980e-05
1.078957915831663250e+01 1.306487021727779029e-05
1.079859719438877796e+01 1.232272918824635126e-05
1.080761523046092165e+01 1.162274497346669408e-05
1.081663326653306711e+01 1.095936303182245617e-05
1.082565130260521080e+01 1.033153034031150192e-05
1.083466933867735449e+01 9.739386676414323447e-06
1.084368737474949995e+01 9.176704762834015606e-06
1.085270541082164364e+01 8.646531152537114244e-06
1.086172344689378733e+01 8.144622785939234052e-06
1.087074148296593279e+01 7.670009954298865988e-06
1.087975951903807648e+01 7.222900756267963645e-06
1.088877755511022016e+01 6.798403397480906698e-06
1.089779559118236563e+01 6.398854188155870255e-06
1.090681362725450931e+01 6.021042064889780739e-06
1.091583166332665300e+01 5.664097338094579687e-06
1.092484969939879846e+01 5.328240016712605824e-06
1.093386773547094215e+01 5.009624116799240056e-06
1.094288577154308584e+01 4.710060679117163502e-06
1.095190380761523130e+01 4.427141206015031563e-06
1.096092184368737499e+01 4.160104376230724132e-06
1.096993987975951867e+01 3.909152571261916766e-06
1.097895791583166414e+01 3.671273550422000164e-06
1.098797595190380783e+01 3.447869899249646683e-06
1.099699398797595151e+01 3.237132610701851309e-06
1.100601202404809698e+01 3.038413452599905245e-06
1.101503006012024066e+01 2.851893147169712352e-06
1.102404809619238435e+01 2.675280203901222204e-06
1.103306613226452981e+01 2.509597195536203793e-06
1.104208416833667350e+01 2.353499818781311634e-06
1.105110220440881719e+01 2.206446114830417072e-06
1.106012024048096265e+01 2.068580765887268263e-06
1.106913827655310634e+01 1.938192140831315193e-06
1.107815631262525002e+01 1.816000370796541447e-06
1.108717434869739549e+01 1.701029147550381106e-06
1.109619238476953917e+01 1.592831751608093319e-06
1.110521042084168286e+01 1.491516469652826670e-06
1.111422845691382832e+01 1.395812285562691008e-06
1.112324649298597201e+01 1.306220571569209806e-06
1.113226452905811570e+01 1.222032977102322841e-06
1.114128256513026116e+01 1.142886982522488564e-06
1.115030060120240485e+01 1.068866944913883746e-06
1.115931863727454854e+01 9.990435812452038599e-07
1.116833667334669400e+01 9.337518595880956375e-07
1.117735470941883769e+01 8.724780335696548030e-07
1.118637274549098137e+01 8.149314380494034422e-07
1.119539078156312684e+01 7.611804803888401473e-07
1.120440881763527052e+01 7.105457135180688886e-07
1.121342685370741421e+01 6.632512489922250227e-07
1.122244488977955967e+01 6.189303130886799767e-07
1.123146292585170336e+01 5.773528320432109303e-07
1.124048096192384705e+01 5.385683745312953436e-07
1.124949899799599251e+01 5.020804381402566990e-07
1.125851703406813620e+01 4.680393881526375119e-07
1.126753507014027988e+01 4.361842309210601036e-07
1.127655310621242535e+01 4.063348793686726021e-07
1.128557114228456904e+01 3.785282054853500796e-07
1.129458917835671272e+01 3.524064355975953520e-07
1.130360721442885819e+01 3.280658870440152280e-07
1.131262525050100187e+01 3.053211240110113601e-07
1.132164328657314556e+01 2.840325726541768286e-07
1.133066132264529102e+01 2.642283680497637550e-07
1.133967935871743471e+01 2.456516509950878835e-07
1.134869739478957840e+01 2.283632701369444404e-07
1.135771543086172386e+01 2.122331643256820023e-07
1.136673346693386755e+01 1.971545310712599160e-07
1.137575150300601123e+01 1.831471968362147103e-07
1.138476953907815670e+01 1.700268527275064442e-07
1.139378757515030038e+01 1.578320067368698029e-07
1.140280561122244407e+01 1.464722305377267733e-07
1.141182364729458953e+01 1.358666667554626912e-07
1.142084168336673322e+01 1.260290163362095071e-07
1.142985971943887691e+01 1.168280117407949309e-07
1.143887775551102237e+01 1.082872596716370758e-07
1.144789579158316606e+01 1.003440608976203036e-07
1.145691382765530975e+01 9.293774879288081460e-08
1.146593186372745521e+01 8.607809045620673794e-08
1.147494989979959890e+01 7.967282486134714061e-08
1.148396793587174258e+01 7.373532426573096666e-08
1.149298597194388805e+01 6.822236748700062181e-08
1.150200400801603173e+01 6.308890435116629334e-08
1.151102204408817542e+01 5.834171399855051030e-08
1.152004008016032088e+01 5.391597264480031941e-08
1.152905811623246457e+01 4.981915571189513113e-08
1.153807615230460826e+01 4.602181140024803130e-08
1.154709418837675372e+01 4.249088800871073841e-08
1.155611222444889741e+01 3.923086703534439822e-08
1.156513026052104109e+01 3.619668301522639462e-08
1.157414829659318656e+01 3.339205324220598673e-08
1.158316633266533024e+01 3.079692510344340271e-08
1.159218436873747393e+01 2.838719452187290415e-08
1.160120240480961940e+01 2.616601527964029001e-08
1.161022044088176308e+01 2.410241550642410777e-08
1.161923847695390677e+01 2.219780629775577043e-08
1.162825651302605223e+01 2.043861441787199293e-08
1.163727454909819592e+01 1.880745715153538642e-08
1.164629258517033961e+01 1.730647867193673469e-08
1.165531062124248507e+01 1.591447324481095597e-08
1.166432865731462876e+01 1.463169036193079786e-08
1.167334669338677244e+01 1.344903421021559901e-08
1.168236472945891791e+01 1.235409695863159457e-08
1.169138276553106159e+01 1.134830273145880430e-08
1.170040080160320528e+01 1.041724380749021958e-08
1.170941883767535074e+01 9.560600502220871175e-09
1.171843687374749443e+01 8.772318993090598239e-09
1.172745490981963812e+01 8.043630460854285095e-09
1.173647294589178358e+01 7.375471758578541766e-09
1.174549098196392727e+01 6.758164704034776517e-09
1.175450901803607096e+01 6.191133692645994856e-09
1.176352705410821642e+01 5.670364470438213517e-09
1.177254509018036011e+01 5.189716879024677856e-09
1.178156312625250557e+01 4.749811308399310806e-09
1.179058116232464926e+01 4.344174199188926246e-09
1.179959919839679294e+01 3.972202481483472616e-09
1.180861723446893841e+01 3.631272899466562915e-09
1.181763527054108209e+01 3.317148469022973836e-09
1.182665330661322578e+01 3.030197473496932757e-09
1.183567134268537124e+01 2.766115729955061099e-09
1.184468937875751493e+01 2.524368204474679313e-09
1.185370741482965862e+01 2.303257487268801769e-09
1.186272545090180408e+01 2.099889393072686303e-09
1.187174348697394777e+01 1.914477859081262664e-09
1.188076152304609145e+01 1.744191976774658888e-09
1.188977955911823692e+01 1.588585875053507336e-09
1.189879759519038060e+01 1.446565532352041172e-09
1.190781563126252607e+01 1.316169283318039723e-09
1.191683366733466976e+01 1.197527207449305532e-09
1.192585170340681344e+01 1.088798155764587809e-09
1.193486973947895891e+01 9.896271568725785708e-10
1.194388777555110259e+01 8.993139969447277602e-10
1.195290581162324628e+01 8.165470848908537035e-10
1.196192384769539174e+01 7.413974919871242293e-10
1.197094188376753543e+01 6.726739305995050902e-10
1.197995991983967912e+01 6.101098259708523945e-10
1.198897795591182458e+01 5.532633213629935894e-10
1.199799599198396827e+01 5.012676576107033647e-10
1.200701402805611195e+01 4.541585441585124123e-10
1.201603206412825742e+01 4.111749350622793581e-10
1.202505010020040110e+01 3.721208903458754273e-10
1.203406813627254479e+01 3.367179183476227574e-10
1.204308617234469025e+01 3.043972662673982455e-10
1.205210420841683394e+01 2.751789871051920836e-10
1.206112224448897763e+01 2.485830654669640720e-10
1.207014028056112309e+01 2.244683251347387623e-10
1.207915831663326678e+01 2.026601651982166822e-10
1.208817635270541047e+01 1.827903101193301165e-10
1.209719438877755593e+01 1.648685988232590528e-10
1.210621242484969962e+01 1.485942212909412136e-10
1.211523046092184330e+01 1.338690177071075855e-10
1.212424849699398877e+01 1.205851323936118281e-10
1.213326653306613245e+01 1.085072010644186565e-10
1.214228456913827614e+01 9.763900780406583902e-11
1.215130260521042160e+01 8.779406425033019375e-11
1.216032064128256529e+01 7.890551169394624563e-11
1.216933867735470898e+01 7.090726938578769078e-11
1.217835671342685444e+01 6.365041363929238535e-11
1.218737474949899813e+01 5.713624557181331020e-11
1.219639278557114181e+01 5.125076452797220070e-11
1.220541082164328728e+01 4.594912103137877036e-11
1.221442885771543096e+01 4.119092333022929148e-11
1.222344689378757465e+01 3.688314865510384619e-11
1.223246492985972012e+01 3.302588397468881944e-11
1.224148296593186380e+01 2.954991638113349748e-11
1.225050100200400749e+01 2.642594427432870903e-11
1.225951903807615295e+01 2.362977118595282578e-11
1.226853707414829664e+01 2.110429581292670530e-11
1.227755511022044033e+01 1.884873527782135718e-11
1.228657314629258579e+01 1.682154883333143874e-11
1.229559118236472948e+01 1.500394623622290134e-11
1.230460921843687316e+01 1.338156949202033364e-11
1.231362725450901863e+01 1.191970559891968495e-11
1.232264529058116231e+01 1.061754240783524155e-11
1.233166332665330600e+01 9.450521278602568601e-12
1.234068136272545146e+01 8.406757617953626266e-12
1.234969939879759515e+01 7.477752323565745002e-12
1.235871743486973884e+01 6.642673962558392441e-12
1.236773547094188430e+01 5.900853018866663334e-12
1.237675350701402799e+01 5.237894651502861024e-12
1.238577154308617168e+01 4.646443539815829210e-12
1.239478957915831714e+01 4.121572762267248577e-12
1.240380761523046083e+01 3.651014654877657151e-12
1.241282565130260451e+01 3.234179954838096836e-12
1.242184368737474998e+01 2.862739422373619209e-12
1.243086172344689366e+01 2.532219187383233666e-12
1.243987975951903735e+01 2.239793826866951770e-12
1.244889779559118281e+01 1.978317503128197720e-12
1.245791583166332650e+01 1.747366251409867065e-12
1.246693386773547019e+01 1.542196881943075015e-12
1.247595190380761565e+01 1.360128187752400295e-12
1.248496993987975934e+01 1.199544936082283293e-12
1.249398797595190302e+01 1.056333153159142916e-12
1.250300601202404849e+01 9.302191997137223938e-13
1.251202404809619217e+01 8.185377143163016776e-13
1.252104208416833586e+01 7.197102813494251817e-13
1.253006012024048133e+01 6.328149332895533726e-13
1.253907815631262501e+01 5.555561043794451269e-13
1.254809619238476870e+01 4.877220671772464719e-13
1.255711422845691416e+01 4.278431557139163588e-13
1.256613226452905785e+01 3.750077251253351131e-13
1.257515030060120154e+01 3.286970751443169965e-13
1.258416833667334700e+01 2.876553810160102417e-13
1.259318637274549069e+01 2.517280765093295927e-13
1.260220440881763437e+01 2.201204570283576814e-13
1.261122244488977984e+01 1.923147319450375457e-13
1.262024048096192352e+01 1.680214398170536829e-13
1.262925851703406721e+01 1.465623061654965655e-13
1.263827655310621267e+01 1.278352732852186305e-13
1.264729458917835636e+01 1.114170188362624594e-13
1.265631262525050005e+01 9.701874150266175766e-14
1.266533066132264551e+01 8.448113493857459550e-14
1.267434869739478920e+01 7.344431278411417819e-14
1.268336673346693289e+01 6.384329995542715782e-14
1.269238476953907835e+01 5.545541973143962125e-14
1.270140280561122204e+01 4.812268257269884064e-14
1.271042084168336572e+01 4.175953566319917978e-14
1.271943887775551119e+01 3.617850082950920578e-14
1.272845691382765487e+01 3.133946701590419647e-14
1.273747494989979856e+01 2.712714985125436522e-14
1.274649298597194402e+01 2.345670966772471941e-14
1.275551102204408771e+01 2.028289855192809928e-14
1.276452905811623317e+01 1.750930249035938639e-14
1.277354709418837686e+01 1.511263092471543917e-14
1.278256513026052055e+01 1.303428968152509206e-14
1.279158316633266601e+01 1.122956294276037701e-14
1.280060120240480970e+01 9.674718528326075640e-15
1.280961923847695338e+01 8.321028325943695120e-15
1.281863727454909885e+01 7.155389655788367632e-15
1.282765531062124253e+01 6.148438707658616273e-15
1.283667334669338622e+01 5.277066507211623037e-15
1.284569138276553169e+01 4.529187367005332761e-15
1.285470941883767537e+01 3.880695615349605926e-15
1.286372745490981906e+01 3.324317099782808921e-15
1.287274549098196452e+01 2.845579677765127515e-15
1.288176352705410821e+01 2.432777496987737511e-15
1.289078156312625190e+01 2.079859649018207286e-15
1.289979959919839736e+01 1.775072567525921378e-15
1.290881763527054105e+01 1.514556653360507534e-15
1.291783567134268473e+01 1.291326114495330309e-15
1.292685370741483020e+01 1.099571885835981631e-15
1.293587174348697388e+01 9.362920168260127305e-16
1.294488977955911757e+01 7.958528246202444200e-16
1.295390781563126303e+01 6.762752316642080701e-16
1.296292585170340672e+01 5.742475299000106614e-16
1.297194388777555041e+01 4.869464295863749899e-16
1.298096192384769587e+01 4.129174492543260029e-16
1.298997995991983956e+01 3.495215813806068377e-16
1.299899799599198325e+01 2.957583214374104783e-16
1.300801603206412871e+01 2.500840431984389811e-16
1.301703406813627240e+01 2.111554721165395362e-16
1.302605210420841608e+01 1.782865985151227594e-16
1.303507014028056155e+01 1.502640469252022069e-16
1.304408817635270523e+01 1.265974706661157637e-16
1.305310621242484892e+01 1.065830530875229473e-16
1.306212424849699438e+01 8.959608424369091624e-17
1.307114228456913807e+01 7.531646053721947113e-17
1.308016032064128176e+01 6.319595799943397451e-17
1.308917835671342722e+01 5.300287671492292576e-17
1.309819639278557091e+01 4.442329952263305668e-17
1.310721442885771459e+01 3.717321958555420622e-17
1.311623246492986006e+01 3.110638491973684104e-17
1.312525050100200374e+01 2.598113219092673316e-17
1.313426853707414921e+01 2.168982854542892710e-17
1.314328657314629289e+01 1.809499677424860976e-17
1.315230460921843658e+01 1.507039247937256705e-17
1.316132264529058205e+01 1.255135506879650842e-17
1.317034068136272573e+01 1.043378589890906022e-17
1.317935871743486942e+01 8.668857830583084763e-18
1.318837675350701488e+01 7.197677958838596698e-18
1.319739478957915857e+01 5.965489068573140436e-18
1.320641282565130226e+01 4.944241744459431852e-18
1.321543086172344772e+01 4.089995453795484324e-18
1.322444889779559141e+01 3.381342042460503874e-18
1.323346693386773509e+01 2.793675259780177477e-18
1.324248496993988056e+01 2.303838966333506825e-18
1.325150300601202424e+01 1.899889389153431309e-18
1.326052104208416793e+01 1.563725314432618001e-18
1.326953907815631339e+01 1.286202510015849206e-18
1.327855711422845708e+01 1.057268634710019410e-18
1.328757515030060077e+01 8.673668701515109392e-19
1.329659318637274623e+01 7.115743934300540246e-19
1.330561122244488992e+01 5.826323529618691383e-19
1.331462925851703361e+01 4.767193568576241865e-19
1.332364729458917907e+01 3.898194306720098453e-19
1.333266533066132276e+01 3.180890954340073314e-19
1.334168336673346644e+01 2.595577969512717081e-19
1.335070140280561191e+01 2.113813761461664871e-19
1.335971943887775559e+01 1.720146651524255558e-19
1.336873747494989928e+01 1.398972017292708809e-19
1.337775551102204474e+01 1.135267203105984803e-19
1.338677354709418843e+01 9.212704804076602199e-20
1.339579158316633212e+01 7.461176215675282672e-20
1.340480961923847758e+01 6.037557722859794801e-20
1.341382765531062127e+01 4.882813467766600721e-20
1.342284569138276495e+01 3.939792931495734554e-20
1.343186372745491042e+01 3.178898486606071910e-20
1.344088176352705410e+01 2.559825496567889797e-20
1.344989979959919779e+01 2.059446960432388570e-20
1.345891783567134325e+01 1.655979640012511846e-20
1.346793587174348694e+01 1.328284041823074582e-20
1.347695390781563063e+01 1.065434896137067470e-20
1.348597194388777609e+01 8.528743344035953722e-21
1.349498997995991978e+01 6.820519665756490370e-21
1.350400801603206347e+01 5.451662455536754329e-21
1.351302605210420893e+01 4.346399288367299403e-21
1.352204408817635262e+01 3.465215781056747252e-21
1.353106212424849630e+01 2.756957581005737269e-21
1.354008016032064177e+01 2.191099882940943418e-21
1.354909819639278545e+01 1.740557067484554168e-21
1.355811623246492914e+01 1.378966075852728251e-21
1.356713426853707460e+01 1.092493589480916658e-21
1.357615230460921829e+01 8.637339853008036706e-22
1.358517034068136198e+01 6.820865873581332342e-22
1.359418837675350744e+01 5.384005191470768049e-22
1.360320641282565113e+01 4.237790294628241058e-22
1.361222444889779482e+01 3.335596074404839646e-22
1.362124248496994028e+01 2.619997425159620516e-22
1.363026052104208397e+01 2.055377275029777154e-22
1.363927855711422765e+01 1.611777603894784516e-22
1.364829659318637312e+01 1.260164162044623473e-22
1.365731462925851680e+01 9.852560995166818653e-23
1.366633266533066049e+01 7.686846029372798674e-23
1.367535070140280595e+01 5.989143444542270047e-23
1.368436873747494964e+01 4.664685480996778189e-23
1.369338677354709333e+01 3.621874902892274741e-23
1.370240480961923879e+01 2.812189131644766047e-23
1.371142284569138248e+01 2.178843381823001736e-23
1.372044088176352616e+01 1.685709017721660685e-23
1.372945891783567163e+01 1.303758898699023484e-23
1.373847695390781531e+01 1.005044484272026388e-23
1.374749498997995900e+01 7.747708693483054483e-24
1.375651302605210446e+01 5.959872443737311469e-24
1.376553106212424815e+01 4.577612903646625362e-24
1.377454909819639362e+01 3.514940843192554770e-24
1.378356713426853730e+01 2.689582274435303776e-24
1.379258517034068099e+01 2.058029746067154044e-24
1.380160320641282645e+01 1.571391374291067230e-24
1.381062124248497014e+01 1.197860679686209191e-24
1.381963927855711383e+01 9.129091636630623626e-25
1.382865731462925929e+01 6.932313216501804396e-25
1.383767535070140298e+01 5.264156440149929909e-25
1.384669338677354666e+01 3.988730161073776004e-25
1.385571142284569213e+01 3.017004719101460130e-25
1.386472945891783581e+01 2.281596760452003753e-25
1.387374749498997950e+01 1.718875314859733190e-25
1.388276553106212496e+01 1.294940630722432760e-25
1.389178356713426865e+01 9.734565885117576584e-26
1.390080160320641234e+01 7.304263150591797302e-26
1.390981963927855780e+01 5.480015278709515108e-26
1.391883767535070149e+01 4.094807232978298097e-26
1.392785571142284518e+01 3.059744439106760507e-26
1.393687374749499064e+01 2.281345183689672174e-26
1.394589178356713433e+01 1.697589898063638417e-26
1.395490981963927801e+01 1.263126169752440899e-26
1.396392785571142348e+01 9.359243165735823363e-27
1.397294589178356716e+01 6.934812589034254027e-27
1.398196392785571085e+01 5.127082905171621663e-27
1.399098196392785631e+01 3.782478053886018379e-27
1.400000000000000000e+01 2.790503000000010606e-27
