# # logM dndlogM
9.500000000000000000e+00 2.397631999999999888e-02
9.509018036072143687e+00 2.314888270230301692e-02
9.518036072144287374e+00 2.235000076596341950e-02
9.527054108216432837e+00 2.157647242405947435e-02
9.536072144288578301e+00 2.082750993785829896e-02
9.545090180360720211e+00 2.010454543662510904e-02
9.554108216432865675e+00 1.940266810492813701e-02
9.563126252505011138e+00 1.872523512942579280e-02
9.572144288577153048e+00 1.806960487344258515e-02
9.581162324649298512e+00 1.743497605247309665e-02
9.590180360721443975e+00 1.682263624906797303e-02
9.599198396793585886e+00 1.622843438336844454e-02
9.608216432865731349e+00 1.565511975518188437e-02
9.617234468937876812e+00 1.510051291928912222e-02
9.626252505010018723e+00 1.456381903297333281e-02
9.635270541082164186e+00 1.404620001710368306e-02
9.644288577154309650e+00 1.354413380263301374e-02
9.653306613226451560e+00 1.305988364049143029e-02
9.662324649298597024e+00 1.259167404440690585e-02
9.671342685370742487e+00 1.213873297349873231e-02
9.680360721442884397e+00 1.170208486038108037e-02
9.689378757515029861e+00 1.127873172380050582e-02
9.698396793587175324e+00 1.087054547466797388e-02
9.707414829659317235e+00 1.047608231948189868e-02
9.716432865731462698e+00 1.009460414681599173e-02
9.725450901803608161e+00 9.727017197202996249e-03
9.734468937875750072e+00 9.370799432505695289e-03
9.743486973947895535e+00 9.027468727583677632e-03
9.752505010020040999e+00 8.695853177837250050e-03
9.761523046092182909e+00 8.375256150990830276e-03
9.770541082164328373e+00 8.066478833093006229e-03
9.779559118236473836e+00 7.767379221859698618e-03
9.788577154308615746e+00 7.479206606012194815e-03
9.797595190380761210e+00 7.201023495409185002e-03
9.806613226452906673e+00 6.932182129375795074e-03
9.815631262525050360e+00 6.673377625482504634e-03
9.824649298597194047e+00 6.422801145784889920e-03
9.833667334669339510e+00 6.181470643188379833e-03
9.842685370741483197e+00 5.948637285097240629e-03
9.851703406813626884e+00 5.723703970073008157e-03
9.860721442885772348e+00 5.507275963707328192e-03
9.869739478957916035e+00 5.297837466609407048e-03
9.878757515030059722e+00 5.096206274598044650e-03
9.887775551102205185e+00 4.901781654390919077e-03
9.896793587174348872e+00 4.714015328153178461e-03
9.905811623246492559e+00 4.533441528175198056e-03
9.914829659318638022e+00 4.358798913869717413e-03
9.923847695390781709e+00 4.190735343635827378e-03
9.932865731462925396e+00 4.028772853212244688e-03
9.941883767535070859e+00 3.872413151320245727e-03
9.950901803607214546e+00 3.722121886956654500e-03
9.959919839679358233e+00 3.576842256071580389e-03
9.968937875751503697e+00 3.437093049229189741e-03
9.977955911823647384e+00 3.302500268813455316e-03
9.986973947895791071e+00 3.172616101715176710e-03
9.995991983967936534e+00 3.047840154295803575e-03
1.000501002004008022e+01 2.927295968261322146e-03
1.001402805611222391e+01 2.811390465286881055e-03
1.002304609218436937e+01 2.699825821417197597e-03
1.003206412825651306e+01 2.592196610627857476e-03
1.004108216432865675e+01 2.488858064415190672e-03
1.005010020040080221e+01 2.389091027952774081e-03
1.005911823647294590e+01 2.293207063651581633e-03
1.006813627254508958e+01 2.200972319761885197e-03
1.007715430861723505e+01 2.112025290122755694e-03
1.008617234468937873e+01 2.026672841846881030e-03
1.009519038076152242e+01 1.944318068535283136e-03
1.010420841683366788e+01 1.865204272269988537e-03
1.011322645290581157e+01 1.789152135691796574e-03
1.012224448897795526e+01 1.715842569747898358e-03
1.013126252505010072e+01 1.645536824637144771e-03
1.014028056112224441e+01 1.577740403394281088e-03
1.014929859719438809e+01 1.512642007722504083e-03
1.015831663326653356e+01 1.450105287372137515e-03
1.016733466933867724e+01 1.389849701385979970e-03
1.017635270541082093e+01 1.332097889211389385e-03
1.018537074148296639e+01 1.276444218356584826e-03
1.019438877755511008e+01 1.223031264702803805e-03
1.020340681362725377e+01 1.171755652312978391e-03
1.021242484969939923e+01 1.122371884008135402e-03
1.022144288577154292e+01 1.075069399943042337e-03
1.023046092184368661e+01 1.029512462633470167e-03
1.023947895791583207e+01 9.858105075331883779e-04
1.024849699398797576e+01 9.438881987088711210e-04
1.025751503006011944e+01 9.035333963609783105e-04
1.026653306613226491e+01 8.649039149512637156e-04
1.027555110220440859e+01 8.277237789829943642e-04
1.028456913827655228e+01 7.920752226719139427e-04
1.029358717434869774e+01 7.579036073721792275e-04
1.030260521042084143e+01 7.250256310318947250e-04
1.031162324649298512e+01 6.935739064177106998e-04
1.032064128256513058e+01 6.633237872064776889e-04
1.032965931863727427e+01 6.343350351303491275e-04
1.033867735470941795e+01 6.065678344522268482e-04
1.034769539078156342e+01 5.798635033249224455e-04
1.035671342685370711e+01 5.543348383975967584e-04
1.036573146292585079e+01 5.297998191255219287e-04
1.037474949899799626e+01 5.063007476577279387e-04
1.038376753507013994e+01 4.838094084511017465e-04
1.039278557114228363e+01 4.621900018299769978e-04
1.040180360721442909e+01 4.415366755175096822e-04
1.041082164328657278e+01 4.217013313307865037e-04
1.041983967935871647e+01 4.027137998238647094e-04
1.042885771543086193e+01 3.845551445551465193e-04
1.043787575150300562e+01 3.671099259868125758e-04
1.044689378757514930e+01 3.504561040626422044e-04
1.045591182364729477e+01 3.344743980451845644e-04
1.046492985971943845e+01 3.191846382313216594e-04
1.047394789579158214e+01 3.045739668236542162e-04
1.048296593186372760e+01 2.905433516068977717e-04
1.049198396793587129e+01 2.771590758176845624e-04
1.050100200400801498e+01 2.643259795859218605e-04
1.051002004008016044e+01 2.520561442007748700e-04
1.051903807615230413e+01 2.403410880356871742e-04
1.052805611222444782e+01 2.290969943526279906e-04
1.053707414829659328e+01 2.183789432359322605e-04
1.054609218436873697e+01 2.081103598924730937e-04
1.055511022044088065e+01 1.982983452637302488e-04
1.056412825651302612e+01 1.889382025865628809e-04
1.057314629258516980e+01 1.799598743794332946e-04
1.058216432865731349e+01 1.714081956073642459e-04
1.059118236472945895e+01 1.632217481730676497e-04
1.060020040080160264e+01 1.554040793575343969e-04
1.060921843687374633e+01 1.479530605869223178e-04
1.061823647294589179e+01 1.408099919770024796e-04
1.062725450901803548e+01 1.340117856427516894e-04
1.063627254509017916e+01 1.275097768934842929e-04
1.064529058116232463e+01 1.213048154409789714e-04
1.065430861723446831e+01 1.153962499283724222e-04
1.066332665330661200e+01 1.097350754855038938e-04
1.067234468937875747e+01 1.043516301377519324e-04
1.068136272545090115e+01 9.920724160762808353e-05
1.069038076152304662e+01 9.430112001318350420e-05
1.069939879759519030e+01 8.963380776933891258e-05
1.070841683366733399e+01 8.516507449334690424e-05
1.071743486973947945e+01 8.091913189855940542e-05
1.072645290581162314e+01 7.686508280866781754e-05
1.073547094188376683e+01 7.300123763798246760e-05
1.074448897795591229e+01 6.932905661851616321e-05
1.075350701402805598e+01 6.581552720866812593e-05
1.076252505010019966e+01 6.248006006471537946e-05
1.077154308617234513e+01 5.929841240530391082e-05
1.078056112224448881e+01 5.626823301005248675e-05
1.078957915831663250e+01 5.339121096022166730e-05
1.079859719438877796e+01 5.064017817453059998e-05
1.080761523046092165e+01 4.803089496244654442e-05
1.081663326653306711e+01 4.554436866453785189e-05
1.082565130260521080e+01 4.317795956060742812e-05
1.083466933867735449e+01 4.093346548245594118e-05
1.084368737474949995e+01 3.878879971400054207e-05
1.085270541082164364e+01 3.675650144739693001e-05
1.086172344689378733e+01 3.482167618234638655e-05
1.087074148296593279e+01 3.298165398849575827e-05
1.087975951903807648e+01 3.123826930500245335e-05
1.088877755511022016e+01 2.957366261479445039e-05
1.089779559118236563e+01 2.799775851582227525e-05
1.090681362725450931e+01 2.649898524805189830e-05
1.091583166332665300e+01 2.507476161388462387e-05
1.092484969939879846e+01 2.372679375520775081e-05
1.093386773547094215e+01 2.244061274890303453e-05
1.094288577154308584e+01 2.122415298677678632e-05
1.095190380761523130e+01 2.006850392439556402e-05
1.096092184368737499e+01 1.897125911937566376e-05
1.096993987975951867e+01 1.793391553537733080e-05
1.097895791583166414e+01 1.694478787749209811e-05
1.098797595190380783e+01 1.601021459294861934e-05
1.099699398797595151e+01 1.512331687088150899e-05
1.100601202404809698e+01 1.428193194245730847e-05
1.101503006012024066e+01 1.348735741970178590e-05
1.102404809619238435e+01 1.273043562361293873e-05
1.103306613226452981e+01 1.201596124876549232e-05
1.104208416833667350e+01 1.133868012079158136e-05
1.105110220440881719e+01 1.069669236108547847e-05
1.106012024048096265e+01 1.009105347789945195e-05
1.106913827655310634e+01 9.514716444649780653e-06
1.107815631262525002e+01 8.971199396002091009e-06
1.108717434869739549e+01 8.456584732091900267e-06
1.109619238476953917e+01 7.969232096861542024e-06
1.110521042084168286e+01 7.509965574239344346e-06
1.111422845691382832e+01 7.073391653743147757e-06
1.112324649298597201e+01 6.662067172262503190e-06
1.113226452905811570e+01 6.273071434232605044e-06
1.114128256513026116e+01 5.905013032382046642e-06
1.115030060120240485e+01 5.558549632054010906e-06
1.115931863727454854e+01 5.229617559246811569e-06
1.116833667334669400e+01 4.920011082261642207e-06
1.117735470941883769e+01 4.627551300635352968e-06
1.118637274549098137e+01 4.351073243268210622e-06
1.119539078156312684e+01 4.091113666462219012e-06
1.120440881763527052e+01 3.844607584877056015e-06
1.121342685370741421e+01 3.612818012306329110e-06
1.122244488977955967e+01 3.394146417044755489e-06
1.123146292585170336e+01 3.187631374042179989e-06
1.124048096192384705e+01 2.993681629570093391e-06
1.124949899799599251e+01 2.809984332156392892e-06
1.125851703406813620e+01 2.637431985283169706e-06
1.126753507014027988e+01 2.474854844060652117e-06
1.127655310621242535e+01 2.321468573836823613e-06
1.128557114228456904e+01 2.177588860310534931e-06
1.129458917835671272e+01 2.041494809065170688e-06
1.130360721442885819e+01 1.913794373922538755e-06
1.131262525050100187e+01 1.793632039911444442e-06
1.132164328657314556e+01 1.680374224967589374e-06
1.133066132264529102e+01 1.574268006538736983e-06
1.133967935871743471e+01 1.474036582630619125e-06
1.134869739478957840e+01 1.380090774799027905e-06
1.135771543086172386e+01 1.291813332068239027e-06
1.136673346693386755e+01 1.208699310772947636e-06
1.137575150300601123e+01 1.130932765281158823e-06
1.138476953907815670e+01 1.057565714711851336e-06
1.139378757515030038e+01 9.888771267157491950e-07
1.140280561122244407e+01 9.244255882151826419e-07
1.141182364729458953e+01 8.638129642129290571e-07
1.142084168336673322e+01 8.071745813343363868e-07
1.142985971943887691e+01 7.538114254469135676e-07
1.143887775551102237e+01 7.039091149466281104e-07
1.144789579158316606e+01 6.571525540457089469e-07
1.145691382765530975e+01 6.132304746374194159e-07
1.146593186372745521e+01 5.722440135230345794e-07
1.147494989979959890e+01 5.336844965632921058e-07
1.148396793587174258e+01 4.976694673851178308e-07
1.149298597194388805e+01 4.639751993682058089e-07
1.150200400801603173e+01 4.323607834292025758e-07
1.151102204408817542e+01 4.029005155923498368e-07
1.152004008016032088e+01 3.752238552022383298e-07
1.152905811623246457e+01 3.494054706428690840e-07
1.153807615230460826e+01 3.252884212552947371e-07
1.154709418837675372e+01 3.026884973299261290e-07
1.155611222444889741e+01 2.816587386119834454e-07
1.156513026052104109e+01 2.619319698633695254e-07
1.157414829659318656e+01 2.435532552310848642e-07
1.158316633266533024e+01 2.264124267420416910e-07
1.159218436873747393e+01 2.103693036450740445e-07
1.160120240480961940e+01 1.954629635524998247e-07
1.161022044088176308e+01 1.815029007906698019e-07
1.161923847695390677e+01 1.685141976180996576e-07
1.162825651302605223e+01 1.564199249939997903e-07
1.163727454909819592e+01 1.451145657133844589e-07
1.164629258517033961e+01 1.346263091674031314e-07
1.165531062124248507e+01 1.248196737059335441e-07
1.166432865731462876e+01 1.157078656282615485e-07
1.167334669338677244e+01 1.072377082853088969e-07
1.168236472945891791e+01 9.933054541634452167e-08
1.169138276553106159e+01 9.200641649724920645e-08
1.170040080160320528e+01 8.516963512487266802e-08
1.170941883767535074e+01 7.882622185332599329e-08
1.171843687374749443e+01 7.293964858740981525e-08
1.172745490981963812e+01 6.745182655609146810e-08
1.173647294589178358e+01 6.237689643240642512e-08
1.174549098196392727e+01 5.764801407637009751e-08
1.175450901803607096e+01 5.326684081160469416e-08
1.176352705410821642e+01 4.920834275103353129e-08
1.177254509018036011e+01 4.542997843674390235e-08
1.178156312625250557e+01 4.194172827979730836e-08
1.179058116232464926e+01 3.869703527059840646e-08
1.179959919839679294e+01 3.569543927971017849e-08
1.180861723446893841e+01 3.292005240446591815e-08
1.181763527054108209e+01 3.034017216229685390e-08
1.182665330661322578e+01 2.796247209840203177e-08
1.183567134268537124e+01 2.575468071004177457e-08
1.184468937875751493e+01 2.371543267511236369e-08
1.185370741482965862e+01 2.183344689585598350e-08
1.186272545090180408e+01 2.008677016751977652e-08
1.187174348697394777e+01 1.847982765558422967e-08
1.188076152304609145e+01 1.699047737669855896e-08
1.188977955911823692e+01 1.561701407455377006e-08
1.189879759519038060e+01 1.435191865048302694e-08
1.190781563126252607e+01 1.317959572942750423e-08
1.191683366733466976e+01 1.210303289904037932e-08
1.192585170340681344e+01 1.110719809957165287e-08
1.193486973947895891e+01 1.019037691842459115e-08
1.194388777555110259e+01 9.347587901587908565e-09
1.195290581162324628e+01 8.567897942661199759e-09
1.196192384769539174e+01 7.853242561472634084e-09
1.197094188376753543e+01 7.193453571843924336e-09
1.197995991983967912e+01 6.587036851909326271e-09
1.198897795591182458e+01 6.030741628107507769e-09
1.199799599198396827e+01 5.516986230699429132e-09
1.200701402805611195e+01 5.046997358976311332e-09
1.201603206412825742e+01 4.613980294988276778e-09
1.202505010020040110e+01 4.216692837002780203e-09
1.203406813627254479e+01 3.853009209488731359e-09
1.204308617234469025e+01 3.517700805079147670e-09
1.205210420841683394e+01 3.211572638752312279e-09
1.206112224448897763e+01 2.930139280333214897e-09
1.207014028056112309e+01 2.672404973382567352e-09
1.207915831663326678e+01 2.436983882805927241e-09
1.208817635270541047e+01 2.220315333224924630e-09
1.209719438877755593e+01 2.022910456542489656e-09
1.210621242484969962e+01 1.841822690424585340e-09
1.211523046092184330e+01 1.676295258123869451e-09
1.212424849699398877e+01 1.525438674456675978e-09
1.213326653306613245e+01 1.386857777120017195e-09
1.214228456913827614e+01 1.260866481337464656e-09
1.215130260521042160e+01 1.145547915862636424e-09
1.216032064128256529e+01 1.040342498599137495e-09
1.216933867735470898e+01 9.446829944057206630e-10
1.217835671342685444e+01 8.569721455551261102e-10
1.218737474949899813e+01 7.774049735269872234e-10
1.219639278557114181e+01 7.047511522057817684e-10
1.220541082164328728e+01 6.386045745585761597e-10
1.221442885771543096e+01 5.786028275558377719e-10
1.222344689378757465e+01 5.236933390695541264e-10
1.223246492985972012e+01 4.739947686469744522e-10
1.224148296593186380e+01 4.287214042010549881e-10
1.225050100200400749e+01 3.875878077468437814e-10
1.225951903807615295e+01 3.503675932053108817e-10
1.226853707414829664e+01 3.163788519909132467e-10
1.227755511022044033e+01 2.856873179147977479e-10
1.228657314629258579e+01 2.577963514490834353e-10
1.229559118236472948e+01 2.325094437325265178e-10
1.230460921843687316e+01 2.096862316579525170e-10
1.231362725450901863e+01 1.888885029048116240e-10
1.232264529058116231e+01 1.701535968647789538e-10
1.233166332665330600e+01 1.531720816925400675e-10
1.234068136272545146e+01 1.378105770532958710e-10
1.234969939879759515e+01 1.239818197049293841e-10
1.235871743486973884e+01 1.114074772002505426e-10
1.236773547094188430e+01 1.001084352985227867e-10
1.237675350701402799e+01 8.989319620257099622e-11
1.238577154308617168e+01 8.067332524119186056e-11
1.239478957915831714e+01 7.239581050254577613e-11
1.240380761523046083e+01 6.488709157840131542e-11
1.241282565130260451e+01 5.815715887807902303e-11
1.242184368737474998e+01 5.208886607090211183e-11
1.243086172344689366e+01 4.662460461117724420e-11
1.243987975951903735e+01 4.173244474238624691e-11
1.244889779559118281e+01 3.730515708999950038e-11
1.245791583166332650e+01 3.334754898976922363e-11
1.246693386773547019e+01 2.978903509778642920e-11
1.247595190380761565e+01 2.659262425670636345e-11
1.248496993987975934e+01 2.373902699804083964e-11
1.249398797595190302e+01 2.116265504881930367e-11
1.250300601202404849e+01 1.886589407191235856e-11
1.251202404809619217e+01 1.680671721562334121e-11
1.252104208416833586e+01 1.496179040720526864e-11
1.253006012024048133e+01 1.331938708298374834e-11
1.253907815631262501e+01 1.184066054420832174e-11
1.254809619238476870e+01 1.052595454570797366e-11
1.255711422845691416e+01 9.350696010100188546e-12
1.256613226452905785e+01 8.300440618124713530e-12
1.257515030060120154e+01 7.368148251273979375e-12
1.258416833667334700e+01 6.531245942654852799e-12
1.259318637274549069e+01 5.789189222790005896e-12
1.260220440881763437e+01 5.127880205458621682e-12
1.261122244488977984e+01 4.538519979681205642e-12
1.262024048096192352e+01 4.016896413461313046e-12
1.262925851703406721e+01 3.550037237048779951e-12
1.263827655310621267e+01 3.137245824832321240e-12
1.264729458917835636e+01 2.770543574807145819e-12
1.265631262525050005e+01 2.444663345994800482e-12
1.266533066132264551e+01 2.157114195782457568e-12
1.267434869739478920e+01 1.900564346780936798e-12
1.268336673346693289e+01 1.674381098236890585e-12
1.269238476953907835e+01 1.474096287895020169e-12
1.270140280561122204e+01 1.296614790697770189e-12
1.271042084168336572e+01 1.140502102380948353e-12
1.271943887775551119e+01 1.001685379114572165e-12
1.272845691382765487e+01 8.796650538913521401e-13
1.273747494989979856e+01 7.719745533400587747e-13
1.274649298597194402e+01 6.768267092872499640e-13
1.275551102204408771e+01 5.934060810976317080e-13
1.276452905811623317e+01 5.194744448904038276e-13
1.277354709418837686e+01 4.546891117979172748e-13
1.278256513026052055e+01 3.977118328431152010e-13
1.279158316633266601e+01 3.475287661814580182e-13
1.280060120240480970e+01 3.036777720698415761e-13
1.280961923847695338e+01 2.649481703412022190e-13
1.281863727454909885e+01 2.311178338981732309e-13
1.282765531062124253e+01 2.014692211286639522e-13
1.283667334669338622e+01 1.754376085166562423e-13
1.284569138276553169e+01 1.527695114400959900e-13
1.285470941883767537e+01 1.328233366811944564e-13
1.286372745490981906e+01 1.154579300059258740e-13
1.287274549098196452e+01 1.002942104862443014e-13
1.288176352705410821e+01 8.702346864738604615e-14
1.289078156312625190e+01 7.550868648057494208e-14
1.289979959919839736e+01 6.541397748249584789e-14
1.290881763527054105e+01 5.665535267059517407e-14
1.291783567134268473e+01 4.903644076639932997e-14
1.292685370741483020e+01 4.239173021671695401e-14
1.293587174348697388e+01 3.664741491593605243e-14
1.294488977955911757e+01 3.163027812487039611e-14
1.295390781563126303e+01 2.729246889844811193e-14
1.296292585170340672e+01 2.353388715681115208e-14
1.297194388777555041e+01 2.026749480535190516e-14
1.298096192384769587e+01 1.745446228019629898e-14
1.298997995991983956e+01 1.500739240380123657e-14
1.299899799599198325e+01 1.289936743819540739e-14
1.300801603206412871e+01 1.108009513331944190e-14
1.301703406813627240e+01 9.504691735400128311e-15
1.302605210420841608e+01 8.153284236100157897e-15
1.303507014028056155e+01 6.982501952438282093e-15
1.304408817635270523e+01 5.977736298746091251e-15
1.305310621242484892e+01 5.114235272777710313e-15
1.306212424849699438e+01 4.369347044331079510e-15
1.307114228456913807e+01 3.732951766107605402e-15
1.308016032064128176e+01 3.183846373954281367e-15
1.308917835671342722e+01 2.714425987624668171e-15
1.309819639278557091e+01 2.312753607663470225e-15
1.310721442885771459e+01 1.967636392192511899e-15
1.311623246492986006e+01 1.674018779627652680e-15
1.312525050100200374e+01 1.421774214135159225e-15
1.313426853707414921e+01 1.207000644516121568e-15
1.314328657314629289e+01 1.024029734191865887e-15
1.315230460921843658e+01 8.674425036952508771e-16
1.316132264529058205e+01 7.347994614735257363e-16
1.317034068136272573e+01 6.213662754622944381e-16
1.317935871743486942e+01 5.251867621163340984e-16
1.318837675350701488e+01 4.436225603430506904e-16
1.319739478957915857e+01 3.741095854436763318e-16
1.320641282565130226e+01 3.154888737232179559e-16
1.321543086172344772e+01 2.655859522099636344e-16
1.322444889779559141e+01 2.234548700989919097e-16
1.323346693386773509e+01 1.878958944755008113e-16
1.324248496993988056e+01 1.577242762312703430e-16
1.325150300601202424e+01 1.323975033202362925e-16
1.326052104208416793e+01 1.109389451743783705e-16
1.326953907815631339e+01 9.290252150561066028e-17
1.327855711422845708e+01 7.775344343892228171e-17
1.328757515030060077e+01 6.495626529587281519e-17
1.329659318637274623e+01 5.426533172774669451e-17
1.330561122244488992e+01 4.525296661250374587e-17
1.331462925851703361e+01 3.771287545941240794e-17
1.332364729458917907e+01 3.141128974116389984e-17
1.333266533066132276e+01 2.611189781306448939e-17
1.334168336673346644e+01 2.170656515597959157e-17
1.335070140280561191e+01 1.801182669723518059e-17
1.335971943887775559e+01 1.493539183256524887e-17
1.336873747494989928e+01 1.237770632918174893e-17
1.337775551102204474e+01 1.023725780217138265e-17
1.338677354709418843e+01 8.466952157447997758e-18
1.339579158316633212e+01 6.989871406520404241e-18
1.340480961923847758e+01 5.765985979312158849e-18
1.341382765531062127e+01 4.753919199589601868e-18
1.342284569138276495e+01 3.911130260105298370e-18
1.343186372745491042e+01 3.217753451264226340e-18
1.344088176352705410e+01 2.642413026812082651e-18
1.344989979959919779e+01 2.168130959021538992e-18
1.345891783567134325e+01 1.778085381926948910e-18
1.346793587174348694e+01 1.454901386998776167e-18
1.347695390781563063e+01 1.190459168837555232e-18
1.348597194388777609e+01 9.722653074752979872e-19
1.349498997995991978e+01 7.933447317073716548e-19
1.350400801603206347e+01 6.470458095883043643e-19
1.351302605210420893e+01 5.264802282372107639e-19
1.352204408817635262e+01 4.283799178006835726e-19
1.353106212424849630e+01 3.478915867556158261e-19
1.354008016032064177e+01 2.822452753747468186e-19
1.354909819639278545e+01 2.288858934796753969e-19
1.355811623246492914e+01 1.851562842263239494e-19
1.356713426853707460e+01 1.497814000998803532e-19
1.357615230460921829e+01 1.209320656293260015e-19
1.358517034068136198e+01 9.753519800861123672e-20
1.359418837675350744e+01 7.863253925364508127e-20
1.360320641282565113e+01 6.322721072818593375e-20
1.361222444889779482e+01 5.084002391899246318e-20
1.362124248496994028e+01 4.080081696290689329e-20
1.363026052104208397e+01 3.270660672830769354e-20
1.363927855711422765e+01 2.620826282515969919e-20
1.364829659318637312e+01 2.094333996296715977e-20
1.365731462925851680e+01 1.673607639432555285e-20
1.366633266533066049e+01 1.334772465136148224e-20
1.367535070140280595e+01 1.063216626246531013e-20
1.368436873747494964e+01 8.466212593180386148e-21
1.369338677354709333e+01 6.722174373226273822e-21
1.370240480961923879e+01 5.337407702289083954e-21
1.371142284569138248e+01 4.229511621719536680e-21
1.372044088176352616e+01 3.347121254764156467e-21
1.372945891783567163e+01 2.648019657935273804e-21
1.373847695390781531e+01 2.088571786474607280e-21
1.374749498997995900e+01 1.647318627029753246e-21
1.375651302605210446e+01 1.296729182529413385e-21
1.376553106212424815e+01 1.019313789394022037e-21
1.377454909819639362e+01 8.010366635988942837e-22
1.378356713426853730e+01 6.274737486822563648e-22
1.379258517034068099e+01 4.915172091080637681e-22
1.380160320641282645e+01 3.842517621794797928e-22
1.381062124248497014e+01 2.999397534275140674e-22
1.381963927855711383e+01 2.340770390784302331e-22
1.382865731462925929e+01 1.820652175143785451e-22
1.383767535070140298e+01 1.416104012553439183e-22
1.384669338677354666e+01 1.099226033515860489e-22
1.385571142284569213e+01 8.518628756071980299e-23
1.386472945891783581e+01 6.600542121237840696e-23
1.387374749498997950e+01 5.096261240712528147e-23
1.388276553106212496e+01 3.934809922660813978e-23
1.389178356713426865e+01 3.031966714017559268e-23
1.390080160320641234e+01 2.332255256728008725e-23
1.390981963927855780e+01 1.793813033779087104e-23
1.391883767535070149e+01 1.374517939471979165e-23
1.392785571142284518e+01 1.053231039329691933e-23
1.393687374749499064e+01 8.054126457501349499e-24
1.394589178356713433e+01 6.147672809011336336e-24
1.395490981963927801e+01 4.692207347277612897e-24
1.396392785571142348e+01 3.567410028287429358e-24
1.397294589178356716e+01 2.712244657583199808e-24
1.398196392785571085e+01 2.057852468574768166e-24
1.399098196392785631e+01 1.558245772935039579e-24
1.400000000000000000e+01 1.179933900000002093e-24
