# # logM dndlogM
9.500000000000000000e+00 4.916703900000000960e-02
9.509018036072143687e+00 4.761761924829414211e-02
9.518036072144287374e+00 4.611702695530461860e-02
9.527054108216432837e+00 4.465981625593688775e-02
9.536072144288578301e+00 4.324474986827190476e-02
9.545090180360720211e+00 4.187452049628219430e-02
9.554108216432865675e+00 4.054057590985651882e-02
9.563126252505011138e+00 3.924901957264293612e-02
9.572144288577153048e+00 3.799529358908310117e-02
9.581162324649298512e+00 3.677809952940450794e-02
9.590180360721443975e+00 3.559989875649821611e-02
9.599198396793585886e+00 3.445334936016379579e-02
9.608216432865731349e+00 3.334354323431408529e-02
9.617234468937876812e+00 3.226666522398261017e-02
9.626252505010018723e+00 3.122139114493315340e-02
9.635270541082164186e+00 3.020997857257290073e-02
9.644288577154309650e+00 2.922609492607780926e-02
9.653306613226451560e+00 2.827401490403113823e-02
9.662324649298597024e+00 2.735058759550392307e-02
9.671342685370742487e+00 2.645449424914718753e-02
9.680360721442884397e+00 2.558775980715000814e-02
9.689378757515029861e+00 2.474490143403754172e-02
9.698396793587175324e+00 2.392952649200597373e-02
9.707414829659317235e+00 2.313903723327049092e-02
9.716432865731462698e+00 2.237214268946089227e-02
9.725450901803608161e+00 2.163066524643193073e-02
9.734468937875750072e+00 2.090991617967650693e-02
9.743486973947895535e+00 2.021288021543749328e-02
9.752505010020040999e+00 1.953741850844284422e-02
9.761523046092182909e+00 1.888228432131471707e-02
9.770541082164328373e+00 1.824911827716073007e-02
9.779559118236473836e+00 1.763386709589039036e-02
9.788577154308615746e+00 1.703903973534696970e-02
9.797595190380761210e+00 1.646290304391379369e-02
9.806613226452906673e+00 1.590427231178813405e-02
9.815631262525050360e+00 1.536459742809604193e-02
9.824649298597194047e+00 1.484039408774938049e-02
9.833667334669339510e+00 1.433375156643819197e-02
9.842685370741483197e+00 1.384326756671402231e-02
9.851703406813626884e+00 1.336782620781338561e-02
9.860721442885772348e+00 1.290871368779870736e-02
9.869739478957916035e+00 1.246295796409888426e-02
9.878757515030059722e+00 1.203227558705948462e-02
9.887775551102205185e+00 1.161552615019360163e-02
9.896793587174348872e+00 1.121166209186584550e-02
9.905811623246492559e+00 1.082184011613511292e-02
9.914829659318638022e+00 1.044354366215833642e-02
9.923847695390781709e+00 1.007816404172727845e-02
9.932865731462925396e+00 9.724781793125133328e-03
9.941883767535070859e+00 9.382423817854318102e-03
9.950901803607214546e+00 9.052118450624018625e-03
9.959919839679358233e+00 8.731717598961829738e-03
9.968937875751503697e+00 8.422362321343156155e-03
9.977955911823647384e+00 8.123325234176401177e-03
9.986973947895791071e+00 7.833713100899183934e-03
9.995991983967936534e+00 7.554426195939567892e-03
1.000501002004008022e+01 7.283650158218872919e-03
1.001402805611222391e+01 7.022302572635258019e-03
1.002304609218436937e+01 6.769796196421979176e-03
1.003206412825651306e+01 6.525303384388023674e-03
1.004108216432865675e+01 6.289640488854051845e-03
1.005010020040080221e+01 6.061291927986472289e-03
1.005911823647294590e+01 5.840979111832305185e-03
1.006813627254508958e+01 5.628235484304764356e-03
1.007715430861723505e+01 5.422306539237107224e-03
1.008617234468937873e+01 5.223912234561650311e-03
1.009519038076152242e+01 5.031769935202757421e-03
1.010420841683366788e+01 4.846458608455663994e-03
1.011322645290581157e+01 4.667617668373893330e-03
1.012224448897795526e+01 4.494566500977838393e-03
1.013126252505010072e+01 4.327931177522881083e-03
1.014028056112224441e+01 4.166627742662548650e-03
1.014929859719438809e+01 4.011118382390867383e-03
1.015831663326653356e+01 3.861127311388394025e-03
1.016733466933867724e+01 3.716042699845313341e-03
1.017635270541082093e+01 3.576409746020050434e-03
1.018537074148296639e+01 3.441321765209746485e-03
1.019438877755511008e+01 3.311139006974387483e-03
1.020340681362725377e+01 3.185651408590726204e-03
1.021242484969939923e+01 3.064311297393559983e-03
1.022144288577154292e+01 2.947592979574574848e-03
1.023046092184368661e+01 2.834730058292653839e-03
1.023947895791583207e+01 2.726008090879724569e-03
1.024849699398797576e+01 2.621274866468667475e-03
1.025751503006011944e+01 2.520046579880808046e-03
1.026653306613226491e+01 2.422727523162941741e-03
1.027555110220440859e+01 2.328674418461392902e-03
1.028456913827655228e+01 2.238109452221996674e-03
1.029358717434869774e+01 2.150923359298690524e-03
1.030260521042084143e+01 2.066688353584995169e-03
1.031162324649298512e+01 1.985752180513061446e-03
1.032064128256513058e+01 1.907580266284474805e-03
1.032965931863727427e+01 1.832340639856251761e-03
1.033867735470941795e+01 1.759954762176100434e-03
1.034769539078156342e+01 1.690043278883416591e-03
1.035671342685370711e+01 1.622908921231261360e-03
1.036573146292585079e+01 1.558109396296146953e-03
1.037474949899799626e+01 1.495769233460177714e-03
1.038376753507013994e+01 1.435834405960121620e-03
1.039278557114228363e+01 1.377972439358260588e-03
1.040180360721442909e+01 1.322442222967372492e-03
1.041082164328657278e+01 1.268875921187408292e-03
1.041983967935871647e+01 1.217365919822576380e-03
1.042885771543086193e+01 1.167878325887569549e-03
1.043787575150300562e+01 1.120123652833583195e-03
1.044689378757514930e+01 1.074321673607319706e-03
1.045591182364729477e+01 1.030169618232466356e-03
1.046492985971943845e+01 9.877330872539356009e-04
1.047394789579158214e+01 9.469910698270804245e-04
1.048296593186372760e+01 9.076887633423978913e-04
1.049198396793587129e+01 8.700175929309456090e-04
1.050100200400801498e+01 8.337307564895547838e-04
1.051002004008016044e+01 7.988722129480206038e-04
1.051903807615230413e+01 7.654301988086841370e-04
1.052805611222444782e+01 7.331835447935510820e-04
1.053707414829659328e+01 7.022954035425924869e-04
1.054609218436873697e+01 6.725625437748161120e-04
1.055511022044088065e+01 6.440142763404546871e-04
1.056412825651302612e+01 6.166472888055773332e-04
1.057314629258516980e+01 5.902720404156681835e-04
1.058216432865731349e+01 5.650249146012710369e-04
1.059118236472945895e+01 5.407390512676922816e-04
1.060020040080160264e+01 5.174327044125419297e-04
1.060921843687374633e+01 4.951081988575841168e-04
1.061823647294589179e+01 4.736025114313937591e-04
1.062725450901803548e+01 4.530309523285522169e-04
1.063627254509017916e+01 4.332582257575830968e-04
1.064529058116232463e+01 4.142937144032458018e-04
1.065430861723446831e+01 3.961426977901152838e-04
1.066332665330661200e+01 3.786653940522628054e-04
1.067234468937875747e+01 3.619591663626322425e-04
1.068136272545090115e+01 3.459138886619937030e-04
1.069038076152304662e+01 3.305330127524304471e-04
1.069939879759519030e+01 3.158243199304649638e-04
1.070841683366733399e+01 3.016700175832890221e-04
1.071743486973947945e+01 2.881500687747466779e-04
1.072645290581162314e+01 2.751742214971932454e-04
1.073547094188376683e+01 2.627421695132476764e-04
1.074448897795591229e+01 2.508636909258311833e-04
1.075350701402805598e+01 2.394394835785481452e-04
1.076252505010019966e+01 2.285355289351619524e-04
1.077154308617234513e+01 2.180792617313205464e-04
1.078056112224448881e+01 2.080673397856245080e-04
1.078957915831663250e+01 1.985095844082427794e-04
1.079859719438877796e+01 1.893219295653010071e-04
1.080761523046092165e+01 1.805595086059772706e-04
1.081663326653306711e+01 1.721640290269650631e-04
1.082565130260521080e+01 1.641303190755482525e-04
1.083466933867735449e+01 1.564680134444493503e-04
1.084368737474949995e+01 1.491068151730765609e-04
1.085270541082164364e+01 1.420919320289799599e-04
1.086172344689378733e+01 1.353764436233416879e-04
1.087074148296593279e+01 1.289542501964503350e-04
1.087975951903807648e+01 1.228346877483559290e-04
1.088877755511022016e+01 1.169592632649106611e-04
1.089779559118236563e+01 1.113648718796344075e-04
1.090681362725450931e+01 1.060140990298404990e-04
1.091583166332665300e+01 1.009003989824355362e-04
1.092484969939879846e+01 9.603233225425994413e-05
1.093386773547094215e+01 9.136107540460518923e-05
1.094288577154308584e+01 8.691704036705505735e-05
1.095190380761523130e+01 8.267066141037111295e-05
1.096092184368737499e+01 7.861533454345900776e-05
1.096993987975951867e+01 7.475860668377052730e-05
1.097895791583166414e+01 7.105982243440532651e-05
1.098797595190380783e+01 6.754404059145554650e-05
1.099699398797595151e+01 6.418780973877933824e-05
1.100601202404809698e+01 6.098480835584775805e-05
1.101503006012024066e+01 5.794163822281940795e-05
1.102404809619238435e+01 5.502548359686154649e-05
1.103306613226452981e+01 5.225597585596945051e-05
1.104208416833667350e+01 4.961470755284245028e-05
1.105110220440881719e+01 4.709581062193488813e-05
1.106012024048096265e+01 4.470479596750251205e-05
1.106913827655310634e+01 4.241565149421857846e-05
1.107815631262525002e+01 4.024334361272421907e-05
1.108717434869739549e+01 3.817378792975072366e-05
1.109619238476953917e+01 3.620165713074616096e-05
1.110521042084168286e+01 3.433141037572322437e-05
1.111422845691382832e+01 3.254252805893051361e-05
1.112324649298597201e+01 3.084633003298314972e-05
1.113226452905811570e+01 2.923203148683004390e-05
1.114128256513026116e+01 2.769489652881748914e-05
1.115030060120240485e+01 2.623859016050507188e-05
1.115931863727454854e+01 2.484718264238926778e-05
1.116833667334669400e+01 2.352897478340301241e-05
1.117735470941883769e+01 2.227569395991892384e-05
1.118637274549098137e+01 2.108319110850929163e-05
1.119539078156312684e+01 1.995452748263284846e-05
1.120440881763527052e+01 1.887730996020446465e-05
1.121342685370741421e+01 1.785765111683531282e-05
1.122244488977955967e+01 1.688931836366505812e-05
1.123146292585170336e+01 1.596873695422079619e-05
1.124048096192384705e+01 1.509833342129978607e-05
1.124949899799599251e+01 1.426845123471140495e-05
1.125851703406813620e+01 1.348361192930251224e-05
1.126753507014027988e+01 1.273912882209410481e-05
1.127655310621242535e+01 1.203195923967285694e-05
1.128557114228456904e+01 1.136404578106409488e-05
1.129458917835671272e+01 1.072796967113646910e-05
1.130360721442885819e+01 1.012697458253397561e-05
1.131262525050100187e+01 9.557534980627364077e-06
1.132164328657314556e+01 9.017086895393717886e-06
1.133066132264529102e+01 8.507199423688969580e-06
1.133967935871743471e+01 8.022184566040412953e-06
1.134869739478957840e+01 7.564357664392147141e-06
1.135771543086172386e+01 7.131104921511079101e-06
1.136673346693386755e+01 6.720296957829246662e-06
1.137575150300601123e+01 6.333154777343962662e-06
1.138476953907815670e+01 5.965309045725641236e-06
1.139378757515030038e+01 5.618422209248166101e-06
1.140280561122244407e+01 5.290574108932198191e-06
1.141182364729458953e+01 4.980015368862819544e-06
1.142084168336673322e+01 4.687686546577032865e-06
1.142985971943887691e+01 4.410252215005570859e-06
1.143887775551102237e+01 4.148888439703456930e-06
1.144789579158316606e+01 3.902186060270950096e-06
1.145691382765530975e+01 3.668719317887411646e-06
1.146593186372745521e+01 3.449220827903197373e-06
1.147494989979959890e+01 3.241177777985865193e-06
1.148396793587174258e+01 3.045392256449949367e-06
1.149298597194388805e+01 2.860835449649979992e-06
1.150200400801603173e+01 2.686356899185824473e-06
1.151102204408817542e+01 2.522519563537366081e-06
1.152004008016032088e+01 2.367425666770442659e-06
1.152905811623246457e+01 2.221626058443125620e-06
1.153807615230460826e+01 2.084379448558028578e-06
1.154709418837675372e+01 1.954768815091725161e-06
1.155611222444889741e+01 1.833217614527240767e-06
1.156513026052104109e+01 1.718306704519530511e-06
1.157414829659318656e+01 1.610402247187081274e-06
1.158316633266533024e+01 1.508968912089531345e-06
1.159218436873747393e+01 1.413278272050083409e-06
1.160120240480961940e+01 1.323655814408407462e-06
1.161022044088176308e+01 1.239051822721665996e-06
1.161923847695390677e+01 1.159698937352956456e-06
1.162825651302605223e+01 1.085212483719325864e-06
1.163727454909819592e+01 1.015020004964020645e-06
1.164629258517033961e+01 9.493676362311599346e-07
1.165531062124248507e+01 8.874800189906157413e-07
1.166432865731462876e+01 8.295026861524173971e-07
1.167334669338677244e+01 7.751621931532270707e-07
1.168236472945891791e+01 7.240127848422332054e-07
1.169138276553106159e+01 6.762384920795490544e-07
1.170040080160320528e+01 6.312701098909083927e-07
1.170941883767535074e+01 5.891948339926861976e-07
1.171843687374749443e+01 5.498194797204697594e-07
1.172745490981963812e+01 5.127999569718492195e-07
1.173647294589178358e+01 4.782729706194084410e-07
1.174549098196392727e+01 4.458250461777192566e-07
1.175450901803607096e+01 4.155037632430908061e-07
1.176352705410821642e+01 3.871727833495254746e-07
1.177254509018036011e+01 3.605684771271970183e-07
1.178156312625250557e+01 3.357922671451222434e-07
1.179058116232464926e+01 3.125442999926055073e-07
1.179959919839679294e+01 2.908485372162637910e-07
1.180861723446893841e+01 2.706104927605165228e-07
1.181763527054108209e+01 2.516311362021868990e-07
1.182665330661322578e+01 2.339829031036074062e-07
1.183567134268537124e+01 2.174491160771788110e-07
1.184468937875751493e+01 2.020399078876383913e-07
1.185370741482965862e+01 1.876904985966179946e-07
1.186272545090180408e+01 1.742518915585649376e-07
1.187174348697394777e+01 1.617754864458836165e-07
1.188076152304609145e+01 1.501062047322954588e-07
1.188977955911823692e+01 1.392457743880638326e-07
1.189879759519038060e+01 1.291498141077980206e-07
1.190781563126252607e+01 1.197073572391075269e-07
1.191683366733466976e+01 1.109552613464142379e-07
1.192585170340681344e+01 1.027836399664437113e-07
1.193486973947895891e+01 9.518952340234414151e-08
1.194388777555110259e+01 8.814267637654808625e-08
1.195290581162324628e+01 8.156150975179939686e-08
1.196192384769539174e+01 7.547172546218177814e-08
1.197094188376753543e+01 6.979562023482295363e-08
1.197995991983967912e+01 6.452842390828930428e-08
1.198897795591182458e+01 5.964990273890063846e-08
1.199799599198396827e+01 5.510067084453696505e-08
1.200701402805611195e+01 5.089838856582129250e-08
1.201603206412825742e+01 4.698874801148320962e-08
1.202505010020040110e+01 4.336637576239131034e-08
1.203406813627254479e+01 4.001765013212936660e-08
1.204308617234469025e+01 3.689951223301532552e-08
1.205210420841683394e+01 3.402433672489153944e-08
1.206112224448897763e+01 3.135460776608811207e-08
1.207014028056112309e+01 2.888506799031772064e-08
1.207915831663326678e+01 2.660655311032237638e-08
1.208817635270541047e+01 2.448821264595349508e-08
1.209719438877755593e+01 2.253852861386907542e-08
1.210621242484969962e+01 2.073166902082224069e-08
1.211523046092184330e+01 1.906305540870635503e-08
1.212424849699398877e+01 1.752663410596265158e-08
1.213326653306613245e+01 1.610055440465432026e-08
1.214228456913827614e+01 1.479050972194614963e-08
1.215130260521042160e+01 1.357886774859512345e-08
1.216032064128256529e+01 1.246183878099567358e-08
1.216933867735470898e+01 1.143544372326619377e-08
1.217835671342685444e+01 1.048431836993700443e-08
1.218737474949899813e+01 9.612301397501387242e-09
1.219639278557114181e+01 8.807512257768990547e-09
1.220541082164328728e+01 8.066909224628144236e-09
1.221442885771543096e+01 7.387855624209725307e-09
1.222344689378757465e+01 6.759664986489595925e-09
1.223246492985972012e+01 6.184889507022601249e-09
1.224148296593186380e+01 5.655548903601812019e-09
1.225050100200400749e+01 5.169309982838441034e-09
1.225951903807615295e+01 4.724475165984596056e-09
1.226853707414829664e+01 4.313734653104959313e-09
1.227755511022044033e+01 3.938703454592195244e-09
1.228657314629258579e+01 3.594069449885120338e-09
1.229559118236472948e+01 3.278089538883100843e-09
1.230460921843687316e+01 2.989676732713735645e-09
1.231362725450901863e+01 2.723862835175053808e-09
1.232264529058116231e+01 2.481682605902803924e-09
1.233166332665330600e+01 2.259648440860825592e-09
1.234068136272545146e+01 2.056479387516208529e-09
1.234969939879759515e+01 1.871471433078076280e-09
1.235871743486973884e+01 1.701282903697533151e-09
1.236773547094188430e+01 1.546571038839208189e-09
1.237675350701402799e+01 1.405056916044969941e-09
1.238577154308617168e+01 1.275824641873748792e-09
1.239478957915831714e+01 1.158431643409380990e-09
1.240380761523046083e+01 1.050670373154060610e-09
1.241282565130260451e+01 9.529334245176347878e-10
1.242184368737474998e+01 8.637468830748624628e-10
1.243086172344689366e+01 7.824682653724896795e-10
1.243987975951903735e+01 7.088209750384190646e-10
1.244889779559118281e+01 6.413575380894276944e-10
1.245791583166332650e+01 5.803150670616699802e-10
1.246693386773547019e+01 5.247539381875313146e-10
1.247595190380761565e+01 4.742300342405390884e-10
1.248496993987975934e+01 4.285679295209022434e-10
1.249398797595190302e+01 3.868263257490100947e-10
1.250300601202404849e+01 3.491502653027582585e-10
1.251202404809619217e+01 3.149469832701485078e-10
1.252104208416833586e+01 2.839150887694100553e-10
1.253006012024048133e+01 2.559407834105166485e-10
1.253907815631262501e+01 2.304320093471981690e-10
1.254809619238476870e+01 2.074629767340932081e-10
1.255711422845691416e+01 1.866662081528345641e-10
1.256613226452905785e+01 1.678410550251234467e-10
1.257515030060120154e+01 1.509144050801187000e-10
1.258416833667334700e+01 1.355206891194536866e-10
1.259318637274549069e+01 1.216931487261301900e-10
1.260220440881763437e+01 1.092081688136625095e-10
1.261122244488977984e+01 9.793425604807936185e-11
1.262024048096192352e+01 8.782418579012990605e-11
1.262925851703406721e+01 7.865431485382235868e-11
1.263827655310621267e+01 7.043799494564843430e-11
1.264729458917835636e+01 6.304081508191682850e-11
1.265631262525050005e+01 5.637806329705375722e-11
1.266533066132264551e+01 5.041949437037465337e-11
1.267434869739478920e+01 4.503040306917965935e-11
1.268336673346693289e+01 4.021417832348310267e-11
1.269238476953907835e+01 3.589069695145139985e-11
1.270140280561122204e+01 3.200635112890762774e-11
1.271042084168336572e+01 2.854239676573079883e-11
1.271943887775551119e+01 2.541900500625399464e-11
1.272845691382765487e+01 2.263509082418292439e-11
1.273747494989979856e+01 2.014349992569361791e-11
1.274649298597194402e+01 1.791086910480811361e-11
1.275551102204408771e+01 1.592569480343321930e-11
1.276452905811623317e+01 1.414107188533669927e-11
1.277354709418837686e+01 1.255481929558055777e-11
1.278256513026052055e+01 1.113963465031779621e-11
1.279158316633266601e+01 9.875102133879145530e-12
1.280060120240480970e+01 8.754114943236923829e-12
1.280961923847695338e+01 7.749502873937407836e-12
1.281863727454909885e+01 6.859103462735419424e-12
1.282765531062124253e+01 6.067255006194175693e-12
1.283667334669338622e+01 5.361673555981622246e-12
1.284569138276553169e+01 4.738146540991436046e-12
1.285470941883767537e+01 4.181241682390080687e-12
1.286372745490981906e+01 3.689115234608959344e-12
1.287274549098196452e+01 3.252897568701633777e-12
1.288176352705410821e+01 2.865326458874848499e-12
1.289078156312625190e+01 2.523933060457624305e-12
1.289979959919839736e+01 2.220036957921569611e-12
1.290881763527054105e+01 1.952311785333429405e-12
1.291783567134268473e+01 1.715827297026602582e-12
1.292685370741483020e+01 1.506368614717965642e-12
1.293587174348697388e+01 1.322479486915516463e-12
1.294488977955911757e+01 1.159339739880840106e-12
1.295390781563126303e+01 1.016070906554125846e-12
1.296292585170340672e+01 8.899705749256049611e-13
1.297194388777555041e+01 7.786356643027086993e-13
1.298096192384769587e+01 6.812286999205374206e-13
1.298997995991983956e+01 5.951282272846856704e-13
1.299899799599198325e+01 5.197629715087754750e-13
1.300801603206412871e+01 4.536689872156041030e-13
1.301703406813627240e+01 3.955003405088112403e-13
1.302605210420841608e+01 3.447899762834089126e-13
1.303507014028056155e+01 3.001326644485083237e-13
1.304408817635270523e+01 2.611760688292163835e-13
1.305310621242484892e+01 2.271423068031082692e-13
1.306212424849699438e+01 1.972928173821613324e-13
1.307114228456913807e+01 1.713659438368410769e-13
1.308016032064128176e+01 1.486175454897404841e-13
1.308917835671342722e+01 1.288421569527716104e-13
1.309819639278557091e+01 1.116340654729489151e-13
1.310721442885771459e+01 9.659583925377990861e-14
1.311623246492986006e+01 8.358341265823381912e-14
1.312525050100200374e+01 7.221134333859933986e-14
1.313426853707414921e+01 6.236130207900285879e-14
1.314328657314629289e+01 5.382426520563183591e-14
1.315230460921843658e+01 4.639021065397966757e-14
1.316132264529058205e+01 3.998292659080018468e-14
1.317034068136272573e+01 3.440663290562404086e-14
1.317935871743486942e+01 2.959487446674319526e-14
1.318837675350701488e+01 2.544186287486388037e-14
1.319739478957915857e+01 2.183895941909247498e-14
1.320641282565130226e+01 1.874627462833999287e-14
1.321543086172344772e+01 1.606583978265341491e-14
1.322444889779559141e+01 1.376185823773163625e-14
1.323346693386773509e+01 1.178193905432457895e-14
1.324248496993988056e+01 1.007112160577073678e-14
1.325150300601202424e+01 8.608726452459144116e-15
1.326052104208416793e+01 7.346716081148128188e-15
1.326953907815631339e+01 6.266289122288065484e-15
1.327855711422845708e+01 5.341938507183547715e-15
1.328757515030060077e+01 4.546401583509057218e-15
1.329659318637274623e+01 3.869338318053922928e-15
1.330561122244488992e+01 3.287747522008401093e-15
1.331462925851703361e+01 2.791923430396263755e-15
1.332364729458917907e+01 2.369649686498683683e-15
1.333266533066132276e+01 2.007690960986644028e-15
1.334168336673346644e+01 1.701020626716897448e-15
1.335070140280561191e+01 1.438819391540283546e-15
1.335971943887775559e+01 1.216249301799305266e-15
1.336873747494989928e+01 1.027600968841575507e-15
1.337775551102204474e+01 8.666114823477845789e-16
1.338677354709418843e+01 7.308434733996787297e-16
1.339579158316633212e+01 6.153098592214872332e-16
1.340480961923847758e+01 5.176730880784134492e-16
1.341382765531062127e+01 4.353224475253472789e-16
1.342284569138276495e+01 3.653596664497153687e-16
1.343186372745491042e+01 3.066409431148616749e-16
1.344088176352705410e+01 2.569257138537304744e-16
1.344989979959919779e+01 2.151066044189635178e-16
1.345891783567134325e+01 1.800119342756635160e-16
1.346793587174348694e+01 1.503312148340718575e-16
1.347695390781563063e+01 1.255443104059977447e-16
1.348597194388777609e+01 1.046658186106256540e-16
1.349498997995991978e+01 8.718742150130031994e-17
1.350400801603206347e+01 7.259663000804858922e-17
1.351302605210420893e+01 6.031734287721246360e-17
1.352204408817635262e+01 5.011502395309462265e-17
1.353106212424849630e+01 4.156556126722130906e-17
1.354008016032064177e+01 3.444330064833452618e-17
1.354909819639278545e+01 2.853000692045231980e-17
1.355811623246492914e+01 2.357862837843154963e-17
1.356713426853707460e+01 1.948656086057956605e-17
1.357615230460921829e+01 1.607636820092306866e-17
1.358517034068136198e+01 1.325003139688024770e-17
1.359418837675350744e+01 1.091647026898336137e-17
1.360320641282565113e+01 8.972345064070240409e-18
1.361222444889779482e+01 7.374451078520892192e-18
1.362124248496994028e+01 6.050432013518176582e-18
1.363026052104208397e+01 4.958941183486075874e-18
1.363927855711422765e+01 4.062950988407823727e-18
1.364829659318637312e+01 3.320479496330361361e-18
1.365731462925851680e+01 2.713688675302366990e-18
1.366633266533066049e+01 2.213795953705927104e-18
1.367535070140280595e+01 1.803938897083018753e-18
1.368436873747494964e+01 1.469505955901644176e-18
1.369338677354709333e+01 1.193930914254441451e-18
1.370240480961923879e+01 9.700341957020258474e-19
1.371142284569138248e+01 7.866954463931580624e-19
1.372044088176352616e+01 6.372301942839297857e-19
1.372945891783567163e+01 5.160189013581388598e-19
1.373847695390781531e+01 4.167005509856414266e-19
1.374749498997995900e+01 3.364980405460487542e-19
1.375651302605210446e+01 2.712413777771717434e-19
1.376553106212424815e+01 2.183571582533421684e-19
1.377454909819639362e+01 1.757414950322046076e-19
1.378356713426853730e+01 1.410251793961119832e-19
1.379258517034068099e+01 1.131667920547804507e-19
1.380160320641282645e+01 9.064567551335184336e-20
1.381062124248497014e+01 7.250547570930969840e-20
1.381963927855711383e+01 5.798409125191074418e-20
1.382865731462925929e+01 4.622857953746208162e-20
1.383767535070140298e+01 3.685634317811478175e-20
1.384669338677354666e+01 2.932984636685850273e-20
1.385571142284569213e+01 2.330540046896485749e-20
1.386472945891783581e+01 1.851554711488161004e-20
1.387374749498997950e+01 1.466239225636799470e-20
1.388276553106212496e+01 1.161109338793439157e-20
1.389178356713426865e+01 9.177852356914208691e-21
1.390080160320641234e+01 7.243043335950528425e-21
1.390981963927855780e+01 5.715505756538680040e-21
1.391883767535070149e+01 4.494621726695972171e-21
1.392785571142284518e+01 3.534529633353325956e-21
1.393687374749499064e+01 2.774359994253012858e-21
1.394589178356713433e+01 2.173984800563879805e-21
1.395490981963927801e+01 1.703438387507694398e-21
1.396392785571142348e+01 1.329971388899434703e-21
1.397294589178356716e+01 1.038384427792043366e-21
1.398196392785571085e+01 8.091989136377731071e-22
1.399098196392785631e+01 6.294457712214896573e-22
1.400000000000000000e+01 4.896224799999996755e-22
