# # logMh LcMh -err(LcMh) +err(LcMh)
9.500000000000000000e+00 3.589953133438644528e+00 3.957427512825934635e+00 3.222478754051354422e+00
9.508819241689792534e+00 3.513015041662510551e+00 3.880350195454029372e+00 3.145679887870991731e+00
9.517638483379585068e+00 3.436036946543108428e+00 3.803364717509245985e+00 3.068709175576970871e+00
9.526457725069377602e+00 3.358932223770691117e+00 3.726262728753868547e+00 2.991601718787513686e+00
9.535276966759170136e+00 3.281637623309661134e+00 3.649051009583020200e+00 2.914224237036302068e+00
9.544096208448962670e+00 3.204343358837626887e+00 3.571501784744834485e+00 2.837184932930419290e+00
9.552915450138755205e+00 3.126823547449124607e+00 3.493793392406375986e+00 2.759853702491873229e+00
9.561734691828547739e+00 3.049337030291956463e+00 3.415938710460667327e+00 2.682735350123245599e+00
9.570553933518338496e+00 2.971724202921763869e+00 3.337982622023501822e+00 2.605465783820025916e+00
9.579373175208131030e+00 2.894116685494942942e+00 3.259807013542947107e+00 2.528426357446938777e+00
9.588192416897923565e+00 2.816559971151435526e+00 3.181498492122596833e+00 2.451621450180274220e+00
9.597011658587716099e+00 2.738935787548824496e+00 3.103167400158838074e+00 2.374704174938810919e+00
9.605830900277508633e+00 2.661366014054649121e+00 3.025141933051002763e+00 2.297590095058295478e+00
9.614650141967301167e+00 2.583846304702972496e+00 2.947118141688343851e+00 2.220574467717601141e+00
9.623469383657093701e+00 2.506267402144173317e+00 2.869180841425389872e+00 2.143353962862956763e+00
9.632288625346886235e+00 2.428744491031146424e+00 2.791149727011890569e+00 2.066339255050402279e+00
9.641107867036678769e+00 2.351054818833025362e+00 2.712878843298069942e+00 1.989230794367980781e+00
9.649927108726471303e+00 2.273317027200299822e+00 2.634703972633018143e+00 1.911930081767581724e+00
9.658746350416263837e+00 2.195514371347306426e+00 2.556601937042303874e+00 1.834426805652308978e+00
9.667565592106056371e+00 2.117544227594355455e+00 2.478415532995274617e+00 1.756672922193436071e+00
9.676384833795848905e+00 2.039518743330475115e+00 2.400418542691367119e+00 1.678618943969583110e+00
9.685204075485641440e+00 1.961329643410664847e+00 2.322378527548945915e+00 1.600280759272383779e+00
9.694023317175432197e+00 1.882997693733678091e+00 2.244131981066247228e+00 1.521863406401108731e+00
9.702842558865224731e+00 1.804599841635822211e+00 2.165678101985340831e+00 1.443521581286303368e+00
9.711661800555017265e+00 1.726036346953891965e+00 2.086898894859558595e+00 1.365173799048225112e+00
9.720481042244809800e+00 1.647389262041134117e+00 2.008109152302176792e+00 1.286669371780091442e+00
9.729300283934602334e+00 1.568618383144802841e+00 1.929296262397959261e+00 1.207940503891646422e+00
9.738119525624394868e+00 1.489639204591159061e+00 1.850303010864976283e+00 1.128975398317341838e+00
9.746938767314187402e+00 1.410583820900993768e+00 1.771310576649086643e+00 1.049857065152900892e+00
9.755758009003979936e+00 1.331339278111752789e+00 1.692071226217360946e+00 9.706073300061446307e-01
9.764577250693772470e+00 1.251934246675970641e+00 1.612675469786356786e+00 8.911930235655844967e-01
9.773396492383565004e+00 1.172440417356536813e+00 1.533171427530132025e+00 8.117094071829414892e-01
9.782215734073357538e+00 1.092707903148978144e+00 1.453388374542494255e+00 7.320274317554619214e-01
9.791034975763150072e+00 1.012936683270562632e+00 1.373369037371094281e+00 6.525043291700309833e-01
9.799854217452942606e+00 9.330385320293346219e-01 1.293118437823864930e+00 5.729586262348044245e-01
9.808673459142735140e+00 8.530759818462391175e-01 1.212774219140363652e+00 4.933777445521145277e-01
9.817492700832525898e+00 7.731300908563275565e-01 1.132178211840468851e+00 4.140819698721862618e-01
9.826311942522318432e+00 6.930603182941872387e-01 1.051368055528239864e+00 3.347525810601346130e-01
9.835131184212110966e+00 6.130977575722463824e-01 9.706903770244394991e-01 2.555051381200533211e-01
9.843950425901903500e+00 5.331654299548017617e-01 8.898891376091394578e-01 1.764417223004640656e-01
9.852769667591696034e+00 4.532102155188530435e-01 8.092256554533455715e-01 9.719477558436051545e-02
9.861588909281488569e+00 3.734065592593323046e-01 7.288785774813445473e-01 1.793454103732006200e-02
9.870408150971281103e+00 2.933868085153198413e-01 6.483092620946542262e-01 -6.153564506401459910e-02
9.879227392661073637e+00 2.134072704371044182e-01 5.679736100508392393e-01 -1.411590691766304306e-01
9.888046634350866171e+00 1.333509601211076423e-01 4.878130014644561641e-01 -2.211110812222408795e-01
9.896865876040658705e+00 5.311972834353309580e-02 4.074902080991893438e-01 -3.012507514121230967e-01
9.905685117730451239e+00 -2.715815381878973131e-02 3.269510691980995754e-01 -3.812673768356790172e-01
9.914504359420243773e+00 -1.078467894977893499e-01 2.461988085021092898e-01 -4.618923874976880173e-01
9.923323601110036307e+00 -1.885502986037130291e-01 1.655181607335650118e-01 -5.426187579409911255e-01
9.932142842799828841e+00 -2.693505403894548844e-01 8.460459826930982752e-02 -6.233056790482196519e-01
9.940962084489619599e+00 -3.503711353155881114e-01 3.566693474479742942e-03 -7.043089641056559103e-01
9.949781326179412133e+00 -4.313849548984612925e-01 -7.766347273678919638e-02 -7.851064370601333886e-01
9.958600567869204667e+00 -5.126682994682131289e-01 -1.593170493588867975e-01 -8.660195495775394603e-01
9.967419809558997201e+00 -5.939955526811981912e-01 -2.407229630077790672e-01 -9.472681423546173152e-01
9.976239051248789735e+00 -6.753811521860280109e-01 -3.222147717332340955e-01 -1.028547532638822037e+00
9.985058292938582269e+00 -7.569511888090871832e-01 -4.040551161209623987e-01 -1.109847261497211912e+00
9.993877534628374804e+00 -8.385196243784688308e-01 -4.858223965864868488e-01 -1.191216852170450924e+00
1.000269677631816734e+01 -9.202800286728087809e-01 -5.677280336986816334e-01 -1.272832023646935928e+00
1.001151601800795987e+01 -1.002089197739727933e+00 -6.497399121910426567e-01 -1.354438483288413320e+00
1.002033525969775241e+01 -1.083961939776572514e+00 -7.318462973615504907e-01 -1.436077582191594537e+00
1.002915450138754494e+01 -1.166015727016695758e+00 -8.140504802914423355e-01 -1.517980973741949180e+00
1.003797374307733747e+01 -1.248091060536288044e+00 -8.963816198507015276e-01 -1.599800501221874560e+00
1.004679298476713001e+01 -1.330322633949879041e+00 -9.788394042860633082e-01 -1.681805863613694774e+00
1.005561222645692254e+01 -1.412659905388310433e+00 -1.061370164698390184e+00 -1.763949646078230682e+00
1.006443146814671508e+01 -1.495040894536606935e+00 -1.143946685122128937e+00 -1.846135103951084933e+00
1.007325070983650583e+01 -1.577607628727728972e+00 -1.226809104849326815e+00 -1.928406152606131130e+00
1.008206995152629837e+01 -1.660266974026325615e+00 -1.309830386327140328e+00 -2.010703561725510902e+00
1.009088919321609090e+01 -1.743089467044146801e+00 -1.393009681881383299e+00 -2.093169252206910080e+00
1.009970843490588344e+01 -1.826112125474572689e+00 -1.476386339432156802e+00 -2.175837911516988576e+00
1.010852767659567597e+01 -1.909208058533953478e+00 -1.559813573132337261e+00 -2.258602543935569695e+00
1.011734691828546850e+01 -1.992482557786565689e+00 -1.643363992322821376e+00 -2.341601123250310224e+00
1.012616615997526104e+01 -2.075890078811736039e+00 -1.727027471084883192e+00 -2.424752686538588886e+00
1.013498540166505357e+01 -2.159397783227385403e+00 -1.810784365085979175e+00 -2.508011201368791632e+00
1.014380464335484611e+01 -2.243098135732047194e+00 -1.894731424248584650e+00 -2.591464847215509515e+00
1.015262388504463864e+01 -2.326818337752535992e+00 -1.978765576235431034e+00 -2.674871099269640951e+00
1.016144312673443117e+01 -2.410676104270893294e+00 -2.062923138736710627e+00 -2.758429069805075962e+00
1.017026236842422371e+01 -2.494703914243931564e+00 -2.147213866117262615e+00 -2.842193962370600513e+00
1.017908161011401624e+01 -2.578764366641284500e+00 -2.231468680464459897e+00 -2.926060052818109103e+00
1.018790085180380700e+01 -2.663049676344234840e+00 -2.315965666907277676e+00 -3.010133685781192003e+00
1.019672009349359953e+01 -2.747381126047489630e+00 -2.400640858780276332e+00 -3.094121393314702928e+00
1.020553933518339207e+01 -2.831811606833158024e+00 -2.485284890974745142e+00 -3.178338322691570905e+00
1.021435857687318460e+01 -2.916467005473005969e+00 -2.570335132334689909e+00 -3.262598878611322029e+00
1.022317781856297714e+01 -3.001184646640076892e+00 -2.655481584636408154e+00 -3.346887708643745629e+00
1.023199706025276967e+01 -3.086169874785187783e+00 -2.740565273640604538e+00 -3.431774475929771029e+00
1.024081630194256221e+01 -3.171237347122612515e+00 -2.825850475093985903e+00 -3.516624219151239128e+00
1.024963554363235474e+01 -3.256462145285389909e+00 -2.911434177339196960e+00 -3.601490113231582857e+00
1.025845478532214727e+01 -3.341931082074664161e+00 -2.997120227581743901e+00 -3.686741936567584421e+00
1.026727402701193981e+01 -3.427391895765801610e+00 -3.082925236650601697e+00 -3.771858554881001524e+00
1.027609326870173234e+01 -3.513221219083388469e+00 -3.169138109324635355e+00 -3.857304328842141583e+00
1.028491251039152488e+01 -3.599127833929037124e+00 -3.255381775277290668e+00 -3.942873892580783579e+00
1.029373175208131741e+01 -3.685099071419450478e+00 -3.341770842095383554e+00 -4.028427300743517847e+00
1.030255099377110994e+01 -3.771390262181779640e+00 -3.428601427228194609e+00 -4.114179097135364671e+00
1.031137023546090248e+01 -3.857639599868974756e+00 -3.515206243672588826e+00 -4.200072956065360685e+00
1.032018947715069324e+01 -3.944222890853704477e+00 -3.602323231386234337e+00 -4.286122550321175062e+00
1.032900871884048577e+01 -4.030821264663858372e+00 -3.689516678463339971e+00 -4.372125850864376773e+00
1.033782796053027830e+01 -4.117421026996443523e+00 -3.776727154343120674e+00 -4.458114899649766372e+00
1.034664720222007084e+01 -4.204322260260704880e+00 -3.864211007671123355e+00 -4.544433512850286405e+00
1.035546644390986337e+01 -4.291144623258621671e+00 -3.951587335970088155e+00 -4.630701910547155187e+00
1.036428568559965591e+01 -4.378155479312843212e+00 -4.039050208267660480e+00 -4.717260750358025945e+00
1.037310492728944844e+01 -4.465211685764583827e+00 -4.126593746946631391e+00 -4.803829624582536262e+00
1.038192416897924097e+01 -4.552257129495491661e+00 -4.214175539494153355e+00 -4.890338719496829967e+00
1.039074341066903351e+01 -4.639553218750450903e+00 -4.301926511114620766e+00 -4.977179926386281039e+00
1.039956265235882604e+01 -4.726865382269577864e+00 -4.389508305683532008e+00 -5.064222458855623721e+00
1.040838189404861858e+01 -4.814387003764636574e+00 -4.477327845056274569e+00 -5.151446162472998580e+00
1.041720113573841111e+01 -4.902096698395959962e+00 -4.565188758845317274e+00 -5.239004637946602649e+00
1.042602037742820364e+01 -4.989933847214241602e+00 -4.653094179831335886e+00 -5.326773514597147319e+00
1.043483961911799618e+01 -5.078056313660139764e+00 -4.741403137347766972e+00 -5.414709489972512557e+00
1.044365886080778694e+01 -5.166258832547589108e+00 -4.829739167758681617e+00 -5.502778497336496599e+00
1.045247810249757947e+01 -5.254692044490254510e+00 -4.918148041930090919e+00 -5.591236047050418101e+00
1.046129734418737200e+01 -5.343332512908132159e+00 -5.006762619576835327e+00 -5.679902406239428991e+00
1.047011658587716454e+01 -5.432007308677901491e+00 -5.095656923356209234e+00 -5.768357693999593749e+00
1.047893582756695707e+01 -5.520941196569144616e+00 -5.184908335465131302e+00 -5.856974057673157930e+00
1.048775506925674961e+01 -5.610059881989620578e+00 -5.274167723891902249e+00 -5.945952040087338908e+00
1.049657431094654214e+01 -5.699312664833083630e+00 -5.363585290352447466e+00 -6.035040039313719795e+00
1.050539355263633468e+01 -5.788736239027066688e+00 -5.453387780567166665e+00 -6.124084697486966711e+00
1.051421279432612721e+01 -5.878209180778675602e+00 -5.543290263260667317e+00 -6.213128098296683888e+00
1.052303203601591974e+01 -5.967904926703035073e+00 -5.633238892048716195e+00 -6.302570961357353951e+00
1.053185127770571228e+01 -6.057813429566925478e+00 -5.723388442114877961e+00 -6.392238417018972996e+00
1.054067051939550481e+01 -6.147807240231073500e+00 -5.813814465765675621e+00 -6.481800014696471379e+00
1.054948976108529735e+01 -6.238054239584077898e+00 -5.904535288694392037e+00 -6.571573190473763759e+00
1.055830900277508988e+01 -6.328369331218981486e+00 -5.995299250760520948e+00 -6.661439411677442024e+00
1.056712824446488241e+01 -6.418791052006343811e+00 -6.086019966082958810e+00 -6.751562137929728813e+00
1.057594748615467317e+01 -6.509527912216380940e+00 -6.177106833494111271e+00 -6.841948990938650610e+00
1.058476672784446571e+01 -6.600379590943056485e+00 -6.268127670839712451e+00 -6.932631511046400519e+00
1.059358596953425824e+01 -6.691453798448844026e+00 -6.359678367806891330e+00 -7.023229229090796721e+00
1.060240521122405077e+01 -6.782622539345119606e+00 -6.451940026055359212e+00 -7.113305052634879999e+00
1.061122445291384331e+01 -6.873884153166240019e+00 -6.543893101274209201e+00 -7.203875205058270836e+00
1.062004369460363584e+01 -6.965525056623063094e+00 -6.635847074713848492e+00 -7.295203038532277695e+00
1.062886293629342838e+01 -7.057169985821808211e+00 -6.727891151173020390e+00 -7.386448820470596033e+00
1.063768217798322091e+01 -7.149160266167656985e+00 -6.820191110902862341e+00 -7.478129421432451629e+00
1.064650141967301344e+01 -7.241228894659288429e+00 -6.912752814687268099e+00 -7.569704974631308758e+00
1.065532066136280598e+01 -7.333372592517245714e+00 -7.006160840311427052e+00 -7.660584344723064376e+00
1.066413990305259851e+01 -7.425998000606672811e+00 -7.099802995602536804e+00 -7.752193005610808818e+00
1.067295914474239105e+01 -7.518585162199762806e+00 -7.192975549216736653e+00 -7.844194775182788959e+00
1.068177838643218358e+01 -7.611578771803776178e+00 -7.286574230904814264e+00 -7.936583312702738091e+00
1.069059762812197434e+01 -7.704654426576204251e+00 -7.380059084207968745e+00 -8.029249768944438870e+00
1.069941686981176687e+01 -7.797601791274884064e+00 -7.473420550401906226e+00 -8.121783032147861903e+00
1.070823611150155941e+01 -7.891092390782289634e+00 -7.566564392360398017e+00 -8.215620389204181251e+00
1.071705535319135194e+01 -7.984375362903638695e+00 -7.660254383957732394e+00 -8.308496341849545885e+00
1.072587459488114447e+01 -8.077906085104693545e+00 -7.754647344426952138e+00 -8.401164825782435841e+00
1.073469383657093701e+01 -8.171593687728055500e+00 -7.849242053200038427e+00 -8.493945322256072572e+00
1.074351307826072954e+01 -8.265291791502797025e+00 -7.943772417044944412e+00 -8.586811165960650527e+00
1.075233231995052208e+01 -8.359514132814044984e+00 -8.038682408780367439e+00 -8.680345856847722530e+00
1.076115156164031461e+01 -8.453710160309737986e+00 -8.133453792867570087e+00 -8.773966527751905886e+00
1.076997080333010715e+01 -8.548200812996725517e+00 -8.228369234780123165e+00 -8.868032391213327870e+00
1.077879004501989968e+01 -8.642935905734493218e+00 -8.323480315598771995e+00 -8.962391495870214442e+00
1.078760928670969221e+01 -8.737701879117512505e+00 -8.418580393807239659e+00 -9.056823364427785350e+00
1.079642852839948475e+01 -8.832919544774270548e+00 -8.513930121686943409e+00 -9.151908967861597688e+00
1.080524777008927728e+01 -8.928199380670694296e+00 -8.609267561250323553e+00 -9.247131200091065040e+00
1.081406701177906982e+01 -9.023690710853401242e+00 -8.704739874138098799e+00 -9.342641547568703686e+00
1.082288625346886235e+01 -9.119424033356503756e+00 -8.800365927449256276e+00 -9.438482139263751236e+00
1.083170549515865311e+01 -9.215183067914477277e+00 -8.896013912917313249e+00 -9.534352222911641306e+00
1.084052473684844564e+01 -9.311304181623697218e+00 -8.991967358787713138e+00 -9.630641004459681298e+00
1.084934397853823818e+01 -9.407549135294861031e+00 -9.088126743978886424e+00 -9.726971526610835639e+00
1.085816322022803071e+01 -9.503943411745694902e+00 -9.184626571994442656e+00 -9.823260251496947149e+00
1.086698246191782324e+01 -9.600566810254527184e+00 -9.281411822612115614e+00 -9.919721797896938753e+00
1.087580170360761578e+01 -9.697243162912371872e+00 -9.378346242940965638e+00 -1.001614008288377811e+01
1.088462094529740831e+01 -9.794221988905139398e+00 -9.475649779273780382e+00 -1.011279419853649841e+01
1.089344018698720085e+01 -9.891424988596707379e+00 -9.573285181805132993e+00 -1.020956479538828177e+01
1.090225942867699338e+01 -9.988755865715715387e+00 -9.671083976793530823e+00 -1.030642775463789995e+01
1.091107867036678591e+01 -1.008636598801822437e+01 -9.769252104901759992e+00 -1.040347987113468875e+01
1.091989791205657845e+01 -1.018410372792101271e+01 -9.867622032788466058e+00 -1.050058542305355935e+01
1.092871715374637098e+01 -1.028212301367826420e+01 -9.966228443807100490e+00 -1.059801758354942791e+01
1.093753639543616174e+01 -1.038048683739452116e+01 -1.006533918658219129e+01 -1.069563448820685103e+01
1.094635563712595427e+01 -1.047894996400583878e+01 -1.016472683806444799e+01 -1.079317308994722957e+01
1.095517487881574681e+01 -1.057771345392411355e+01 -1.026455164814366761e+01 -1.089087525970455950e+01
1.096399412050553934e+01 -1.067663843396090328e+01 -1.036457755118152591e+01 -1.098869931674028066e+01
1.097281336219533188e+01 -1.077577385706123714e+01 -1.046486400922371729e+01 -1.108668370489875699e+01
1.098163260388512441e+01 -1.087534850702054356e+01 -1.056571588190097799e+01 -1.118498113214010914e+01
1.099045184557491694e+01 -1.097492530256803001e+01 -1.066661361894703397e+01 -1.128323698618902604e+01
1.099927108726470948e+01 -1.107482272654572952e+01 -1.076776471254694734e+01 -1.138188074054451171e+01
1.100809032895450201e+01 -1.117491575843028784e+01 -1.086930849332905957e+01 -1.148052302353151610e+01
1.101690957064429455e+01 -1.127504781766401720e+01 -1.097076064242214244e+01 -1.157933499290589197e+01
1.102572881233408708e+01 -1.137570161124173929e+01 -1.107278979403437980e+01 -1.167861342844909878e+01
1.103454805402387962e+01 -1.147630536799939449e+01 -1.117451174821010262e+01 -1.177809898778868636e+01
1.104336729571367215e+01 -1.157715903685985737e+01 -1.127641839877118102e+01 -1.187789967494853371e+01
1.105218653740346468e+01 -1.167820385455722310e+01 -1.137710314659725341e+01 -1.197930456251719278e+01
1.106100577909325722e+01 -1.177911389516800611e+01 -1.147749377977014973e+01 -1.208073401056586249e+01
1.106982502078304975e+01 -1.188061591114793991e+01 -1.157824862233537999e+01 -1.218298319996049983e+01
1.107864426247284051e+01 -1.198195916732358413e+01 -1.167903850173197178e+01 -1.228487983291519647e+01
1.108746350416263304e+01 -1.208350733158687973e+01 -1.177970584481922067e+01 -1.238730881835453879e+01
1.109628274585242558e+01 -1.218533579241728759e+01 -1.188050394539664900e+01 -1.249016763943792618e+01
1.110510198754221811e+01 -1.228700770949417631e+01 -1.198125036509882158e+01 -1.259276505388953105e+01
1.111392122923201065e+01 -1.238936839083168451e+01 -1.208243637625511191e+01 -1.269630040540825711e+01
1.112274047092180318e+01 -1.249157716282093844e+01 -1.218355175223382503e+01 -1.279960257340805185e+01
1.113155971261159571e+01 -1.259398019465125529e+01 -1.228479568020599189e+01 -1.290316470909651869e+01
1.114037895430138825e+01 -1.269675774054956108e+01 -1.238628566506207562e+01 -1.300722981603704653e+01
1.114919819599118078e+01 -1.279939986352666637e+01 -1.248785980118447014e+01 -1.311093992586886259e+01
1.115801743768097332e+01 -1.290262575126397238e+01 -1.259000112811025751e+01 -1.321525037441768724e+01
1.116683667937076585e+01 -1.300584031036246380e+01 -1.269196789400903214e+01 -1.331971272671589546e+01
1.117565592106055838e+01 -1.310914528171510440e+01 -1.279434787430500364e+01 -1.342394268912520516e+01
1.118447516275035092e+01 -1.321269545690317315e+01 -1.289719615045612855e+01 -1.352819476335021776e+01
1.119329440444014168e+01 -1.331606018643620892e+01 -1.299968072659258311e+01 -1.363243964627983473e+01
1.120211364612993421e+01 -1.341984213441502582e+01 -1.310274098427083089e+01 -1.373694328455922076e+01
1.121093288781972674e+01 -1.352362738018753952e+01 -1.320619468840940769e+01 -1.384106007196567134e+01
1.121975212950951928e+01 -1.362745726647166222e+01 -1.330982858952089920e+01 -1.394508594342242525e+01
1.122857137119931181e+01 -1.373150649772712129e+01 -1.341343404818661256e+01 -1.404957894726763001e+01
1.123739061288910435e+01 -1.383547927439227365e+01 -1.351728621893066951e+01 -1.415367232985387780e+01
1.124620985457889688e+01 -1.393975068937442430e+01 -1.362202701445175457e+01 -1.425747436429709403e+01
1.125502909626868941e+01 -1.404411596378486671e+01 -1.372696913707959077e+01 -1.436126279049014265e+01
1.126384833795848195e+01 -1.414853445800670428e+01 -1.383183516755612352e+01 -1.446523374845728505e+01
1.127266757964827448e+01 -1.425325581580091239e+01 -1.393739851911952599e+01 -1.456911311248229879e+01
1.128148682133806702e+01 -1.435803963538551997e+01 -1.404363955665462171e+01 -1.467243971411641823e+01
1.129030606302785955e+01 -1.446300845511075117e+01 -1.415016097726812028e+01 -1.477585593295338207e+01
1.129912530471765209e+01 -1.456814308047787776e+01 -1.425662922555611090e+01 -1.487965693539964462e+01
1.130794454640744462e+01 -1.467326735034884067e+01 -1.436349245085792603e+01 -1.498304224983975530e+01
1.131676378809723715e+01 -1.477860426694838303e+01 -1.447101552831895610e+01 -1.508619300557780996e+01
1.132558302978702969e+01 -1.488395393983329029e+01 -1.457838114641437066e+01 -1.518952673325220992e+01
1.133440227147682045e+01 -1.498931560014463038e+01 -1.468567689826137368e+01 -1.529295430202788708e+01
1.134322151316661298e+01 -1.509492715110201111e+01 -1.479322089918980687e+01 -1.539663340301421535e+01
1.135204075485640551e+01 -1.520046348586893004e+01 -1.490040691677852713e+01 -1.550052005495933294e+01
1.136085999654619805e+01 -1.530613123408633669e+01 -1.500709493710790987e+01 -1.560516753106476351e+01
1.136967923823599058e+01 -1.541193482785271840e+01 -1.511331587624030171e+01 -1.571055377946513509e+01
1.137849847992578312e+01 -1.551775541853717577e+01 -1.521961534529252802e+01 -1.581589549178182352e+01
1.138731772161557565e+01 -1.562389569532538403e+01 -1.532659812362698126e+01 -1.592119326702378679e+01
1.139613696330536818e+01 -1.572987724805366128e+01 -1.543309211521716762e+01 -1.602666238089015494e+01
1.140495620499516072e+01 -1.583597603125278752e+01 -1.553911569541116933e+01 -1.613283636709440572e+01
1.141377544668495325e+01 -1.594227599817362240e+01 -1.564583417895104667e+01 -1.623871781739619991e+01
1.142259468837474579e+01 -1.604839921035688377e+01 -1.575236581226383237e+01 -1.634443260844993517e+01
1.143141393006453832e+01 -1.615474312401633838e+01 -1.585883708495632050e+01 -1.645064916307635627e+01
1.144023317175432908e+01 -1.626090818694628481e+01 -1.596511447202722600e+01 -1.655670190186534185e+01
1.144905241344412161e+01 -1.636716106861319631e+01 -1.607231719505155354e+01 -1.666200494217483907e+01
1.145787165513391415e+01 -1.647352642143660262e+01 -1.617873720952913530e+01 -1.676831563334406994e+01
1.146669089682370668e+01 -1.657951455673404340e+01 -1.628445557003530197e+01 -1.687457354343278482e+01
1.147551013851349921e+01 -1.668603239415362438e+01 -1.639150338550991393e+01 -1.698056140279733484e+01
1.148432938020329175e+01 -1.679226524998955483e+01 -1.649915758598571713e+01 -1.708537291399339253e+01
1.149314862189308428e+01 -1.689837242896362568e+01 -1.660643715000907150e+01 -1.719030770791817986e+01
1.150196786358287682e+01 -1.700459403478650344e+01 -1.671247980658204568e+01 -1.729670826299096120e+01
1.151078710527266935e+01 -1.711054879790519934e+01 -1.681879701030397456e+01 -1.740230058550642411e+01
1.151960634696246188e+01 -1.721692137773974807e+01 -1.692655431579981595e+01 -1.750728843967968018e+01
1.152842558865225442e+01 -1.732286425663122031e+01 -1.703437197559589222e+01 -1.761135653766654841e+01
1.153724483034204695e+01 -1.742861238498225518e+01 -1.714046670608925638e+01 -1.771675806387525398e+01
1.154606407203183949e+01 -1.753456739969082889e+01 -1.724805184102480382e+01 -1.782108295835685396e+01
1.155488331372163202e+01 -1.764015273662473504e+01 -1.735565203385889177e+01 -1.792465343939057831e+01
1.156370255541142456e+01 -1.774579901583331676e+01 -1.746295864585512803e+01 -1.802863938581150549e+01
1.157252179710121709e+01 -1.785113909220222084e+01 -1.756866498388065168e+01 -1.813361320052379000e+01
1.158134103879100962e+01 -1.795627392059044070e+01 -1.767426345424737022e+01 -1.823828438693351117e+01
1.159016028048080038e+01 -1.806145624756263857e+01 -1.777953689952065730e+01 -1.834337559560461983e+01
1.159897952217059292e+01 -1.816597000344578561e+01 -1.788381621002025668e+01 -1.844812379687131454e+01
1.160779876386038545e+01 -1.827049785870622500e+01 -1.798896922502066431e+01 -1.855202649239178569e+01
1.161661800555017798e+01 -1.837499141710957673e+01 -1.809471358717500777e+01 -1.865526924704414569e+01
1.162543724723997052e+01 -1.847941327717575177e+01 -1.820015516243551801e+01 -1.875867139191598554e+01
1.163425648892976305e+01 -1.858343666288584828e+01 -1.830435614342920658e+01 -1.886251718234248997e+01
1.164307573061955559e+01 -1.868678346249228994e+01 -1.840814516295787229e+01 -1.896542176202670760e+01
1.165189497230934812e+01 -1.879007495583125120e+01 -1.851252040839677449e+01 -1.906762950326572792e+01
1.166071421399914065e+01 -1.889275802000482685e+01 -1.861691702232005596e+01 -1.916859901768959773e+01
1.166953345568893319e+01 -1.899466416865217155e+01 -1.872009534484305959e+01 -1.926923299246128352e+01
1.167835269737872572e+01 -1.909639175052721427e+01 -1.882355388155955822e+01 -1.936922961949487032e+01
1.168717193906851648e+01 -1.919783991169473580e+01 -1.892689832847734976e+01 -1.946878149491212184e+01
1.169599118075830901e+01 -1.929874640518837481e+01 -1.903012064776246959e+01 -1.956737216261428003e+01
1.170481042244810155e+01 -1.939909090069804876e+01 -1.913293239649256350e+01 -1.966524940490353401e+01
1.171362966413789408e+01 -1.949902294384697399e+01 -1.923496379689590796e+01 -1.976308209079804001e+01
1.172244890582768662e+01 -1.959870042345022512e+01 -1.933776840013816312e+01 -1.985963244676228712e+01
1.173126814751747915e+01 -1.969777303676910662e+01 -1.944025420701647988e+01 -1.995529186652173337e+01
1.174008738920727168e+01 -1.979602068925644076e+01 -1.954066706264701381e+01 -2.005137431586586771e+01
1.174890663089706422e+01 -1.989356251895423355e+01 -1.964076828779596084e+01 -2.014635675011250626e+01
1.175772587258685675e+01 -1.999043767512119629e+01 -1.974178248222517951e+01 -2.023909286801721308e+01
1.176654511427664929e+01 -2.008703245205152754e+01 -1.984156301790260812e+01 -2.033250188620044696e+01
1.177536435596644182e+01 -2.018299215809016545e+01 -1.993951549369080212e+01 -2.042646882248952878e+01
1.178418359765623435e+01 -2.027787214066761123e+01 -2.003662509047479290e+01 -2.051911919086042957e+01
1.179300283934602689e+01 -2.037219641455660124e+01 -2.013403876928801495e+01 -2.061035405982518753e+01
1.180182208103581942e+01 -2.046531963837383472e+01 -2.023009569736540314e+01 -2.070054357938226630e+01
1.181064132272561196e+01 -2.055759703788618253e+01 -2.032552764209949459e+01 -2.078966643367287048e+01
1.181946056441540449e+01 -2.064915912776470464e+01 -2.042054438800290228e+01 -2.087777386752650699e+01
1.182827980610519703e+01 -2.073951541805053012e+01 -2.051409970666732008e+01 -2.096493112943374015e+01
1.183709904779498778e+01 -2.082934786050545384e+01 -2.060581866500312742e+01 -2.105287705600778025e+01
1.184591828948478032e+01 -2.091795858096151761e+01 -2.069653171959294014e+01 -2.113938544233009509e+01
1.185473753117457285e+01 -2.100598449227658193e+01 -2.078743253686581482e+01 -2.122453644768734904e+01
1.186355677286436539e+01 -2.109426139038134806e+01 -2.087027594767483407e+01 -2.131824683308786206e+01
1.187237601455415792e+01 -2.118013657010178719e+01 -2.095970781725940668e+01 -2.140056532294416769e+01
1.188119525624395045e+01 -2.126853571233868934e+01 -2.102244673397499142e+01 -2.151462469070238726e+01
1.189001449793374299e+01 -2.135086547372720744e+01 -2.113210606369500866e+01 -2.156962488375940623e+01
1.189883373962353552e+01 -2.143163466956618635e+01 -2.122617322180271771e+01 -2.163709611732965499e+01
1.190765298131332806e+01 -2.151176713412716879e+01 -2.130974483485050897e+01 -2.171378943340382861e+01
1.191647222300312059e+01 -2.159039257778180598e+01 -2.139014876496348094e+01 -2.179063639060013102e+01
1.192529146469291312e+01 -2.166837950116919842e+01 -2.147134366148659623e+01 -2.186541534085180061e+01
1.193411070638270388e+01 -2.174486668835536207e+01 -2.154970312479453654e+01 -2.194003025191618761e+01
1.194292994807249642e+01 -2.182036040085723272e+01 -2.162830915612309468e+01 -2.201241164559137076e+01
1.195174918976228895e+01 -2.189470743114940277e+01 -2.170473694949443910e+01 -2.208467791280436643e+01
1.196056843145208148e+01 -2.197039029805883104e+01 -2.167775884148883492e+01 -2.226302175462882715e+01
1.196938767314187402e+01 -2.204538828481753754e+01 -2.175004357954994916e+01 -2.234073299008512592e+01
1.197820691483166655e+01 -2.211545466294910511e+01 -2.181575837224017533e+01 -2.241515095365803489e+01
1.198702615652145909e+01 -2.218225970586711782e+01 -2.190702147587398940e+01 -2.245749793586024623e+01
1.199584539821125162e+01 -2.224716599586545840e+01 -2.199408262740078968e+01 -2.250024936433012712e+01
1.200466463990104415e+01 -2.231461847473349636e+01 -2.208387385166534855e+01 -2.254536309780164416e+01
1.201348388159083669e+01 -2.237703120434560233e+01 -2.214140957320108782e+01 -2.261265283549011684e+01
1.202230312328062922e+01 -2.243713552735215799e+01 -2.221661356970044920e+01 -2.265765748500386678e+01
1.203112236497042176e+01 -2.249503356805319854e+01 -2.229321558865433417e+01 -2.269685154745206290e+01
1.203994160666021429e+01 -2.255106110912170436e+01 -2.235393187930379000e+01 -2.274819033893961873e+01
1.204876084835000682e+01 -2.260543741038421217e+01 -2.240511943535521766e+01 -2.280575538541320668e+01
1.205758009003979936e+01 -2.265977692040071645e+01 -2.245551174381862936e+01 -2.286404209698280354e+01
1.206639933172959189e+01 -2.271346901364241688e+01 -2.250542344298932562e+01 -2.292151458429550814e+01
1.207521857341938443e+01 -2.276406480295827350e+01 -2.255036793607596124e+01 -2.297776166984058577e+01
1.208403781510917696e+01 -2.281367346521605910e+01 -2.259407462259058619e+01 -2.303327230784153201e+01
1.209285705679896772e+01 -2.286233326133986310e+01 -2.262320987009967155e+01 -2.310145665258005465e+01
1.210167629848876025e+01 -2.291007560860403203e+01 -2.269186090981965265e+01 -2.312829030738841141e+01
1.211049554017855279e+01 -2.295764834832366930e+01 -2.273576447415387847e+01 -2.317953222249346013e+01
1.211931478186834532e+01 -2.300366055398097842e+01 -2.278879985870187141e+01 -2.321852124926008543e+01
1.212813402355813786e+01 -2.304903598727627312e+01 -2.282659759708277747e+01 -2.327147437746976877e+01
1.213695326524793039e+01 -2.309300368061755293e+01 -2.287473201006655188e+01 -2.331127535116855398e+01
1.214577250693772292e+01 -2.313307468966943148e+01 -2.290135279979010718e+01 -2.336479657954875577e+01
1.215459174862751546e+01 -2.317100531025100452e+01 -2.292818250769355615e+01 -2.341382811280845289e+01
1.216341099031730799e+01 -2.320796693169326019e+01 -2.295541263190131787e+01 -2.346052123148520252e+01
1.217223023200710053e+01 -2.324213144218182237e+01 -2.295159149668927867e+01 -2.353267138767436606e+01
1.218104947369689128e+01 -2.327194564386118714e+01 -2.298502399993031986e+01 -2.355886728779205441e+01
1.218986871538668382e+01 -2.329962448371465200e+01 -2.301491315974745433e+01 -2.358433580768184967e+01
1.219868795707647635e+01 -2.332590410173946083e+01 -2.303491757843076115e+01 -2.361689062504816050e+01
1.220750719876626889e+01 -2.335056265038364742e+01 -2.304224662954680269e+01 -2.365887867122049215e+01
1.221632644045606142e+01 -2.337315647173349831e+01 -2.304800534014233548e+01 -2.369830760332466113e+01
1.222514568214585395e+01 -2.339411021561631188e+01 -2.305533968657388755e+01 -2.373288074465873621e+01
1.223396492383564649e+01 -2.341323244131586279e+01 -2.306114194251138372e+01 -2.376532294012034185e+01
1.224278416552543902e+01 -2.343030405289285767e+01 -2.306652029898335243e+01 -2.379408780680236291e+01
1.225160340721523156e+01 -2.344631139697408173e+01 -2.307371916676850532e+01 -2.381890362717965814e+01
1.226042264890502409e+01 -2.346108973664193442e+01 -2.308245830446545455e+01 -2.383972116881841430e+01
1.226924189059481662e+01 -2.347453616927233355e+01 -2.308790575251655497e+01 -2.386116658602811214e+01
1.227806113228460916e+01 -2.348680867750712764e+01 -2.309188881198789645e+01 -2.388172854302635884e+01
1.228688037397440169e+01 -2.349827756947286517e+01 -2.309573347774141538e+01 -2.390082166120431495e+01
1.229569961566419423e+01 -2.350890595036048936e+01 -2.309940289789902579e+01 -2.391840900282195292e+01
1.230451885735398676e+01 -2.351851697436154964e+01 -2.310175431224092790e+01 -2.393527963648217138e+01
1.231333809904377929e+01 -2.352737523143941445e+01 -2.310224902399758662e+01 -2.395250143888124228e+01
1.232215734073357183e+01 -2.353533390718892448e+01 -2.310597656241775155e+01 -2.396469125196009742e+01
1.233097658242336436e+01 -2.354255454473474529e+01 -2.310877920336167790e+01 -2.397632988610781268e+01
1.233979582411315512e+01 -2.354912757207110374e+01 -2.311110347950775434e+01 -2.398715166463445314e+01
1.234861506580294765e+01 -2.355507618653467716e+01 -2.311256244897669632e+01 -2.399758992409265801e+01
1.235743430749274019e+01 -2.356043495375216423e+01 -2.311470014391716177e+01 -2.400616976358716670e+01
1.236625354918253272e+01 -2.356527822078751910e+01 -2.311511686384831066e+01 -2.401543957772672755e+01
1.237507279087232526e+01 -2.356963746149265049e+01 -2.311535457762769852e+01 -2.402392034535760246e+01
1.238389203256211779e+01 -2.357359395185366679e+01 -2.311542135915581753e+01 -2.403176654455151606e+01
1.239271127425191033e+01 -2.357714174902793758e+01 -2.311554988483855766e+01 -2.403873361321731750e+01
1.240153051594170286e+01 -2.358036791953936273e+01 -2.311552057693085516e+01 -2.404521526214787031e+01
1.241034975763149539e+01 -2.358320261476017166e+01 -2.311540442076270097e+01 -2.405100080875764235e+01
1.241916899932128793e+01 -2.358569586277920394e+01 -2.311526555592057264e+01 -2.405612616963783523e+01
1.242798824101108046e+01 -2.358790725252109155e+01 -2.311512012422451434e+01 -2.406069438081766876e+01
1.243680748270087122e+01 -2.358985386838845599e+01 -2.311493778853255421e+01 -2.406476994824435778e+01
1.244562672439066375e+01 -2.359157025880848835e+01 -2.311475466037214943e+01 -2.406838585724482726e+01
1.245444596608045629e+01 -2.359308758012500107e+01 -2.311457702737633468e+01 -2.407159813287366745e+01
1.246326520777024882e+01 -2.359442119955412309e+01 -2.311440410211475438e+01 -2.407443829699349180e+01
1.247208444946004136e+01 -2.359558654791719690e+01 -2.311423932628648714e+01 -2.407693376954790665e+01
1.248090369114983389e+01 -2.359661286561122040e+01 -2.311410217620914764e+01 -2.407912355501329316e+01
1.248972293283962642e+01 -2.359752723431220289e+01 -2.311401028078100595e+01 -2.408104418784339984e+01
1.249854217452941896e+01 -2.359833661699215668e+01 -2.311409259557042262e+01 -2.408258063841389074e+01
1.250736141621921149e+01 -2.359904071045022533e+01 -2.311382558465691162e+01 -2.408425583624353905e+01
1.251618065790900403e+01 -2.359963536917189941e+01 -2.311334567108815463e+01 -2.408592506725564419e+01
1.252499989959879656e+01 -2.360012162826668813e+01 -2.311284076891910289e+01 -2.408740248761427338e+01
1.253381914128858909e+01 -2.360051130209351555e+01 -2.311232546777903352e+01 -2.408869713640799759e+01
1.254263838297838163e+01 -2.360081863960802195e+01 -2.311187087321358646e+01 -2.408976640600245744e+01
1.255145762466817416e+01 -2.360106472936648458e+01 -2.311156300211943915e+01 -2.409056645661353002e+01
1.256027686635796670e+01 -2.360126579182745488e+01 -2.311140364069603237e+01 -2.409112794295887738e+01
1.256909610804775923e+01 -2.360143482908115686e+01 -2.311136834608727852e+01 -2.409150131207503520e+01
1.257791534973755176e+01 -2.360158205633569395e+01 -2.311138323344458101e+01 -2.409178087922680689e+01
1.258673459142734430e+01 -2.360171082315717683e+01 -2.311141234120491816e+01 -2.409200930510943550e+01
1.259555383311713506e+01 -2.360182711253460042e+01 -2.311144596249981475e+01 -2.409220826256938608e+01
1.260437307480692759e+01 -2.360193572673680151e+01 -2.311148457200673079e+01 -2.409238688146687224e+01
1.261319231649672012e+01 -2.360203801133790691e+01 -2.311154334585390302e+01 -2.409253267682191080e+01
1.262201155818651266e+01 -2.360213535128602302e+01 -2.311160297206839687e+01 -2.409266773050364918e+01
1.263083079987630519e+01 -2.360222971128669656e+01 -2.311166220966406826e+01 -2.409279721290932486e+01
1.263965004156609773e+01 -2.360232123292063022e+01 -2.311172119513684464e+01 -2.409292127070441580e+01
1.264846928325589026e+01 -2.360241175069354114e+01 -2.311178078659000334e+01 -2.409304271479707893e+01
1.265728852494568279e+01 -2.360250247002951340e+01 -2.311167543115285383e+01 -2.409332950890617298e+01
1.266610776663547533e+01 -2.360259515458784563e+01 -2.311104725692581852e+01 -2.409414305224987274e+01
1.267492700832526786e+01 -2.360269097583473297e+01 -2.311032356254540687e+01 -2.409505838912405906e+01
1.268374625001505862e+01 -2.360277826836238191e+01 -2.311009825011283070e+01 -2.409545828661193312e+01
1.269256549170485115e+01 -2.360285491936167190e+01 -2.311000188170938685e+01 -2.409570795701395696e+01
1.270138473339464369e+01 -2.360292401842378496e+01 -2.310996267770032730e+01 -2.409588535914724261e+01
1.271020397508443622e+01 -2.360299124599120546e+01 -2.310993057054639621e+01 -2.409605192143601471e+01
1.271902321677422876e+01 -2.360305883058943621e+01 -2.310992617526273207e+01 -2.409619148591614035e+01
1.272784245846402129e+01 -2.360312560259613690e+01 -2.310993214863971801e+01 -2.409631905655255579e+01
1.273666170015381383e+01 -2.360324745087351062e+01 -2.310999815943781144e+01 -2.409649674230920979e+01
1.274548094184360636e+01 -2.360332718053279422e+01 -2.311002631071061231e+01 -2.409662805035497612e+01
1.275430018353339889e+01 -2.360340012701717782e+01 -2.311005846572450295e+01 -2.409674178830985269e+01
1.276311942522319143e+01 -2.360346833143072942e+01 -2.311009586869505128e+01 -2.409684079416640756e+01
1.277193866691298396e+01 -2.360353463209143143e+01 -2.311013484605316037e+01 -2.409693441812970249e+01
1.278075790860277650e+01 -2.360360819348251837e+01 -2.311018327811747497e+01 -2.409703310884756178e+01
1.278957715029256903e+01 -2.360367717864429693e+01 -2.311022910447928425e+01 -2.409712525280930961e+01
1.279839639198236156e+01 -2.360373142682067993e+01 -2.311026213075503577e+01 -2.409720072288632409e+01
1.280721563367215410e+01 -2.360377911169911158e+01 -2.311028747073682155e+01 -2.409727075266140162e+01
1.281603487536194663e+01 -2.360382321935984606e+01 -2.311030372991106674e+01 -2.409734270880862539e+01
1.282485411705173917e+01 -2.360386460240912143e+01 -2.311031715368707751e+01 -2.409741205113116536e+01
1.283367335874153170e+01 -2.360390440891947961e+01 -2.311033125437795732e+01 -2.409747756346100189e+01
1.284249260043132246e+01 -2.360394263139629345e+01 -2.311034595218172072e+01 -2.409753931061086618e+01
1.285131184212111499e+01 -2.360397949717876642e+01 -2.311036120352734002e+01 -2.409759779083019282e+01
1.286013108381090753e+01 -2.360401434168508317e+01 -2.311037623576005018e+01 -2.409765244761011616e+01
1.286895032550070006e+01 -2.360404738316400142e+01 -2.311039115777859365e+01 -2.409770360854940918e+01
1.287776956719049259e+01 -2.360407968277077373e+01 -2.311040684075805274e+01 -2.409775252478349472e+01
1.288658880888028513e+01 -2.360411151461399371e+01 -2.311041841520420803e+01 -2.409780461402377938e+01
1.289540805057007766e+01 -2.360414286376796156e+01 -2.311042474840174066e+01 -2.409786097913418246e+01
1.290422729225987020e+01 -2.360417343432015969e+01 -2.311043038894319679e+01 -2.409791647969712258e+01
1.291304653394966273e+01 -2.360420282763756461e+01 -2.311043704712015057e+01 -2.409796860815497865e+01
1.292186577563945526e+01 -2.360423099238117217e+01 -2.311044442114976505e+01 -2.409801756361257929e+01
1.293068501732924780e+01 -2.360425746413459080e+01 -2.311045191904610263e+01 -2.409806300922307898e+01
1.293950425901903856e+01 -2.360428182506956318e+01 -2.311045897810918603e+01 -2.409810467202994033e+01
1.294832350070883109e+01 -2.360430468277118976e+01 -2.311046601660676458e+01 -2.409814334893561494e+01
1.295714274239862362e+01 -2.360432725030555545e+01 -2.311047419821982629e+01 -2.409818030239128461e+01
1.296596198408841616e+01 -2.360435009712975329e+01 -2.311048392835166965e+01 -2.409821626590783694e+01
1.297478122577820869e+01 -2.360437226072747663e+01 -2.311049413900710903e+01 -2.409825038244784423e+01
1.298360046746800123e+01 -2.360439447189789774e+01 -2.311050549288291833e+01 -2.409828345091287716e+01
1.299241970915779376e+01 -2.360442205700285712e+01 -2.311052316713438870e+01 -2.409832094687132553e+01
1.300123895084758630e+01 -2.360446099482851778e+01 -2.311055311735024631e+01 -2.409836887230678926e+01
1.301005819253737883e+01 -2.360450828452150063e+01 -2.311058879382143161e+01 -2.409842777522156965e+01
1.301887743422717136e+01 -2.360456008299213693e+01 -2.311061789656400123e+01 -2.409850226942027263e+01
1.302769667591696390e+01 -2.360459384341980993e+01 -2.311062847261716868e+01 -2.409855921422245117e+01
1.303651591760675643e+01 -2.360461309583918421e+01 -2.311062659930853513e+01 -2.409859959236983329e+01
1.304533515929654897e+01 -2.360463103938966967e+01 -2.311062543931913638e+01 -2.409863663946020296e+01
1.305415440098634150e+01 -2.360464887764702979e+01 -2.311062597090460002e+01 -2.409867178438945956e+01
1.306297364267613403e+01 -2.360466898645431044e+01 -2.311063035660344767e+01 -2.409870761630517322e+01
1.307179288436592657e+01 -2.360469212207307876e+01 -2.311063932188795533e+01 -2.409874492225820219e+01
1.308061212605571910e+01 -2.360471961353690062e+01 -2.311065392461842194e+01 -2.409878530245537931e+01
1.308943136774551164e+01 -2.360475232726467709e+01 -2.311067501597002405e+01 -2.409882963855933014e+01
1.309825060943530239e+01 -2.360479071840980936e+01 -2.311070291502681329e+01 -2.409887852179280543e+01
1.310706985112509493e+01 -2.360483745463288585e+01 -2.311074015168081530e+01 -2.409893475758495640e+01
1.311588909281488746e+01 -2.360489318876091858e+01 -2.311078735922193772e+01 -2.409899901829989943e+01
1.312470833450468000e+01 -2.360495806332295388e+01 -2.311084449850451250e+01 -2.409907162814139525e+01
1.313352757619447253e+01 -2.360498083376614886e+01 -2.311086030847325645e+01 -2.409910135905904127e+01
1.314234681788426506e+01 -2.360499181787227840e+01 -2.311086502741806470e+01 -2.409911860832649211e+01
1.315116605957405760e+01 -2.360500055770190286e+01 -2.311086810228643884e+01 -2.409913301311736689e+01
1.315998530126385013e+01 -2.360500795777308269e+01 -2.311087042324391660e+01 -2.409914549230224878e+01
1.316880454295364267e+01 -2.360501447460971747e+01 -2.311087235300831821e+01 -2.409915659621111672e+01
1.317762378464343520e+01 -2.360502030830769371e+01 -2.311087406664543664e+01 -2.409916654996995078e+01
1.318644302633322596e+01 -2.360502554622062021e+01 -2.311087560816983455e+01 -2.409917548427140588e+01
1.319526226802301849e+01 -2.360503055610611156e+01 -2.311087728756593052e+01 -2.409918382464629261e+01
1.320408150971281103e+01 -2.360503559573380983e+01 -2.311087934649636821e+01 -2.409919184497125144e+01
1.321290075140260356e+01 -2.360504028008636013e+01 -2.311088135078216155e+01 -2.409919920939055871e+01
1.322171999309239609e+01 -2.360504447915532822e+01 -2.311088314743050631e+01 -2.409920581088015012e+01
1.323053923478218863e+01 -2.360504838569913133e+01 -2.311088490570917386e+01 -2.409921186568908880e+01
1.323935847647198116e+01 -2.360505202337224162e+01 -2.311088661515018927e+01 -2.409921743159429397e+01
1.324817771816177370e+01 -2.360505530391463580e+01 -2.311088817324786504e+01 -2.409922243458140656e+01
1.325699695985156623e+01 -2.360505939367216754e+01 -2.311089072124304167e+01 -2.409922806610129342e+01
1.326581620154135877e+01 -2.360506425578747880e+01 -2.311089420435628838e+01 -2.409923430721866922e+01
1.327463544323115130e+01 -2.360506927868807736e+01 -2.311089799817228041e+01 -2.409924055920387431e+01
1.328345468492094383e+01 -2.360507422338189443e+01 -2.311090184397487235e+01 -2.409924660278891650e+01
1.329227392661073637e+01 -2.360507982322605969e+01 -2.311090646410155713e+01 -2.409925318235056224e+01
1.330109316830052890e+01 -2.360509508950321944e+01 -2.311092085750993874e+01 -2.409926932149650014e+01
1.330991240999032144e+01 -2.360511250591729748e+01 -2.311093749517194595e+01 -2.409928751666264901e+01
1.331873165168011397e+01 -2.360512143091001036e+01 -2.311094572836537253e+01 -2.409929713345464819e+01
1.332755089336990650e+01 -2.360512782370299689e+01 -2.311095150515192387e+01 -2.409930414225406992e+01
1.333637013505969904e+01 -2.360513294932715667e+01 -2.311095608264690782e+01 -2.409930981600740552e+01
1.334518937674948980e+01 -2.360513720277499772e+01 -2.311095985001132291e+01 -2.409931455553867252e+01
1.335400861843928233e+01 -2.360514084324403683e+01 -2.311096305797399353e+01 -2.409931862851408013e+01
1.336282786012907486e+01 -2.360514387885311294e+01 -2.311096571065916550e+01 -2.409932204704706038e+01
1.337164710181886740e+01 -2.360514656108608733e+01 -2.311096805342502947e+01 -2.409932506874714520e+01
1.338046634350865993e+01 -2.360514897948936408e+01 -2.311097017041958068e+01 -2.409932778855914748e+01
1.338928558519845247e+01 -2.360515132085239998e+01 -2.311097224574014319e+01 -2.409933039596465676e+01
1.339810482688824500e+01 -2.360515370781159561e+01 -2.311097439665304165e+01 -2.409933301897014957e+01
1.340692406857803753e+01 -2.360515581405142882e+01 -2.311097629460690328e+01 -2.409933533349595436e+01
1.341574331026783007e+01 -2.360515772015720160e+01 -2.311097801690558740e+01 -2.409933742340881579e+01
1.342456255195762260e+01 -2.360515960593798468e+01 -2.311097973984557541e+01 -2.409933947203039395e+01
1.343338179364741514e+01 -2.360516137127845937e+01 -2.311098136214131316e+01 -2.409934138041560558e+01
1.344220103533720589e+01 -2.360516293253896336e+01 -2.311098279689358748e+01 -2.409934306818433924e+01
1.345102027702699843e+01 -2.360516430545763100e+01 -2.311098405856527904e+01 -2.409934455234998296e+01
1.345983951871679096e+01 -2.360516551129892804e+01 -2.311098516669780167e+01 -2.409934585590005440e+01
1.346865876040658350e+01 -2.360516659719483101e+01 -2.311098616622136248e+01 -2.409934702816829954e+01
1.347747800209637603e+01 -2.360516777871663407e+01 -2.311098727223832938e+01 -2.409934828519493877e+01
1.348629724378616856e+01 -2.360516894618463724e+01 -2.311098837315644161e+01 -2.409934951921283286e+01
1.349511648547596110e+01 -2.360516996924846467e+01 -2.311098933790194110e+01 -2.409935060059498824e+01
1.350393572716575363e+01 -2.360517086242523277e+01 -2.311099018016440709e+01 -2.409935154468605845e+01
1.351275496885554617e+01 -2.360517164844644711e+01 -2.311099092137957811e+01 -2.409935237551331610e+01
1.352157421054533870e+01 -2.360517233288494410e+01 -2.311099156680261046e+01 -2.409935309896727773e+01
1.353039345223513124e+01 -2.360517293388290838e+01 -2.311099213354152582e+01 -2.409935373422429095e+01
1.353921269392492377e+01 -2.360517345899208408e+01 -2.311099262871758242e+01 -2.409935428926658574e+01
1.354803193561471630e+01 -2.360517391627233863e+01 -2.311099305993121078e+01 -2.409935477261346648e+01
1.355685117730450884e+01 -2.360517431750985651e+01 -2.311099343829674524e+01 -2.409935519672296778e+01
1.356567041899430137e+01 -2.360517504461362748e+01 -2.311099414553385856e+01 -2.409935594369339640e+01
1.357448966068409391e+01 -2.360517578922829429e+01 -2.311099487279939169e+01 -2.409935670565719690e+01
1.358330890237388644e+01 -2.360517644671245563e+01 -2.311099551517562034e+01 -2.409935737824929092e+01
1.359212814406367897e+01 -2.360517701703750859e+01 -2.311099607239551901e+01 -2.409935796167949817e+01
1.360094738575347151e+01 -2.360517751490384697e+01 -2.311099655882168591e+01 -2.409935847098600803e+01
1.360976662744326227e+01 -2.360517794624057331e+01 -2.311099698024698768e+01 -2.409935891223415894e+01
1.361858586913305480e+01 -2.360517832082352996e+01 -2.311099734622262503e+01 -2.409935929542443489e+01
1.362740511082284733e+01 -2.360517864583782099e+01 -2.311099766376860742e+01 -2.409935962790703456e+01
1.363622435251263987e+01 -2.360517892664336514e+01 -2.311099793812169167e+01 -2.409935991516503861e+01
1.364504359420243240e+01 -2.360517917043239677e+01 -2.311099817630883990e+01 -2.409936016455595365e+01
1.365386283589222494e+01 -2.360517938107359726e+01 -2.311099838210984103e+01 -2.409936038003735348e+01
1.366268207758201747e+01 -2.360517956298498277e+01 -2.311099855984119600e+01 -2.409936056612876953e+01
1.367150131927180823e+01 -2.360517972022590527e+01 -2.311099871346897672e+01 -2.409936072698283382e+01
1.368032056096160076e+01 -2.360517985553137166e+01 -2.311099884566533902e+01 -2.409936086539740430e+01
1.368913980265139330e+01 -2.360517997232511078e+01 -2.311099895977534402e+01 -2.409936098487487754e+01
1.369795904434118583e+01 -2.360518007294788845e+01 -2.311099905808597299e+01 -2.409936108780980391e+01
1.370677828603097836e+01 -2.360518015935141634e+01 -2.311099914250408460e+01 -2.409936117619874807e+01
1.371559752772077090e+01 -2.360518023372973317e+01 -2.311099921517330813e+01 -2.409936125228615822e+01
1.372441676941056343e+01 -2.360518029747029090e+01 -2.311099927744920990e+01 -2.409936131749137189e+01
1.373323601110035597e+01 -2.360518035216737331e+01 -2.311099933088944169e+01 -2.409936137344530493e+01
1.374205525279014850e+01 -2.360518039915314148e+01 -2.311099937679555438e+01 -2.409936142151072858e+01
1.375087449447994103e+01 -2.360518043926342813e+01 -2.311099941598416763e+01 -2.409936146254268863e+01
1.375969373616973357e+01 -2.360518047363647653e+01 -2.311099944956738028e+01 -2.409936149770557279e+01
1.376851297785952610e+01 -2.360518050296919057e+01 -2.311099947822607703e+01 -2.409936152771230411e+01
1.377733221954931864e+01 -2.360518052798630251e+01 -2.311099950266833147e+01 -2.409936155330427354e+01
1.378615146123911117e+01 -2.360518054941109867e+01 -2.311099952360082099e+01 -2.409936157522137634e+01
1.379497070292890371e+01 -2.360518056759303818e+01 -2.311099954136496848e+01 -2.409936159382110787e+01
1.380378994461869624e+01 -2.360518058310170275e+01 -2.311099955651726745e+01 -2.409936160968613805e+01
1.381260918630848877e+01 -2.360518059627951359e+01 -2.311099956939227340e+01 -2.409936162316675379e+01
1.382142842799828131e+01 -2.360518060744595559e+01 -2.311099958030213131e+01 -2.409936163458977987e+01
1.383024766968807384e+01 -2.360518061697649017e+01 -2.311099958961366596e+01 -2.409936164433931438e+01
1.383906691137786638e+01 -2.360518062501601833e+01 -2.311099959746846011e+01 -2.409936165256357654e+01
1.384788615306765891e+01 -2.360518063183981852e+01 -2.311099960413545773e+01 -2.409936165954417930e+01
1.385670539475745144e+01 -2.360518063761278995e+01 -2.311099960977577794e+01 -2.409936166544980196e+01
1.386552463644724220e+01 -2.360518064247218106e+01 -2.311099961452350726e+01 -2.409936167042085486e+01
1.387434387813703474e+01 -2.360518064660546855e+01 -2.311099961856182006e+01 -2.409936167464911705e+01
1.388316311982682727e+01 -2.360518065007068955e+01 -2.311099962194741764e+01 -2.409936167819396147e+01
1.389198236151661980e+01 -2.360518065299618584e+01 -2.311099962480568948e+01 -2.409936168118668220e+01
1.390080160320641234e+01 -2.360518065545986133e+01 -2.311099962721275602e+01 -2.409936168370696663e+01
1.450000000000000000e+01 -2.360518065545986133e+01 -2.311099962721275602e+01 -2.409936168370696663e+01
