# # logMh LcMh -err(LcMh) +err(LcMh)
9.500000000000000000e+00 3.275754745515830901e+00 3.863098063690078021e+00 2.688411427341583781e+00
9.508078280810117633e+00 3.205803117587456619e+00 3.792358518606165685e+00 2.619247716568747553e+00
9.516156561620235266e+00 3.135941649713181789e+00 3.721829614322029744e+00 2.550053685104333834e+00
9.524234842430351122e+00 3.066067944942587609e+00 3.651225004075195457e+00 2.480910885809979760e+00
9.532313123240468755e+00 2.996021195082265276e+00 3.580345578595868439e+00 2.411696811568662113e+00
9.540391404050586388e+00 2.925971766598403523e+00 3.509330852944994028e+00 2.342612680251813018e+00
9.548469684860704021e+00 2.855860398774777487e+00 3.438285641826964500e+00 2.273435155722590473e+00
9.556547965670819877e+00 2.785621698428828008e+00 3.367307128834747587e+00 2.203936268022908429e+00
9.564626246480937510e+00 2.715537605180724068e+00 3.296508547319230154e+00 2.134566663042217982e+00
9.572704527291055143e+00 2.645476602260373511e+00 3.225434336140243996e+00 2.065518868380503026e+00
9.580782808101172776e+00 2.575202764023487134e+00 3.154120672116733193e+00 1.996284855930241076e+00
9.588861088911288633e+00 2.505161294050162635e+00 3.083151586431621904e+00 1.927171001668703365e+00
9.596939369721406266e+00 2.434957140418400723e+00 3.012033297053552605e+00 1.857880983783248841e+00
9.605017650531523898e+00 2.364697510161435812e+00 2.940880637545204568e+00 1.788514382777667056e+00
9.613095931341641531e+00 2.294396263282770132e+00 2.869776877939302473e+00 1.719015648626237791e+00
9.621174212151759164e+00 2.223984403999980763e+00 2.798687524023651285e+00 1.649281283976310242e+00
9.629252492961875021e+00 2.153479221145039091e+00 2.727468945428049185e+00 1.579489496862028997e+00
9.637330773771992654e+00 2.082920821689155488e+00 2.656081473302646323e+00 1.509760170075664654e+00
9.645409054582110286e+00 2.012203950443895994e+00 2.584756579542121457e+00 1.439651321345670532e+00
9.653487335392227919e+00 1.941465255599420514e+00 2.513500667144345613e+00 1.369429844054495637e+00
9.661565616202343776e+00 1.870652813068718556e+00 2.442223468310505741e+00 1.299082157826931372e+00
9.669643897012461409e+00 1.799734154110463669e+00 2.370924362395653517e+00 1.228543945825273598e+00
9.677722177822579042e+00 1.728794484763214401e+00 2.299733965870301766e+00 1.157855003656127035e+00
9.685800458632696674e+00 1.657640248601667921e+00 2.228332721403468941e+00 1.086947775799866900e+00
9.693878739442814307e+00 1.586385375017584032e+00 2.156751528784076832e+00 1.016019221251091231e+00
9.701957020252930164e+00 1.515065721933472664e+00 2.085025562948858990e+00 9.451058809180863385e-01
9.710035301063047797e+00 1.443607598013973536e+00 2.013108593263087442e+00 8.741066027648595194e-01
9.718113581873165430e+00 1.372028398525059201e+00 1.941060833372720174e+00 8.029959636773982279e-01
9.726191862683283063e+00 1.300390834279457897e+00 1.869039067091069706e+00 7.317426014678460877e-01
9.734270143493398919e+00 1.228492139797105143e+00 1.796614957545838331e+00 6.603693220483719539e-01
9.742348424303516552e+00 1.156644361724030290e+00 1.724125400516407058e+00 5.891633229316536324e-01
9.750426705113634185e+00 1.084598842790058137e+00 1.651453219276077800e+00 5.177444663040383643e-01
9.758504985923751818e+00 1.012481201269245457e+00 1.578650771473105507e+00 4.463116310653852947e-01
9.766583266733867674e+00 9.404223294039093517e-01 1.505765012658978552e+00 3.750796461488402622e-01
9.774661547543985307e+00 8.681915482135678097e-01 1.432628029481481047e+00 3.037550669456546837e-01
9.782739828354102940e+00 7.958605590103750016e-01 1.359327893990015523e+00 2.323932240307344799e-01
9.790818109164220573e+00 7.236850451773961801e-01 1.286119774699350904e+00 1.612503156554414563e-01
9.798896389974338206e+00 6.514434659752622592e-01 1.212907835559937197e+00 8.997909639058720987e-02
9.806974670784454062e+00 5.789895950605438157e-01 1.139500228827729611e+00 1.847896129335813153e-02
9.815052951594571695e+00 5.069219878709740890e-01 1.066520586164952489e+00 -5.267661042300431085e-02
9.823131232404689328e+00 4.345446252920136532e-01 9.932419209492793222e-01 -1.241526703652520158e-01
9.831209513214806961e+00 3.621065533612894960e-01 9.198606900260107855e-01 -1.956475833034317935e-01
9.839287794024922817e+00 2.897315263258174456e-01 8.465568807161839571e-01 -2.670938280645490659e-01
9.847366074835040450e+00 2.172744726523009873e-01 7.732297423551550697e-01 -3.386807970505530396e-01
9.855444355645158083e+00 1.447392389964862192e-01 6.997847062148355723e-01 -4.103062282218631340e-01
9.863522636455275716e+00 7.213441587988476955e-02 6.262901450759271738e-01 -4.820213133161576069e-01
9.871600917265393349e+00 -6.091206858105703299e-04 5.528894728889610644e-01 -5.541077142605821404e-01
9.879679198075509206e+00 -7.336723868713289354e-02 4.795833253485182190e-01 -6.263178027227840339e-01
9.887757478885626838e+00 -1.462720227333084710e-01 4.061528754519539430e-01 -6.986969209185709406e-01
9.895835759695744471e+00 -2.194100824084372070e-01 3.324799008601808659e-01 -7.713000656770552244e-01
9.903914040505862104e+00 -2.924479609557082971e-01 2.590427530304488246e-01 -8.439386749418653633e-01
9.911992321315977961e+00 -3.657422072331307228e-01 1.854484942186981900e-01 -9.169329086849595800e-01
9.920070602126095594e+00 -4.391183428967665447e-01 1.116292980805217994e-01 -9.898659838740548889e-01
9.928148882936213226e+00 -5.125332208554244096e-01 3.772960365110367142e-02 -1.062796045361952491e+00
9.936227163746330859e+00 -5.860872018203042710e-01 -3.628059825765561630e-02 -1.135893805382953037e+00
9.944305444556446716e+00 -6.597542397856441809e-01 -1.104756045244361662e-01 -1.209032875046852196e+00
9.952383725366564349e+00 -7.334013146447166953e-01 -1.847510336982296497e-01 -1.282051595591203741e+00
9.960462006176681982e+00 -8.073108562008729505e-01 -2.592015530518072541e-01 -1.355420159349938647e+00
9.968540286986799615e+00 -8.812272663274538509e-01 -3.336482353591728733e-01 -1.428806297295734939e+00
9.976618567796917247e+00 -9.551881737733634026e-01 -4.082281976043119487e-01 -1.502148149942414967e+00
9.984696848607033104e+00 -1.029319814237018793e+00 -4.829756182973858891e-01 -1.575664010176651697e+00
9.992775129417150737e+00 -1.103404580872728413e+00 -5.576207941522260958e-01 -1.649188367593230620e+00
1.000085341022726837e+01 -1.177650943873157274e+00 -6.324466379426966212e-01 -1.722855249803617816e+00
1.000893169103738600e+01 -1.251993183670087939e+00 -7.075074837497724589e-01 -1.796478883590403530e+00
1.001700997184750186e+01 -1.326318557789668562e+00 -7.825874823465241992e-01 -1.870049633232812925e+00
1.002508825265761949e+01 -1.400746311617498741e+00 -8.576477733968341788e-01 -1.943844849838163302e+00
1.003316653346773712e+01 -1.475383002632886686e+00 -9.329697679157402668e-01 -2.017796237350033106e+00
1.004124481427785476e+01 -1.549975473118280211e+00 -1.008205384871038612e+00 -2.091745561365521588e+00
1.004932309508797061e+01 -1.624889313054389772e+00 -1.083846004985144162e+00 -2.165932621123635382e+00
1.005740137589808825e+01 -1.699825617455208215e+00 -1.159538430020288891e+00 -2.240112804890127762e+00
1.006547965670820588e+01 -1.774800066351821304e+00 -1.235214032254495553e+00 -2.314386100449147055e+00
1.007355793751832351e+01 -1.849937960363816414e+00 -1.310990103041056676e+00 -2.388885817686576374e+00
1.008163621832844115e+01 -1.925124877587600203e+00 -1.386752135337555814e+00 -2.463497619837644592e+00
1.008971449913855700e+01 -2.000454730939447590e+00 -1.462662436753954687e+00 -2.538247025124940492e+00
1.009779277994867464e+01 -2.075994979201975177e+00 -1.538785755359412422e+00 -2.613204203044538154e+00
1.010587106075879227e+01 -2.151546095204982301e+00 -1.614860526371076688e+00 -2.688231664038887914e+00
1.011394934156890990e+01 -2.227162064621082571e+00 -1.691136233053941895e+00 -2.763187896188223469e+00
1.012202762237902576e+01 -2.303034843234727624e+00 -1.767652589600585911e+00 -2.838417096868869116e+00
1.013010590318914339e+01 -2.378825273067724400e+00 -1.844032328597081438e+00 -2.913618217538367361e+00
1.013818418399926102e+01 -2.454887799559356765e+00 -1.920729226100891918e+00 -2.989046373017821612e+00
1.014626246480937866e+01 -2.530990993500061403e+00 -1.997439324690812645e+00 -3.064542662309309939e+00
1.015434074561949629e+01 -2.607122265479855816e+00 -2.074128170031695362e+00 -3.140116360928016270e+00
1.016241902642961215e+01 -2.683430117766322898e+00 -2.151054414583840835e+00 -3.215805820948804961e+00
1.017049730723972978e+01 -2.759848861838343215e+00 -2.228164541952987410e+00 -3.291533181723699020e+00
1.017857558804984741e+01 -2.836299987685119817e+00 -2.305281630626510037e+00 -3.367318344743729597e+00
1.018665386885996504e+01 -2.913017778102760857e+00 -2.382635955252866644e+00 -3.443399600952655071e+00
1.019473214967008090e+01 -2.989770600094781017e+00 -2.460055186487839052e+00 -3.519486013701722982e+00
1.020281043048019853e+01 -3.066579885393010407e+00 -2.537405531079541365e+00 -3.595754239706479449e+00
1.021088871129031617e+01 -3.143695322782545265e+00 -2.615167588775266339e+00 -3.672223056789824192e+00
1.021896699210043380e+01 -3.220725673247459397e+00 -2.692817274645046055e+00 -3.748634071849872740e+00
1.022704527291054966e+01 -3.297989109046311373e+00 -2.770716737357409087e+00 -3.825261480735213659e+00
1.023512355372066729e+01 -3.375417085555869168e+00 -2.848789489195053370e+00 -3.902044681916684965e+00
1.024320183453078492e+01 -3.452930768324802724e+00 -2.926954796770393497e+00 -3.978906739879211951e+00
1.025128011534090255e+01 -3.530614214764172143e+00 -3.005318979145357616e+00 -4.055909450382986670e+00
1.025935839615101841e+01 -3.608480864629839413e+00 -3.083875756407199020e+00 -4.133085972852479806e+00
1.026743667696113604e+01 -3.686281782965250109e+00 -3.162277382071112086e+00 -4.210286183859388132e+00
1.027551495777125368e+01 -3.764388622675117091e+00 -3.240998587926273711e+00 -4.287778657423960915e+00
1.028359323858137131e+01 -3.842593452475608018e+00 -3.319953060064859685e+00 -4.365233844886356351e+00
1.029167151939148894e+01 -3.920817921312691023e+00 -3.398828480153672338e+00 -4.442807362471709709e+00
1.029974980020160480e+01 -3.999239492000865148e+00 -3.477965419921146939e+00 -4.520513564080583357e+00
1.030782808101172243e+01 -4.077634378548421701e+00 -3.557205039498642751e+00 -4.598063717598200206e+00
1.031590636182184006e+01 -4.156161458355787097e+00 -3.636612846777374841e+00 -4.675710069934199353e+00
1.032398464263195770e+01 -4.234879758506819414e+00 -3.716155239087699513e+00 -4.753604277925939314e+00
1.033206292344207355e+01 -4.313616085686888368e+00 -3.795689544267535354e+00 -4.831542627106241383e+00
1.034014120425219119e+01 -4.392324703186714530e+00 -3.875262515231743699e+00 -4.909386891141685361e+00
1.034821948506230882e+01 -4.471190285846605050e+00 -3.955001055295585211e+00 -4.987379516397624890e+00
1.035629776587242645e+01 -4.549953296886879883e+00 -4.034614100392257541e+00 -5.065292493381502226e+00
1.036437604668254409e+01 -4.629053018629024407e+00 -4.114531667168117579e+00 -5.143574370089931236e+00
1.037245432749265994e+01 -4.708295134146257332e+00 -4.194606981427339676e+00 -5.221983286865174989e+00
1.038053260830277758e+01 -4.787539156060288903e+00 -4.274598699231209942e+00 -5.300479612889367864e+00
1.038861088911289521e+01 -4.866966678108385125e+00 -4.354755644881224796e+00 -5.379177711335545453e+00
1.039668916992301284e+01 -4.946494074928391882e+00 -4.434940840980929444e+00 -5.458047308875854320e+00
1.040476745073312870e+01 -5.026123690254181042e+00 -4.515114820634517301e+00 -5.537132559873844784e+00
1.041284573154324633e+01 -5.106021390281703987e+00 -4.595513687405977876e+00 -5.616529093157430097e+00
1.042092401235336396e+01 -5.186035251713512650e+00 -4.676023656455171817e+00 -5.696046846971853483e+00
1.042900229316348160e+01 -5.266062330816277282e+00 -4.756522559360195856e+00 -5.775602102272358707e+00
1.043708057397359923e+01 -5.346478379017743698e+00 -4.837209281949128581e+00 -5.855747476086358816e+00
1.044515885478371509e+01 -5.426806452352476384e+00 -4.917931808012417250e+00 -5.935681096692535519e+00
1.045323713559383272e+01 -5.507394182456963883e+00 -4.998822755673736573e+00 -6.015965609240191192e+00
1.046131541640395035e+01 -5.588121154371008537e+00 -5.080029028344585029e+00 -6.096213280397432044e+00
1.046939369721406798e+01 -5.668882919377789875e+00 -5.161425485880612563e+00 -6.176340352874967188e+00
1.047747197802418384e+01 -5.749819749094839949e+00 -5.243008659857052223e+00 -6.256630838332627675e+00
1.048555025883430147e+01 -5.830957550075681617e+00 -5.324707047093513168e+00 -6.337208053057850066e+00
1.049362853964441911e+01 -5.912112286766838309e+00 -5.406379925173258272e+00 -6.417844648360418347e+00
1.050170682045453674e+01 -5.993531109156279513e+00 -5.488510737278646801e+00 -6.498551481033912225e+00
1.050978510126465260e+01 -6.075032810258310434e+00 -5.570639124800075948e+00 -6.579426495716544920e+00
1.051786338207477023e+01 -6.156526623001444598e+00 -5.652827436247529036e+00 -6.660225809755360160e+00
1.052594166288488786e+01 -6.238376941285494581e+00 -5.735328598896173524e+00 -6.741425283674815638e+00
1.053401994369500549e+01 -6.320190470234807734e+00 -5.818029990199399037e+00 -6.822350950270216430e+00
1.054209822450512135e+01 -6.402194121051368647e+00 -5.900873012029230757e+00 -6.903515230073506537e+00
1.055017650531523898e+01 -6.484409206957677085e+00 -5.983791512172075500e+00 -6.985026901743278671e+00
1.055825478612535662e+01 -6.566689836577540795e+00 -6.066785249114065692e+00 -7.066594424041015898e+00
1.056633306693547425e+01 -6.649071384930380191e+00 -6.149975335763316231e+00 -7.148167434097444151e+00
1.057441134774559188e+01 -6.731738554492729953e+00 -6.233498617408348430e+00 -7.229978491577111477e+00
1.058248962855570774e+01 -6.814339934518811148e+00 -6.317237652515577118e+00 -7.311442216522045179e+00
1.059056790936582537e+01 -6.897321023363964798e+00 -6.401209917964715501e+00 -7.393432128763214095e+00
1.059864619017594300e+01 -6.980377462284349299e+00 -6.485136597169549155e+00 -7.475618327399149443e+00
1.060672447098606064e+01 -7.063403441024078688e+00 -6.568714696827896660e+00 -7.558092185220260717e+00
1.061480275179617649e+01 -7.146777910778862264e+00 -6.652640149031792127e+00 -7.640915672525932401e+00
1.062288103260629413e+01 -7.230267339604403709e+00 -6.737058713180698710e+00 -7.723475966028108708e+00
1.063095931341641176e+01 -7.313915852609441437e+00 -6.821927125318563156e+00 -7.805904579900319717e+00
1.063903759422652939e+01 -7.397825089926948650e+00 -6.907004095735451266e+00 -7.888646084118446034e+00
1.064711587503664703e+01 -7.481794813596565952e+00 -6.991919496285520452e+00 -7.971670130907611451e+00
1.065519415584676288e+01 -7.565811574450163945e+00 -7.076745515674680576e+00 -8.054877633225647315e+00
1.066327243665688052e+01 -7.650346453068586072e+00 -7.162158315351992321e+00 -8.138534590785178935e+00
1.067135071746699815e+01 -7.734656174859708244e+00 -7.247077002237064747e+00 -8.222235347482351742e+00
1.067942899827711578e+01 -7.819131002724597934e+00 -7.332107813975590638e+00 -8.306154191473606119e+00
1.068750727908723164e+01 -7.903748513569206935e+00 -7.416765242030549210e+00 -8.390731785107863772e+00
1.069558555989734927e+01 -7.988311503189279961e+00 -7.501853598327441475e+00 -8.474769408051118447e+00
1.070366384070746690e+01 -8.073079142960221333e+00 -7.587593068800657647e+00 -8.558565217119785018e+00
1.071174212151758454e+01 -8.158032605898966949e+00 -7.673525364526483372e+00 -8.642539847271450526e+00
1.071982040232770217e+01 -8.243023280711934575e+00 -7.759425512895021804e+00 -8.726621048528848235e+00
1.072789868313781803e+01 -8.328289845958591897e+00 -7.845657495985781438e+00 -8.810922195931402356e+00
1.073597696394793566e+01 -8.413746414831805964e+00 -7.931947024806573765e+00 -8.895545804857038164e+00
1.074405524475805329e+01 -8.499176061475729682e+00 -8.018234834914307996e+00 -8.980117288037151368e+00
1.075213352556817092e+01 -8.585156518810780568e+00 -8.104856469195786062e+00 -9.065456568425775075e+00
1.076021180637828678e+01 -8.671106667408775337e+00 -8.191375791981354126e+00 -9.150837542836196548e+00
1.076829008718840441e+01 -8.757265861346732905e+00 -8.277964857028422330e+00 -9.236566865665043480e+00
1.077636836799852205e+01 -8.843635786600819060e+00 -8.364677902469605186e+00 -9.322593670732032933e+00
1.078444664880863968e+01 -8.930050853691355428e+00 -8.451385728366858530e+00 -9.408715979015852326e+00
1.079252492961875731e+01 -9.016640684845656395e+00 -8.538203436182831396e+00 -9.495077933508481394e+00
1.080060321042887317e+01 -9.103569148034310388e+00 -8.625317231938948837e+00 -9.581821064129671939e+00
1.080868149123899080e+01 -9.190432110566215229e+00 -8.712433203308561858e+00 -9.668431017823868601e+00
1.081675977204910843e+01 -9.277570918417680446e+00 -8.799849660004392504e+00 -9.755292176830968387e+00
1.082483805285922429e+01 -9.364877490464637688e+00 -8.887465536924043619e+00 -9.842289444005231758e+00
1.083291633366934192e+01 -9.452129475282418980e+00 -8.975219804533479007e+00 -9.929039146031358953e+00
1.084099461447945956e+01 -9.539814864525350657e+00 -9.063410894926779093e+00 -1.001621883412392222e+01
1.084907289528957719e+01 -9.627536244568384305e+00 -9.151672533489623618e+00 -1.010339995564714499e+01
1.085715117609969482e+01 -9.715380361497135908e+00 -9.240072606733974681e+00 -1.019068811626029714e+01
1.086522945690981068e+01 -9.803471821064999148e+00 -9.328716835266948948e+00 -1.027822680686304935e+01
1.087330773771992831e+01 -9.891666381028960231e+00 -9.417470847818668389e+00 -1.036586191423925207e+01
1.088138601853004594e+01 -9.979893129738371726e+00 -9.506308909258272877e+00 -1.045347735021847058e+01
1.088946429934016358e+01 -1.006860585617643800e+01 -9.595779606780663329e+00 -1.054143210557221266e+01
1.089754258015027943e+01 -1.015723558246030045e+01 -9.685125088260363668e+00 -1.062934607666023723e+01
1.090562086096039707e+01 -1.024615109464538065e+01 -9.774778591194657196e+00 -1.071752359809610411e+01
1.091369914177051470e+01 -1.033531319787349467e+01 -9.864923746303325913e+00 -1.080570264944366343e+01
1.092177742258063233e+01 -1.042444435953355963e+01 -9.954979599204415663e+00 -1.089390911986270361e+01
1.092985570339074997e+01 -1.051398544611408248e+01 -1.004555075423386690e+01 -1.098242013799429806e+01
1.093793398420086582e+01 -1.060373869344652320e+01 -1.013645845352489161e+01 -1.107101893336815479e+01
1.094601226501098346e+01 -1.069356588053661916e+01 -1.022746522030100280e+01 -1.115966654077223552e+01
1.095409054582110109e+01 -1.078366792269953933e+01 -1.031877157821665492e+01 -1.124856426718242375e+01
1.096216882663121872e+01 -1.087394843983769910e+01 -1.041037937881684172e+01 -1.133751750085855647e+01
1.097024710744133458e+01 -1.096417928388450314e+01 -1.050196652459205993e+01 -1.142639204317694634e+01
1.097832538825145221e+01 -1.105506524793127276e+01 -1.059418635461051394e+01 -1.151594414125203159e+01
1.098640366906156984e+01 -1.114585208544232486e+01 -1.068638707429339618e+01 -1.160531709659125355e+01
1.099448194987168748e+01 -1.123684164777768757e+01 -1.077880233755764294e+01 -1.169488095799773220e+01
1.100256023068180511e+01 -1.132806977026230122e+01 -1.087139835751244554e+01 -1.178474118301215690e+01
1.101063851149192097e+01 -1.141927158103890783e+01 -1.096393204758822471e+01 -1.187461111448959095e+01
1.101871679230203860e+01 -1.151070237931200957e+01 -1.105663013103839276e+01 -1.196477462758562638e+01
1.102679507311215623e+01 -1.160242490181311759e+01 -1.114951591924046426e+01 -1.205533388438577092e+01
1.103487335392227386e+01 -1.169404669791559570e+01 -1.124221526986570829e+01 -1.214587812596548311e+01
1.104295163473238972e+01 -1.178588064792053913e+01 -1.133407650506643272e+01 -1.223768479077464555e+01
1.105102991554250735e+01 -1.187792517014938198e+01 -1.142582306277482651e+01 -1.233002727752393746e+01
1.105910819635262499e+01 -1.196978878843458816e+01 -1.151712185646452546e+01 -1.242245572040465085e+01
1.106718647716274262e+01 -1.206218925779880102e+01 -1.160895024343820658e+01 -1.251542827215939546e+01
1.107526475797286025e+01 -1.215455157609376791e+01 -1.170056796115962605e+01 -1.260853519102790976e+01
1.108334303878297611e+01 -1.224702462804003922e+01 -1.179233991548816718e+01 -1.270170934059191126e+01
1.109142131959309374e+01 -1.233972570608314001e+01 -1.188433015428864969e+01 -1.279512125787763033e+01
1.109949960040321137e+01 -1.243249678210990439e+01 -1.197630666878974814e+01 -1.288868689543006063e+01
1.110757788121332723e+01 -1.252537465220970958e+01 -1.206836434624936949e+01 -1.298238495817004967e+01
1.111565616202344486e+01 -1.261869814288506930e+01 -1.216087374464079218e+01 -1.307652254112934642e+01
1.112373444283356250e+01 -1.271191316842005925e+01 -1.225318366039773643e+01 -1.317064267644238207e+01
1.113181272364368013e+01 -1.280533781809964644e+01 -1.234580151906452450e+01 -1.326487411713476838e+01
1.113989100445379776e+01 -1.289905465055548994e+01 -1.243873829372681072e+01 -1.335937100738416916e+01
1.114796928526391362e+01 -1.299263338520857758e+01 -1.253149649992494119e+01 -1.345377027049221397e+01
1.115604756607403125e+01 -1.308657609396658117e+01 -1.262494086809643079e+01 -1.354821131983673155e+01
1.116412584688414888e+01 -1.318058209890921439e+01 -1.271857324034085046e+01 -1.364259095747757833e+01
1.117220412769426652e+01 -1.327458053041202390e+01 -1.281228785171261819e+01 -1.373687320911142962e+01
1.118028240850438237e+01 -1.336872744139335367e+01 -1.290631247181654118e+01 -1.383114241097016617e+01
1.118836068931450001e+01 -1.346296931966119992e+01 -1.300056634953770107e+01 -1.392537228978469876e+01
1.119643897012461764e+01 -1.355711816419012017e+01 -1.309488423971039950e+01 -1.401935208866984084e+01
1.120451725093473527e+01 -1.365174440735459171e+01 -1.319002296009339759e+01 -1.411346585461578584e+01
1.121259553174485291e+01 -1.374620756202416771e+01 -1.328505737260791264e+01 -1.420735775144042279e+01
1.122067381255496876e+01 -1.384077857399550204e+01 -1.338055757524870515e+01 -1.430099957274229894e+01
1.122875209336508640e+01 -1.393555671528162243e+01 -1.347613240938040846e+01 -1.439498102118283640e+01
1.123683037417520403e+01 -1.403026204121360188e+01 -1.357186071733524102e+01 -1.448866336509196273e+01
1.124490865498532166e+01 -1.412525644917605661e+01 -1.366816875158052547e+01 -1.458234414677158775e+01
1.125298693579543752e+01 -1.422047396280330744e+01 -1.376486855658516362e+01 -1.467607936902145127e+01
1.126106521660555515e+01 -1.431564813455318053e+01 -1.386166441907696267e+01 -1.476963185002939838e+01
1.126914349741567278e+01 -1.441098168166151794e+01 -1.395895041572338613e+01 -1.486301294759964975e+01
1.127722177822579042e+01 -1.450653078804940144e+01 -1.405675158941285652e+01 -1.495630998668594636e+01
1.128530005903590805e+01 -1.460187133083825017e+01 -1.415398338244455267e+01 -1.504975927923194767e+01
1.129337833984602391e+01 -1.469776247570933236e+01 -1.425216218503627985e+01 -1.514336276638238488e+01
1.130145662065614154e+01 -1.479349090817695433e+01 -1.435025269891744060e+01 -1.523672911743646807e+01
1.130953490146625917e+01 -1.488925573351821896e+01 -1.444838156800789619e+01 -1.533012989902854173e+01
1.131761318227637680e+01 -1.498520007924285302e+01 -1.454653451876185599e+01 -1.542386563972385005e+01
1.132569146308649266e+01 -1.508109951190684228e+01 -1.464434674105169698e+01 -1.551785228276198758e+01
1.133376974389661029e+01 -1.517707573959765099e+01 -1.474192142916306025e+01 -1.561223005003224173e+01
1.134184802470672793e+01 -1.527334320439373627e+01 -1.483947164799560525e+01 -1.570721476079186729e+01
1.134992630551684556e+01 -1.536947249876685717e+01 -1.493652395551173484e+01 -1.580242104202197950e+01
1.135800458632696319e+01 -1.546568657490927023e+01 -1.503368541950571213e+01 -1.589768773031282834e+01
1.136608286713707905e+01 -1.556219043337797103e+01 -1.513105021961138341e+01 -1.599333064714455865e+01
1.137416114794719668e+01 -1.565842754811098025e+01 -1.522818970137591066e+01 -1.608866539484604985e+01
1.138223942875731431e+01 -1.575505657588914232e+01 -1.532566915878095415e+01 -1.618444399299733050e+01
1.139031770956743017e+01 -1.585164761816836076e+01 -1.542308111312733665e+01 -1.628021412320938666e+01
1.139839599037754780e+01 -1.594819379023304151e+01 -1.552042323319611228e+01 -1.637596434726997074e+01
1.140647427118766544e+01 -1.604485428393034852e+01 -1.561787321474098533e+01 -1.647183535311971170e+01
1.141455255199778307e+01 -1.614152107384666124e+01 -1.571534225456929335e+01 -1.656769989312402913e+01
1.142263083280790070e+01 -1.623806174895914012e+01 -1.581267876844125375e+01 -1.666344472947702826e+01
1.143070911361801656e+01 -1.633492139429297296e+01 -1.591029963466895047e+01 -1.675954315391699367e+01
1.143878739442813419e+01 -1.643158116202266683e+01 -1.600788140359689038e+01 -1.685528092044844328e+01
1.144686567523825182e+01 -1.652820019136224516e+01 -1.610523026240729649e+01 -1.695117012031719383e+01
1.145494395604836946e+01 -1.662502449347615396e+01 -1.620304447568182127e+01 -1.704700451127048666e+01
1.146302223685848531e+01 -1.672157510962677662e+01 -1.630052534936734432e+01 -1.714262486988620893e+01
1.147110051766860295e+01 -1.681830962363910587e+01 -1.639824997492987890e+01 -1.723836927234833283e+01
1.147917879847872058e+01 -1.691506631578601016e+01 -1.649602697417013886e+01 -1.733410565740188147e+01
1.148725707928883821e+01 -1.701165333546243019e+01 -1.659380440866347328e+01 -1.742950226226138710e+01
1.149533536009895585e+01 -1.710824077224435058e+01 -1.669176434648613849e+01 -1.752471719800256267e+01
1.150341364090907170e+01 -1.720491778523177828e+01 -1.678965237390903908e+01 -1.762018319655451748e+01
1.151149192171918934e+01 -1.730127191288880084e+01 -1.688754552828914157e+01 -1.771499829748846011e+01
1.151957020252930697e+01 -1.739797075322359632e+01 -1.698594192918427126e+01 -1.780999957726292138e+01
1.152764848333942460e+01 -1.749433172957699512e+01 -1.708396293653882836e+01 -1.790470052261516187e+01
1.153572676414954046e+01 -1.759048340926034726e+01 -1.718186856049088007e+01 -1.799909825802981445e+01
1.154380504495965809e+01 -1.768673176093332700e+01 -1.727997702576309536e+01 -1.809348649610355864e+01
1.155188332576977572e+01 -1.778274987735545665e+01 -1.737797673222090467e+01 -1.818752302249000863e+01
1.155996160657989336e+01 -1.787863560619820191e+01 -1.747548151350624934e+01 -1.828178969889015448e+01
1.156803988739001099e+01 -1.797445829567057984e+01 -1.757229356591687264e+01 -1.837662302542428705e+01
1.157611816820012685e+01 -1.806996671327707560e+01 -1.766854289998383720e+01 -1.847139052657031399e+01
1.158419644901024448e+01 -1.816525642704915100e+01 -1.776441548943989801e+01 -1.856609736465840399e+01
1.159227472982036211e+01 -1.826067696707390198e+01 -1.786112301351211684e+01 -1.866023092063568711e+01
1.160035301063047797e+01 -1.835545987167682824e+01 -1.795737098658155517e+01 -1.875354875677210131e+01
1.160843129144059560e+01 -1.845045078657688009e+01 -1.805338641077025486e+01 -1.884751516238350533e+01
1.161650957225071323e+01 -1.854505421981532720e+01 -1.814956468166112558e+01 -1.894054375796952883e+01
1.162458785306083087e+01 -1.863932708985849018e+01 -1.824527453853496795e+01 -1.903337964118201242e+01
1.163266613387094850e+01 -1.873346148474552209e+01 -1.834066562433211089e+01 -1.912625734515893328e+01
1.164074441468106613e+01 -1.882726080068387375e+01 -1.843616864311050563e+01 -1.921835295825724188e+01
1.164882269549118199e+01 -1.892064987791553676e+01 -1.853178762843232263e+01 -1.930951212739875089e+01
1.165690097630129962e+01 -1.901395177279723825e+01 -1.862718674871890556e+01 -1.940071679687557094e+01
1.166497925711141725e+01 -1.910683326092478396e+01 -1.872243371437052772e+01 -1.949123280747904019e+01
1.167305753792153311e+01 -1.919918553214962031e+01 -1.881695172643282987e+01 -1.958141933786641076e+01
1.168113581873165074e+01 -1.929144639620003687e+01 -1.891183047180606280e+01 -1.967106232059401094e+01
1.168921409954176838e+01 -1.938307040187223151e+01 -1.900675455064302710e+01 -1.975938625310143593e+01
1.169729238035188601e+01 -1.947445137342882759e+01 -1.910134620750173440e+01 -1.984755653935592079e+01
1.170537066116200364e+01 -1.956536728265040992e+01 -1.919564087517600726e+01 -1.993509369012481258e+01
1.171344894197212128e+01 -1.965571489324738508e+01 -1.928953421951884906e+01 -2.002189556697592110e+01
1.172152722278223713e+01 -1.974569808394831583e+01 -1.938318452468987019e+01 -2.010821164320676147e+01
1.172960550359235476e+01 -1.983530977742653789e+01 -1.947667714115535631e+01 -2.019394241369771947e+01
1.173768378440247240e+01 -1.992412136045289728e+01 -1.956945220860940537e+01 -2.027879051229638918e+01
1.174576206521258825e+01 -2.001276121602698055e+01 -1.966190527198674332e+01 -2.036361716006721778e+01
1.175384034602270589e+01 -2.010052982899689056e+01 -1.975390143214776018e+01 -2.044715822584602094e+01
1.176191862683282352e+01 -2.018760627703735366e+01 -1.984478823037758843e+01 -2.053042432369711889e+01
1.176999690764294115e+01 -2.027438263310749278e+01 -1.993546678772974801e+01 -2.061329847848523755e+01
1.177807518845305879e+01 -2.036030249823454952e+01 -2.002509733794263980e+01 -2.069550765852645924e+01
1.178615346926317464e+01 -2.044556658522922277e+01 -2.011395052193351418e+01 -2.077718264852493135e+01
1.179423175007329228e+01 -2.053021095762965231e+01 -2.020230450774168673e+01 -2.085811740751761789e+01
1.180231003088340991e+01 -2.061404927798241360e+01 -2.028994967501131796e+01 -2.093814888095350923e+01
1.181038831169352754e+01 -2.069713099210676432e+01 -2.037667801084397468e+01 -2.101758397336955397e+01
1.181846659250364340e+01 -2.077965258931924097e+01 -2.046277122137759008e+01 -2.109653395726089187e+01
1.182654487331376103e+01 -2.086110082671040544e+01 -2.054822583390676982e+01 -2.117397581951404106e+01
1.183462315412387866e+01 -2.094195200179539995e+01 -2.063238648203572367e+01 -2.125151752155507623e+01
1.184270143493399630e+01 -2.102183339596687972e+01 -2.071546944222122022e+01 -2.132819734971253922e+01
1.185077971574411393e+01 -2.110084228663790640e+01 -2.079765895826845323e+01 -2.140402561500735956e+01
1.185885799655422979e+01 -2.117918019232370241e+01 -2.087938210879972090e+01 -2.147897827584768393e+01
1.186693627736434742e+01 -2.125664731045942801e+01 -2.096003145934432155e+01 -2.155326316157453448e+01
1.187501455817446505e+01 -2.133321611459113853e+01 -2.103981103353365256e+01 -2.162662119564862451e+01
1.188309283898458091e+01 -2.140879505303754371e+01 -2.111884194415239691e+01 -2.169874816192269051e+01
1.189117111979469854e+01 -2.148287526027750971e+01 -2.119594602832159680e+01 -2.176980449223342262e+01
1.189924940060481617e+01 -2.155577504725151883e+01 -2.127257490977664744e+01 -2.183897518472639021e+01
1.190732768141493381e+01 -2.162777015318436824e+01 -2.134686436241292995e+01 -2.190867594395580653e+01
1.191540596222505144e+01 -2.169840001038899402e+01 -2.142133517505509488e+01 -2.197546484572289316e+01
1.192348424303516907e+01 -2.176821802623161162e+01 -2.149438376899467329e+01 -2.204205228346854994e+01
1.193156252384528493e+01 -2.183688381561499625e+01 -2.156619147991558449e+01 -2.210757615131440801e+01
1.193964080465540256e+01 -2.190424973862641878e+01 -2.163632092696527209e+01 -2.217217855028756546e+01
1.194771908546552019e+01 -2.197057643561595341e+01 -2.170526843919565607e+01 -2.223588443203625076e+01
1.195579736627563605e+01 -2.203598728150231167e+01 -2.177361623487912112e+01 -2.229835832812550223e+01
1.196387564708575368e+01 -2.210010214684526275e+01 -2.184096932045480344e+01 -2.235923497323572207e+01
1.197195392789587132e+01 -2.216251774518245554e+01 -2.190663388333994277e+01 -2.241840160702496831e+01
1.198003220870598895e+01 -2.222395414405700009e+01 -2.197119108271591159e+01 -2.247671720539808859e+01
1.198811048951610658e+01 -2.228346793258288017e+01 -2.203170802855644084e+01 -2.253522783660931950e+01
1.199618877032622422e+01 -2.234199218752754845e+01 -2.209052947937685119e+01 -2.259345489567824572e+01
1.200426705113634007e+01 -2.239879491074670170e+01 -2.214780028710719151e+01 -2.264978953438621190e+01
1.201234533194645770e+01 -2.245397948745702621e+01 -2.220389373441750536e+01 -2.270406524049654706e+01
1.202042361275657534e+01 -2.250735140293312142e+01 -2.225893554742456359e+01 -2.275576725844167925e+01
1.202850189356669119e+01 -2.255902603896210579e+01 -2.231241996622239654e+01 -2.280563211170181503e+01
1.203658017437680883e+01 -2.260949671152577878e+01 -2.236305574792582718e+01 -2.285593767512573038e+01
1.204465845518692646e+01 -2.265909171675349754e+01 -2.241105401135108366e+01 -2.290712942215591141e+01
1.205273673599704409e+01 -2.270759465014573664e+01 -2.245803967884956620e+01 -2.295714962144190707e+01
1.206081501680716173e+01 -2.275370129695638610e+01 -2.250173843958337372e+01 -2.300566415432939849e+01
1.206889329761727758e+01 -2.279882529179585049e+01 -2.254493382660256984e+01 -2.305271675698913114e+01
1.207697157842739522e+01 -2.284218256124237456e+01 -2.258593088063528143e+01 -2.309843424184946770e+01
1.208504985923751285e+01 -2.288419700378030086e+01 -2.262530497171117716e+01 -2.314308903584942456e+01
1.209312814004763048e+01 -2.292490884866570156e+01 -2.266366635561429632e+01 -2.318615134171710679e+01
1.210120642085774634e+01 -2.296408921251080315e+01 -2.269910675088383201e+01 -2.322907167413777429e+01
1.210928470166786397e+01 -2.300166566976904647e+01 -2.273287546156228345e+01 -2.327045587797580950e+01
1.211736298247798160e+01 -2.303789641744623751e+01 -2.276479275169279859e+01 -2.331100008319967642e+01
1.212544126328809924e+01 -2.307301117001282265e+01 -2.279513006564026512e+01 -2.335089227438538018e+01
1.213351954409821687e+01 -2.310647128340020728e+01 -2.282320645117303570e+01 -2.338973611562737887e+01
1.214159782490833273e+01 -2.313825183208700054e+01 -2.284943871953904093e+01 -2.342706494463496014e+01
1.214967610571845036e+01 -2.316924234160235940e+01 -2.287445074086392438e+01 -2.346403394234079443e+01
1.215775438652856799e+01 -2.319901664249395878e+01 -2.289662772669572988e+01 -2.350140555829218769e+01
1.216583266733868385e+01 -2.322631149691002150e+01 -2.291652486641888942e+01 -2.353609812740115359e+01
1.217391094814880148e+01 -2.325189996449305596e+01 -2.293516244289025607e+01 -2.356863748609585585e+01
1.218198922895891911e+01 -2.327652153384982370e+01 -2.295290530658042627e+01 -2.360013776111922112e+01
1.219006750976903675e+01 -2.329986659589631870e+01 -2.296925980778539866e+01 -2.363047338400723874e+01
1.219814579057915438e+01 -2.332145639735981035e+01 -2.298387859334338401e+01 -2.365903420137623669e+01
1.220622407138927201e+01 -2.334190432285332406e+01 -2.299722758744087869e+01 -2.368658105826576943e+01
1.221430235219938787e+01 -2.336121274434191264e+01 -2.300984604650139786e+01 -2.371257944218242741e+01
1.222238063300950550e+01 -2.337929231009910325e+01 -2.302049148962898784e+01 -2.373809313056921866e+01
1.223045891381962313e+01 -2.339618634030418320e+01 -2.303047291081567494e+01 -2.376189976979269147e+01
1.223853719462973899e+01 -2.341220476497127834e+01 -2.303998925289081257e+01 -2.378442027705174411e+01
1.224661547543985662e+01 -2.342718600602300327e+01 -2.304900919425412908e+01 -2.380536281779187746e+01
1.225469375624997426e+01 -2.344109465545368920e+01 -2.305743146793014375e+01 -2.382475784297723465e+01
1.226277203706009189e+01 -2.345407038352622564e+01 -2.306524278226838476e+01 -2.384289798478406652e+01
1.227085031787020952e+01 -2.346623999361821333e+01 -2.307127008803639256e+01 -2.386120989920003410e+01
1.227892859868032716e+01 -2.347760828577488823e+01 -2.307626749099235042e+01 -2.387894908055742604e+01
1.228700687949044301e+01 -2.348818769546237206e+01 -2.308076435987485553e+01 -2.389561103104988860e+01
1.229508516030056064e+01 -2.349796764688176154e+01 -2.308479203413743974e+01 -2.391114325962608333e+01
1.230316344111067828e+01 -2.350699101432708105e+01 -2.308834603683605735e+01 -2.392563599181810474e+01
1.231124172192079413e+01 -2.351543192267900650e+01 -2.309120826307217911e+01 -2.393965558228583390e+01
1.231932000273091177e+01 -2.352319839567792670e+01 -2.309379753202642149e+01 -2.395259925932943190e+01
1.232739828354102940e+01 -2.353036515220857439e+01 -2.309647490220359600e+01 -2.396425540221355277e+01
1.233547656435114703e+01 -2.353698857058675031e+01 -2.309896314649110138e+01 -2.397501399468239924e+01
1.234355484516126467e+01 -2.354305797647739951e+01 -2.310106841211018036e+01 -2.398504754084461865e+01
1.235163312597138052e+01 -2.354857152399358000e+01 -2.310298555569464440e+01 -2.399415749229251560e+01
1.235971140678149816e+01 -2.355359537678947390e+01 -2.310470531951543194e+01 -2.400248543406351587e+01
1.236778968759161579e+01 -2.355817983330143761e+01 -2.310680926523973255e+01 -2.400955040136314267e+01
1.237586796840173342e+01 -2.356239525517429456e+01 -2.310881265958610697e+01 -2.401597785076248215e+01
1.238394624921184928e+01 -2.356626876890807765e+01 -2.311089744887863517e+01 -2.402164008893752012e+01
1.239202453002196691e+01 -2.356983618602887631e+01 -2.311292623184191797e+01 -2.402674614021583466e+01
1.240010281083208454e+01 -2.357313140844958710e+01 -2.311403771630228476e+01 -2.403222510059688943e+01
1.240818109164220218e+01 -2.357616308635860491e+01 -2.311455123747662199e+01 -2.403777493524058784e+01
1.241625937245231981e+01 -2.357896421992471758e+01 -2.311492482735467746e+01 -2.404300361249475770e+01
1.242433765326243567e+01 -2.358154521817802518e+01 -2.311521905090142326e+01 -2.404787138545462710e+01
1.243241593407255330e+01 -2.358386998095346243e+01 -2.311541317908233140e+01 -2.405232678282459347e+01
1.244049421488267093e+01 -2.358598412742662731e+01 -2.311555478729725621e+01 -2.405641346755599841e+01
1.244857249569278679e+01 -2.358788286779756405e+01 -2.311562242651267951e+01 -2.406014330908244858e+01
1.245665077650290442e+01 -2.358957564748811109e+01 -2.311562148605309019e+01 -2.406352980892313198e+01
1.246472905731302205e+01 -2.359110761713649751e+01 -2.311560178190259762e+01 -2.406661345237039740e+01
1.247280733812313969e+01 -2.359248744696131794e+01 -2.311553586835794505e+01 -2.406943902556469084e+01
1.248088561893325732e+01 -2.359374862589818633e+01 -2.311545561961318285e+01 -2.407204163218318982e+01
1.248896389974337495e+01 -2.359489052051083036e+01 -2.311535167773347510e+01 -2.407442936328818561e+01
1.249704218055349081e+01 -2.359590863431009211e+01 -2.311520964641702136e+01 -2.407660762220316286e+01
1.250512046136360844e+01 -2.359681831857717782e+01 -2.311504240379704100e+01 -2.407859423335731464e+01
1.251319874217372607e+01 -2.359763628834995686e+01 -2.311486061461447150e+01 -2.408041196208544221e+01
1.252127702298384193e+01 -2.359837884372791095e+01 -2.311465416627016722e+01 -2.408210352118565467e+01
1.252935530379395956e+01 -2.359903695524203471e+01 -2.311440023678524014e+01 -2.408367367369882928e+01
1.253743358460407720e+01 -2.359963138669240834e+01 -2.311412049080970732e+01 -2.408514228257510936e+01
1.254551186541419483e+01 -2.360013749649036185e+01 -2.311379032596501304e+01 -2.408648466701571067e+01
1.255359014622431246e+01 -2.360056966251683974e+01 -2.311341803000428641e+01 -2.408772129502939308e+01
1.256166842703443010e+01 -2.360092950227994280e+01 -2.311301117627397872e+01 -2.408884782828590687e+01
1.256974670784454595e+01 -2.360122016580831783e+01 -2.311261586683198743e+01 -2.408982446478464823e+01
1.257782498865466358e+01 -2.360145509592175728e+01 -2.311229225445455526e+01 -2.409061793738895929e+01
1.258590326946478122e+01 -2.360165056779912973e+01 -2.311207614294579216e+01 -2.409122499265246731e+01
1.259398155027489707e+01 -2.360181498943708434e+01 -2.311198042260949492e+01 -2.409164955626467375e+01
1.260205983108501471e+01 -2.360195902537638446e+01 -2.311194771485624599e+01 -2.409197033589652293e+01
1.261013811189513234e+01 -2.360208500132014109e+01 -2.311195354878662300e+01 -2.409221645385365917e+01
1.261821639270524997e+01 -2.360219817075994087e+01 -2.311196286636000963e+01 -2.409243347515987210e+01
1.262629467351536761e+01 -2.360230268216233185e+01 -2.311198653517986656e+01 -2.409261882914479713e+01
1.263437295432548346e+01 -2.360240056427734956e+01 -2.311201589790672983e+01 -2.409278523064796929e+01
1.264245123513560110e+01 -2.360249358469921432e+01 -2.311204709289222947e+01 -2.409294007650619918e+01
1.265052951594571873e+01 -2.360258287510308151e+01 -2.311207942446821306e+01 -2.409308632573794995e+01
1.265860779675583636e+01 -2.360266898248181278e+01 -2.311211271250421007e+01 -2.409322525245941549e+01
1.266668607756595222e+01 -2.360275290370465129e+01 -2.311215247964778996e+01 -2.409335332776151262e+01
1.267476435837606985e+01 -2.360283650302659453e+01 -2.311221224358563830e+01 -2.409346076246755075e+01
1.268284263918618748e+01 -2.360291821112251753e+01 -2.311222580742892063e+01 -2.409361061481611443e+01
1.269092091999630512e+01 -2.360300503288717877e+01 -2.311157037642539791e+01 -2.409443968934895963e+01
1.269899920080642275e+01 -2.360309279018098039e+01 -2.311090905039357324e+01 -2.409527652996838754e+01
1.270707748161653861e+01 -2.360321048322869331e+01 -2.311063920688084750e+01 -2.409578175957653912e+01
1.271515576242665624e+01 -2.360331023071872281e+01 -2.311055708508638062e+01 -2.409606337635106499e+01
1.272323404323677387e+01 -2.360338250846752572e+01 -2.311050282726890259e+01 -2.409626218966614886e+01
1.273131232404688973e+01 -2.360344710752585584e+01 -2.311046996203210568e+01 -2.409642425301960600e+01
1.273939060485700736e+01 -2.360351001750824906e+01 -2.311045415607506470e+01 -2.409656587894143343e+01
1.274746888566712499e+01 -2.360357363152321497e+01 -2.311044720329990199e+01 -2.409670005974652796e+01
1.275554716647724263e+01 -2.360363743798781400e+01 -2.311044743593105366e+01 -2.409682744004457433e+01
1.276362544728736026e+01 -2.360370361261418637e+01 -2.311045700710643658e+01 -2.409695021812193616e+01
1.277170372809747789e+01 -2.360377035880102881e+01 -2.311047336913741290e+01 -2.409706734846464471e+01
1.277978200890759375e+01 -2.360383496118494051e+01 -2.311049298453927747e+01 -2.409717693783060355e+01
1.278786028971771138e+01 -2.360389627829565740e+01 -2.311050889429286315e+01 -2.409728366229845165e+01
1.279593857052782901e+01 -2.360395357711237807e+01 -2.311051842374773813e+01 -2.409738873047701802e+01
1.280401685133794487e+01 -2.360401143187739947e+01 -2.311052971090757424e+01 -2.409749315284722471e+01
1.281209513214806250e+01 -2.360407413723574876e+01 -2.311055082824382723e+01 -2.409759744622767030e+01
1.282017341295818014e+01 -2.360413424148047312e+01 -2.311057402840169672e+01 -2.409769445455924952e+01
1.282825169376829777e+01 -2.360417312237526488e+01 -2.311058008666773844e+01 -2.409776615808279132e+01
1.283632997457841540e+01 -2.360420755894835310e+01 -2.311058544291960004e+01 -2.409782967497710615e+01
1.284440825538853304e+01 -2.360423882888367686e+01 -2.311058203851673198e+01 -2.409789561925062173e+01
1.285248653619864889e+01 -2.360426725513413615e+01 -2.311057240921600453e+01 -2.409796210105226777e+01
1.286056481700876652e+01 -2.360429325140271573e+01 -2.311056338281899514e+01 -2.409802311998643631e+01
1.286864309781888416e+01 -2.360431673471667935e+01 -2.311055581524276192e+01 -2.409807765419059677e+01
1.287672137862900001e+01 -2.360433804866710616e+01 -2.311054955357886698e+01 -2.409812654375534535e+01
1.288479965943911765e+01 -2.360435747218395974e+01 -2.311054454280503734e+01 -2.409817040156288215e+01
1.289287794024923528e+01 -2.360437503073601562e+01 -2.311054050468153420e+01 -2.409820955679049703e+01
1.290095622105935291e+01 -2.360439097467873637e+01 -2.311053726005748032e+01 -2.409824468929999242e+01
1.290903450186947055e+01 -2.360440534837747961e+01 -2.311053472258020491e+01 -2.409827597417475431e+01
1.291711278267958640e+01 -2.360441856949693218e+01 -2.311053318151591895e+01 -2.409830395747794540e+01
1.292519106348970404e+01 -2.360443101271420119e+01 -2.311053258122251464e+01 -2.409832944420588774e+01
1.293326934429982167e+01 -2.360444296102133421e+01 -2.311051847094445577e+01 -2.409836745109821265e+01
1.294134762510993930e+01 -2.360445430573616221e+01 -2.311049978358249746e+01 -2.409840882788982697e+01
1.294942590592005516e+01 -2.360446489212514365e+01 -2.311048237675991501e+01 -2.409844740749037229e+01
1.295750418673017279e+01 -2.360447453660194128e+01 -2.311046738392239064e+01 -2.409848168928149192e+01
1.296558246754029042e+01 -2.360448353024844437e+01 -2.311045465825954537e+01 -2.409851240223734337e+01
1.297366074835040806e+01 -2.360449283980157276e+01 -2.311044482507165299e+01 -2.409854085453149253e+01
1.298173902916052569e+01 -2.360450319458357171e+01 -2.311043840554439299e+01 -2.409856798362275043e+01
1.298981730997064155e+01 -2.360451336992628057e+01 -2.311043380390812985e+01 -2.409859293594443130e+01
1.299789559078075918e+01 -2.360452346583850414e+01 -2.311043112898999752e+01 -2.409861580268701076e+01
1.300597387159087681e+01 -2.360453504298768124e+01 -2.311043148225396848e+01 -2.409863860372139399e+01
1.301405215240099267e+01 -2.360455633913020179e+01 -2.311044289282197184e+01 -2.409866978543843175e+01
1.302213043321111030e+01 -2.360458792486996416e+01 -2.311046581860228954e+01 -2.409871003113763877e+01
1.303020871402122793e+01 -2.360463208697649051e+01 -2.311050238126895806e+01 -2.409876179268402296e+01
1.303828699483134557e+01 -2.360467390933864351e+01 -2.311053753290781643e+01 -2.409881028576947060e+01
1.304636527564146320e+01 -2.360469651109495359e+01 -2.311055430770010233e+01 -2.409883871448980486e+01
1.305444355645158083e+01 -2.360470951441718057e+01 -2.311056221522426668e+01 -2.409885681361009446e+01
1.306252183726169669e+01 -2.360472120815742869e+01 -2.311056944309568451e+01 -2.409887297321917288e+01
1.307060011807181432e+01 -2.360473424525985209e+01 -2.311057863723484473e+01 -2.409888985328485944e+01
1.307867839888193195e+01 -2.360474974623681632e+01 -2.311059078698425040e+01 -2.409890870548938224e+01
1.308675667969204781e+01 -2.360476703613248617e+01 -2.311060515394640191e+01 -2.409892891831857042e+01
1.309483496050216544e+01 -2.360478690755722653e+01 -2.311062247717516982e+01 -2.409895133793928323e+01
1.310291324131228308e+01 -2.360481025099737806e+01 -2.311064359446850958e+01 -2.409897690752624655e+01
1.311099152212240071e+01 -2.360483841377036285e+01 -2.311066981860804503e+01 -2.409900700893268066e+01
1.311906980293251834e+01 -2.360487355403074972e+01 -2.311070327356713960e+01 -2.409904383449435983e+01
1.312714808374263598e+01 -2.360491878224356910e+01 -2.311074703171692590e+01 -2.409909053277021229e+01
1.313522636455275183e+01 -2.360497455718256177e+01 -2.311080153248563462e+01 -2.409914758187948891e+01
1.314330464536286946e+01 -2.360502253118271909e+01 -2.311084840194639156e+01 -2.409919666041904662e+01
1.315138292617298710e+01 -2.360503079227069634e+01 -2.311085571746014367e+01 -2.409920586708124901e+01
1.315946120698310295e+01 -2.360503695384894129e+01 -2.311086106155764952e+01 -2.409921284614023307e+01
1.316753948779322059e+01 -2.360504186760852363e+01 -2.311086526360518789e+01 -2.409921847161185937e+01
1.317561776860333822e+01 -2.360504638879328354e+01 -2.311086916786820922e+01 -2.409922360971835786e+01
1.318369604941345585e+01 -2.360505049761556151e+01 -2.311087274328294683e+01 -2.409922825194817619e+01
1.319177433022357349e+01 -2.360505420930591214e+01 -2.311087599304329032e+01 -2.409923242556853396e+01
1.319985261103368934e+01 -2.360505768078873245e+01 -2.311087906477406051e+01 -2.409923629680340440e+01
1.320793089184380698e+01 -2.360506084811734695e+01 -2.311088188800594168e+01 -2.409923980822875222e+01
1.321600917265392461e+01 -2.360506385996621503e+01 -2.311088460186866911e+01 -2.409924311806376096e+01
1.322408745346404224e+01 -2.360506651504270792e+01 -2.311088700253064232e+01 -2.409924602755477352e+01
1.323216573427415810e+01 -2.360506907944390420e+01 -2.311088935042823067e+01 -2.409924880845957773e+01
1.324024401508427573e+01 -2.360507149090851797e+01 -2.311089157445713482e+01 -2.409925140735990112e+01
1.324832229589439336e+01 -2.360507452865859790e+01 -2.311089445115206331e+01 -2.409925460616513249e+01
1.325640057670451100e+01 -2.360507896107202797e+01 -2.311089874478775386e+01 -2.409925917735630208e+01
1.326447885751462863e+01 -2.360508420677507857e+01 -2.311090387103473986e+01 -2.409926454251541728e+01
1.327255713832474449e+01 -2.360508967708912564e+01 -2.311090923894726856e+01 -2.409927011523098273e+01
1.328063541913486212e+01 -2.360509800004016867e+01 -2.311091747407228425e+01 -2.409927852600805309e+01
1.328871369994497975e+01 -2.360511290909518323e+01 -2.311093230764231166e+01 -2.409929351054805480e+01
1.329679198075509561e+01 -2.360512211458654974e+01 -2.311094144882439849e+01 -2.409930278034870099e+01
1.330487026156521324e+01 -2.360512724869175116e+01 -2.311094652850714937e+01 -2.409930796887635296e+01
1.331294854237533087e+01 -2.360513139834388951e+01 -2.311095063181191023e+01 -2.409931216487586880e+01
1.332102682318544851e+01 -2.360513528636383285e+01 -2.311095448022282284e+01 -2.409931609250484286e+01
1.332910510399556614e+01 -2.360513909893916207e+01 -2.311095825883388244e+01 -2.409931993904444170e+01
1.333718338480568377e+01 -2.360514272337756836e+01 -2.311096185429067873e+01 -2.409932359246445799e+01
1.334526166561579963e+01 -2.360514602882581414e+01 -2.311096513503742145e+01 -2.409932692261420684e+01
1.335333994642591726e+01 -2.360514904582344897e+01 -2.311096813094336255e+01 -2.409932996070353539e+01
1.336141822723603489e+01 -2.360515187851645180e+01 -2.311097094571762511e+01 -2.409933281131527849e+01
1.336949650804615075e+01 -2.360515444178305700e+01 -2.311097349377601873e+01 -2.409933538979009526e+01
1.337757478885626838e+01 -2.360515674242317630e+01 -2.311097578149073684e+01 -2.409933770335561576e+01
1.338565306966638602e+01 -2.360515901687071505e+01 -2.311097804519802779e+01 -2.409933998854340231e+01
1.339373135047650365e+01 -2.360516096632903427e+01 -2.311097998549118770e+01 -2.409934194716688083e+01
1.340180963128662128e+01 -2.360516274864735564e+01 -2.311098176002897020e+01 -2.409934373726574108e+01
1.340988791209673892e+01 -2.360516449217602286e+01 -2.311098349697111232e+01 -2.409934548738093341e+01
1.341796619290685477e+01 -2.360516608660033100e+01 -2.311098508580759514e+01 -2.409934708739306686e+01
1.342604447371697240e+01 -2.360516743683392704e+01 -2.311098643130915775e+01 -2.409934844235869633e+01
1.343412275452709004e+01 -2.360516864592652553e+01 -2.311098763641402698e+01 -2.409934965543902408e+01
1.344220103533720589e+01 -2.360516990129110582e+01 -2.311098888840399468e+01 -2.409935091417821695e+01
1.345027931614732353e+01 -2.360517119328874713e+01 -2.311099017756151142e+01 -2.409935220901598285e+01
1.345835759695744116e+01 -2.360517226475707275e+01 -2.311099124667448734e+01 -2.409935328283965816e+01
1.346643587776755879e+01 -2.360517316529218945e+01 -2.311099214523001422e+01 -2.409935418535436469e+01
1.347451415857767643e+01 -2.360517392168661388e+01 -2.311099289996170114e+01 -2.409935494341152662e+01
1.348259243938779228e+01 -2.360517455944201970e+01 -2.311099353631516706e+01 -2.409935558256887234e+01
1.349067072019790992e+01 -2.360517551093162325e+01 -2.311099448662512046e+01 -2.409935653523812604e+01
1.349874900100802755e+01 -2.360517669047364819e+01 -2.311099566517837189e+01 -2.409935771576892449e+01
1.350682728181814340e+01 -2.360517777043884635e+01 -2.311099674431435602e+01 -2.409935879656333668e+01
1.351490556262826104e+01 -2.360517867754282051e+01 -2.311099765072183843e+01 -2.409935970436380259e+01
1.352298384343837867e+01 -2.360517943295832666e+01 -2.311099840555732143e+01 -2.409936046035933188e+01
1.353106212424849630e+01 -2.360518006597435914e+01 -2.311099903808731781e+01 -2.409936109386140046e+01
1.450000000000000000e+01 -2.360518006597435914e+01 -2.311099903808731781e+01 -2.409936109386140046e+01
