# # logMh LcMh -err(LcMh) +err(LcMh)
9.500000000000000000e+00 4.142426146818959154e+00 4.256013103340698045e+00 4.028839190297220263e+00
9.509018036072143687e+00 4.063571551682012561e+00 4.177158107298702738e+00 3.949984996065322829e+00
9.518036072144287374e+00 3.984684289309767813e+00 4.098270271394220288e+00 3.871098307225315338e+00
9.527054108216432837e+00 3.905750506238469200e+00 4.019336151748228225e+00 3.792164860728710174e+00
9.536072144288578301e+00 3.826752222865838604e+00 3.940337782589159676e+00 3.713166663142517532e+00
9.545090180360720211e+00 3.747668650496321696e+00 3.861254280278524131e+00 3.634083020714119261e+00
9.554108216432865675e+00 3.668477910091522798e+00 3.782063734991144344e+00 3.554892085191901252e+00
9.563126252505011138e+00 3.589159001481859512e+00 3.702745257847428029e+00 3.475572745116290996e+00
9.572144288577153048e+00 3.509693871794585807e+00 3.623281051294213295e+00 3.396106692294958318e+00
9.581162324649298512e+00 3.430069431854116946e+00 3.543658370531482138e+00 3.316480493176751754e+00
9.590180360721443975e+00 3.350279369310629640e+00 3.463871243782346010e+00 3.236687494838913270e+00
9.599198396793585886e+00 3.270325607252086986e+00 3.383921819202803327e+00 3.156729395301370644e+00
9.608216432865731349e+00 3.190219257055593172e+00 3.303821206228566787e+00 3.076617307882619556e+00
9.617234468937876812e+00 3.109980914234106386e+00 3.223589679156396492e+00 2.996372149311816280e+00
9.626252505010018723e+00 3.029640146033592885e+00 3.143256110756367683e+00 2.916024181310818086e+00
9.635270541082164186e+00 2.949234019536599583e+00 3.062856503712491740e+00 2.835611535360707425e+00
9.644288577154309650e+00 2.868804519028207434e+00 2.982431487688972371e+00 2.755177550367442496e+00
9.653306613226451560e+00 2.788394701379494300e+00 2.902022649818680300e+00 2.674766752940308301e+00
9.662324649298597024e+00 2.708043438204457587e+00 2.821667566411132366e+00 2.594419309997782808e+00
9.671342685370742487e+00 2.627778593546379771e+00 2.741393403677366170e+00 2.514163783415393372e+00
9.680360721442884397e+00 2.547608485848746884e+00 2.661208955268199450e+00 2.434008016429294319e+00
9.689378757515029861e+00 2.467511482966679104e+00 2.581094984423236482e+00 2.353927981510121725e+00
9.698396793587175324e+00 2.387423578974863680e+00 2.500992738527966441e+00 2.273854419421760920e+00
9.707414829659317235e+00 2.307223801527079843e+00 2.420790503875458910e+00 2.193657099178700776e+00
9.716432865731462698e+00 2.226718143012562212e+00 2.340306534798183513e+00 2.113129751226940911e+00
9.725450901803608161e+00 2.145934875899823346e+00 2.259530132553355664e+00 2.032339619246291029e+00
9.734468937875750072e+00 2.065052812216159772e+00 2.178654186423808703e+00 1.951451438008511063e+00
9.743486973947895535e+00 1.984086256064063525e+00 2.097690453837182112e+00 1.870482058290944716e+00
9.752505010020040999e+00 1.903037589093903081e+00 2.016641691969112138e+00 1.789433486218694247e+00
9.761523046092182909e+00 1.821899647292713365e+00 1.935502704513714756e+00 1.708296590071711973e+00
9.770541082164328373e+00 1.740658287807353766e+00 1.854261845581580026e+00 1.627054730033127505e+00
9.779559118236473836e+00 1.659295054244175338e+00 1.772902909916461489e+00 1.545687198571889187e+00
9.788577154308615746e+00 1.577789845613084774e+00 1.691407284051403614e+00 1.464172407174765933e+00
9.797595190380761210e+00 1.496123494084706351e+00 1.609756233025849026e+00 1.382490755143563677e+00
9.806613226452906673e+00 1.414280156729396332e+00 1.527933197285290090e+00 1.300627116173502573e+00
9.815631262525050360e+00 1.332249426405935466e+00 1.445925974384129287e+00 1.218572878427741646e+00
9.824649298597194047e+00 1.250028066968752682e+00 1.363728660113437741e+00 1.136327473824067624e+00
9.833667334669339510e+00 1.167621277962069826e+00 1.281343223674817233e+00 1.053899332249322418e+00
9.842685370741483197e+00 1.085043393969372882e+00 1.198780591521621641e+00 9.713061964171241236e-01
9.851703406813626884e+00 1.002317923786491427e+00 1.116061114488632766e+00 8.885747330843501990e-01
9.860721442885772348e+00 9.194768345870152348e-01 1.033214292831752701e+00 8.057393763422777688e-01
9.869739478957916035e+00 8.365589862483403527e-01 9.502776337988554367e-01 7.228403386978252687e-01
9.878757515030059722e+00 7.536076210066489089e-01 8.672945163528889001e-01 6.399207256604089178e-01
9.887775551102205185e+00 6.706668136095381705e-01 7.843109376688294221e-01 5.570226895502469189e-01
9.896793587174348872e+00 5.877767871346104567e-01 7.013710160255779424e-01 4.741825582436429709e-01
9.905811623246492559e+00 5.049679996423037664e-01 6.185111247139525315e-01 3.914248745706550014e-01
9.914829659318638022e+00 4.222539068317034960e-01 5.357525315823085110e-01 3.087552820810984811e-01
9.923847695390781709e+00 3.396223058676297590e-01 4.530924188409435338e-01 2.261521928943160120e-01
9.932865731462925396e+00 2.570251655472844954e-01 3.704931577463856929e-01 1.435571733481832701e-01
9.941883767535070859e+00 1.743668479752063794e-01 2.878697127871339134e-01 6.086398316327887303e-02
9.950901803607214546e+00 9.149062691481156528e-02 2.050750499920015457e-01 -2.209379616237842903e-02
9.959919839679358233e+00 8.191185376838975088e-03 1.218617127855339821e-01 -1.054793420318560215e-01
9.968937875751503697e+00 -7.533901382061584939e-02 3.832138048844666023e-02 -1.889994081296783590e-01
9.977955911823647384e+00 -1.589755698002695006e-01 -4.531496899897326236e-02 -2.726361706015657527e-01
9.986973947895791071e+00 -2.427270474905371955e-01 -1.290563557393171745e-01 -3.563977392417572165e-01
9.995991983967936534e+00 -3.265980253634499508e-01 -2.129123622207712008e-01 -4.402836885061287009e-01
1.000501002004008022e+01 -4.105898895786564418e-01 -2.968928113000526836e-01 -5.242869678572602554e-01
1.001402805611222391e+01 -4.947016335378396357e-01 -3.810073263258859089e-01 -6.083959407497934180e-01
1.002304609218436937e+01 -5.789306442668333830e-01 -4.652648122632683791e-01 -6.925964762703984423e-01
1.003206412825651306e+01 -6.632734570431720877e-01 -5.496728966392445681e-01 -7.768740174470996074e-01
1.004108216432865675e+01 -7.477264596868022917e-01 -6.342373691308172967e-01 -8.612155502427872866e-01
1.005010020040080221e+01 -8.322865279312412490e-01 -7.189616586152774991e-01 -9.456113972472049989e-01
1.005911823647294590e+01 -9.169515732929146568e-01 -8.038463865036297173e-01 -1.030056760082199707e+00
1.006813627254508958e+01 -1.001720984856403041e+00 -8.888890351777692933e-01 -1.114552934535036899e+00
1.007715430861723505e+01 -1.086595946392882706e+00 -9.740837703517040147e-01 -1.199108122434061396e+00
1.008617234468937873e+01 -1.171579610229490642e+00 -1.059421456177439325e+00 -1.283737764281541960e+00
1.009519038076152242e+01 -1.256677109287345440e+00 -1.144889901916271713e+00 -1.368464316658419166e+00
1.010420841683366788e+01 -1.341895388705510506e+00 -1.230474378995691787e+00 -1.453316398415329225e+00
1.011322645290581157e+01 -1.427242838468626429e+00 -1.316158447272588905e+00 -1.538327229664663953e+00
1.012224448897795526e+01 -1.512728708455947313e+00 -1.401925129323462249e+00 -1.623532287588432377e+00
1.013126252505010072e+01 -1.598362287329065934e+00 -1.487758471581842157e+00 -1.708966103076289711e+00
1.014028056112224441e+01 -1.684151826676050456e+00 -1.573645531143631704e+00 -1.794658122208469209e+00
1.014929859719438809e+01 -1.770103191829740519e+00 -1.659578827061053197e+00 -1.880627556598427841e+00
1.015831663326653356e+01 -1.856218220777470007e+00 -1.745559294945427498e+00 -1.966877146609512517e+00
1.016733466933867724e+01 -1.942492772579951676e+00 -1.831599783699466633e+00 -2.053385761460436942e+00
1.017635270541082093e+01 -2.028914446717071218e+00 -1.917729133199788549e+00 -2.140099760234353887e+00
1.018537074148296639e+01 -2.115459954777844764e+00 -2.003996871749863296e+00 -2.226923037805826233e+00
1.019438877755511008e+01 -2.202093490122148722e+00 -2.090459256958587364e+00 -2.313727723285710081e+00
1.020340681362725377e+01 -2.288820679470307873e+00 -2.177067427498016627e+00 -2.400573931442599118e+00
1.021242484969939923e+01 -2.375702309252044842e+00 -2.263915064603828409e+00 -2.487489553900261274e+00
1.022144288577154292e+01 -2.462730129652231703e+00 -2.350942289794846651e+00 -2.574517969509616755e+00
1.023046092184368661e+01 -2.549892199021572825e+00 -2.438108247441996834e+00 -2.661676150601148816e+00
1.023947895791583207e+01 -2.637184784585619557e+00 -2.525405998920505990e+00 -2.748963570250733124e+00
1.024849699398797576e+01 -2.724609234414086423e+00 -2.612829248415502459e+00 -2.836389220412670387e+00
1.025751503006011944e+01 -2.812170598808708011e+00 -2.700372943458572816e+00 -2.923968254158843205e+00
1.026653306613226491e+01 -2.899876362231767146e+00 -2.788033794014221911e+00 -3.011718930449312381e+00
1.027555110220440859e+01 -2.987735292681993116e+00 -2.875810693679397012e+00 -3.099659891684589219e+00
1.028456913827655228e+01 -3.075756415424575341e+00 -2.963705026559216638e+00 -3.187807804289934044e+00
1.029358717434869774e+01 -3.163948117981499664e+00 -3.051720843381594772e+00 -3.276175392581404555e+00
1.030260521042084143e+01 -3.252317393288977065e+00 -3.139864890413938348e+00 -3.364769896164015783e+00
1.031162324649298512e+01 -3.340869227928628948e+00 -3.228146474745034133e+00 -3.453591981112223763e+00
1.032064128256513058e+01 -3.429606142338725849e+00 -3.316577149494854382e+00 -3.542635135182597317e+00
1.032965931863727427e+01 -3.518527889912154816e+00 -3.405170202515392486e+00 -3.631885577308917146e+00
1.033867735470941795e+01 -3.607631321887871945e+00 -3.493939932145722072e+00 -3.721322711630021818e+00
1.034769539078156342e+01 -3.696910424942052575e+00 -3.582900693583947582e+00 -3.810920156300157569e+00
1.035671342685370711e+01 -3.786356538385682313e+00 -3.672065699439199804e+00 -3.900647377332164822e+00
1.036573146292585079e+01 -3.875958757875306748e+00 -3.761445558026851543e+00 -3.990471957723761953e+00
1.037474949899799626e+01 -3.965704532543155914e+00 -3.851046532969590874e+00 -4.080362532116720509e+00
1.038376753507013994e+01 -4.055580462453410640e+00 -3.940868507667588005e+00 -4.170292417239233274e+00
1.039278557114228363e+01 -4.145573303291288703e+00 -4.030902638200830168e+00 -4.260243968381747237e+00
1.040180360721442909e+01 -4.235671185191215216e+00 -4.121128678226357422e+00 -4.350213692156073009e+00
1.041082164328657278e+01 -4.325865052610796013e+00 -4.211511959433548391e+00 -4.440218145788043635e+00
1.041983967935871647e+01 -4.416150332157309677e+00 -4.302000011120594714e+00 -4.530300653194024640e+00
1.042885771543086193e+01 -4.506528835272959554e+00 -4.392518802454869586e+00 -4.620538868091049522e+00
1.043787575150300562e+01 -4.597009536299377253e+00 -4.483020906878167011e+00 -4.710998165720587494e+00
1.044689378757514930e+01 -4.687595121108292240e+00 -4.573627564116497624e+00 -4.801562678100086856e+00
1.045591182364729477e+01 -4.778283511611961742e+00 -4.664356736360871558e+00 -4.892210286863051927e+00
1.046492985971943845e+01 -4.869101773295076541e+00 -4.755233069202935425e+00 -4.982970477387217656e+00
1.047394789579158214e+01 -4.960104799213799431e+00 -4.846299559926501743e+00 -5.073910038501097119e+00
1.048296593186372760e+01 -5.051363817131184319e+00 -4.937606504797801499e+00 -5.165121129464567140e+00
1.049198396793587129e+01 -5.142893239259366922e+00 -5.029140072041808907e+00 -5.256646406476924938e+00
1.050100200400801498e+01 -5.234626606889970724e+00 -5.120838951401743167e+00 -5.348414262378198281e+00
1.051002004008016044e+01 -5.326537458413007187e+00 -5.212681265207517178e+00 -5.440393651618497195e+00
1.051903807615230413e+01 -5.418615852151722478e+00 -5.304649736715647990e+00 -5.532581967587796967e+00
1.052805611222444782e+01 -5.510857982417044276e+00 -5.396733823125490659e+00 -5.624982141708597894e+00
1.053707414829659328e+01 -5.603264525778309135e+00 -5.488929127628470184e+00 -5.717599923928148087e+00
1.054609218436873697e+01 -5.695836255153043481e+00 -5.581233922563397343e+00 -5.810438587742689620e+00
1.055511022044088065e+01 -5.788575340825672377e+00 -5.673651173318357444e+00 -5.903499508332987311e+00
1.056412825651302612e+01 -5.881485516290819504e+00 -5.766189211405474246e+00 -5.996781821176164762e+00
1.057314629258516980e+01 -5.974567224689915079e+00 -5.858857143007896617e+00 -6.090277306371933541e+00
1.058216432865731349e+01 -6.067821363215960773e+00 -5.951668580904450501e+00 -6.183974145527471045e+00
1.059118236472945895e+01 -6.161249363122395017e+00 -6.044641407938574851e+00 -6.277857318306215184e+00
1.060020040080160264e+01 -6.254853230365654326e+00 -6.137797167591719116e+00 -6.371909293139589536e+00
1.060921843687374633e+01 -6.348635544828670874e+00 -6.231160050139088469e+00 -6.466111039518253278e+00
1.061823647294589179e+01 -6.442599416072135377e+00 -6.324755442865206412e+00 -6.560443389279064341e+00
1.062725450901803548e+01 -6.536748393560768200e+00 -6.418608012817129449e+00 -6.654888774304406951e+00
1.063627254509017916e+01 -6.631086329311876248e+00 -6.512739290573248852e+00 -6.749433368050503645e+00
1.064529058116232463e+01 -6.725617190912995369e+00 -6.607164723505086101e+00 -6.844069658320904637e+00
1.065430861723446831e+01 -6.820344822855892275e+00 -6.701890167009989518e+00 -6.938799478701795032e+00
1.066332665330661200e+01 -6.915272654134164476e+00 -6.796907782192612046e+00 -7.033637526075716906e+00
1.067234468937875747e+01 -7.010403350051279681e+00 -6.892191308472590983e+00 -7.128615391629968379e+00
1.068136272545090115e+01 -7.105738406186281608e+00 -6.987690679596351373e+00 -7.223786132776211844e+00
1.069038076152304662e+01 -7.201277682464479746e+00 -7.083325951530911269e+00 -7.319229413398048223e+00
1.069939879759519030e+01 -7.297018875279764671e+00 -7.178980510716998609e+00 -7.415057239842530734e+00
1.070841683366733399e+01 -7.392952384051342030e+00 -7.274638574907083211e+00 -7.511266193195600849e+00
1.071743486973947945e+01 -7.489057463752491373e+00 -7.370452496632941219e+00 -7.607662430872041526e+00
1.072645290581162314e+01 -7.585324329006336797e+00 -7.466412034705299128e+00 -7.704236623307374465e+00
1.073547094188376683e+01 -7.681764366411069744e+00 -7.562529477866744898e+00 -7.800999254955394591e+00
1.074448897795591229e+01 -7.778370680693492467e+00 -7.658802967695967467e+00 -7.897938393691017467e+00
1.075350701402805598e+01 -7.875147469823925661e+00 -7.755245010719119314e+00 -7.995049928928732008e+00
1.076252505010019966e+01 -7.972092185640430095e+00 -7.851863793945350167e+00 -8.092320577335510023e+00
1.077154308617234513e+01 -8.069198890377988320e+00 -7.948665719873113211e+00 -8.189732060882864317e+00
1.078056112224448881e+01 -8.166460897647489503e+00 -8.045657255163025212e+00 -8.287264540131953794e+00
1.078957915831663250e+01 -8.263883005473640964e+00 -8.142856406237319433e+00 -8.384909604709962494e+00
1.079859719438877796e+01 -8.361538867791560747e+00 -8.240349373856624027e+00 -8.482728361726497468e+00
1.080761523046092165e+01 -8.459425378591159728e+00 -8.338144266514060376e+00 -8.580706490668259079e+00
1.081663326653306711e+01 -8.557532951097936547e+00 -8.436240760686272822e+00 -8.678825141509600272e+00
1.082565130260521080e+01 -8.655852693705000434e+00 -8.534636715307103216e+00 -8.777068672102897651e+00
1.083466933867735449e+01 -8.754378283447335818e+00 -8.633329546905882168e+00 -8.875427019988789468e+00
1.084368737474949995e+01 -8.853115078221470924e+00 -8.732324912264438410e+00 -8.973905244178503438e+00
1.085270541082164364e+01 -8.952070601384971127e+00 -8.831626837878161496e+00 -9.072514364891780758e+00
1.086172344689378733e+01 -9.051243518169853175e+00 -8.931226421306179830e+00 -9.171260615033526520e+00
1.087074148296593279e+01 -9.150615323904895959e+00 -9.031093330056553015e+00 -9.270137317753238904e+00
1.087975951903807648e+01 -9.250185597435647722e+00 -9.131210957046219434e+00 -9.369160237825076010e+00
1.088877755511022016e+01 -9.349954288354220822e+00 -9.231558706898713496e+00 -9.468349869809728148e+00
1.089779559118236563e+01 -9.449920909590929341e+00 -9.332111290282679050e+00 -9.567730528899179632e+00
1.090681362725450931e+01 -9.550084393527843218e+00 -9.432838790102133331e+00 -9.667329996953553106e+00
1.091583166332665300e+01 -9.650444070238917149e+00 -9.533707963794167739e+00 -9.767180176683666559e+00
1.092484969939879846e+01 -9.751015133753481834e+00 -9.634698153281700428e+00 -9.867332114225263240e+00
1.093386773547094215e+01 -9.851805131658249337e+00 -9.735778343547442759e+00 -9.967831919769055915e+00
1.094288577154308584e+01 -9.952816862978162149e+00 -9.836910760420346733e+00 -1.006872296553597756e+01
1.095190380761523130e+01 -1.005405553806550323e+01 -9.938083140716461372e+00 -1.017002793541454508e+01
1.096092184368737499e+01 -1.015553705552437691e+01 -1.003942041314184053e+01 -1.027165369790691329e+01
1.096993987975951867e+01 -1.025726107056833136e+01 -1.014094621801357476e+01 -1.037357592312308796e+01
1.097895791583166414e+01 -1.035922860758638819e+01 -1.024267923701839678e+01 -1.047577797815437961e+01
1.098797595190380783e+01 -1.046143985321292647e+01 -1.034465261026596927e+01 -1.057822709615988366e+01
1.099699398797595151e+01 -1.056389288043964036e+01 -1.044691478930248785e+01 -1.068087097157679288e+01
1.100601202404809698e+01 -1.066658407082955229e+01 -1.054953230783305074e+01 -1.078363583382605384e+01
1.101503006012024066e+01 -1.076950953140195111e+01 -1.065248504766067938e+01 -1.088653401514322283e+01
1.102404809619238435e+01 -1.087267285530657901e+01 -1.075566182276254956e+01 -1.098968388785060846e+01
1.103306613226452981e+01 -1.097607924145990310e+01 -1.085905986335784768e+01 -1.109309861956195853e+01
1.104208416833667350e+01 -1.107973433751165260e+01 -1.096268460996532035e+01 -1.119678406505798485e+01
1.105110220440881719e+01 -1.118363252621421466e+01 -1.106653682968257613e+01 -1.130072822274585320e+01
1.106012024048096265e+01 -1.128776672934334258e+01 -1.117062172986326019e+01 -1.140491172882342497e+01
1.106913827655310634e+01 -1.139212626224344405e+01 -1.127494593153443425e+01 -1.150930659295245384e+01
1.107815631262525002e+01 -1.149669818259996035e+01 -1.137951777982140911e+01 -1.161387858537851159e+01
1.108717434869739549e+01 -1.160147403930115573e+01 -1.148435293090704157e+01 -1.171859514769526989e+01
1.109619238476953917e+01 -1.170643591358866331e+01 -1.158945914138961619e+01 -1.182341268578771043e+01
1.110521042084168286e+01 -1.181155983358376282e+01 -1.169483837479095101e+01 -1.192828129237657464e+01
1.111422845691382832e+01 -1.191681600829093135e+01 -1.180048570498103011e+01 -1.203314631160083259e+01
1.112324649298597201e+01 -1.202219899986794793e+01 -1.190641816897313987e+01 -1.213797983076275600e+01
1.113226452905811570e+01 -1.212775659772846737e+01 -1.201270236632019994e+01 -1.224281082913673480e+01
1.114128256513026116e+01 -1.223349465187269658e+01 -1.211935809617254733e+01 -1.234763120757284582e+01
1.115030060120240485e+01 -1.233941464582503045e+01 -1.222639484604086668e+01 -1.245243444560919421e+01
1.115931863727454854e+01 -1.244552294185274199e+01 -1.233382009860299000e+01 -1.255722578510249399e+01
1.116833667334669400e+01 -1.255183044958001481e+01 -1.244163824133364571e+01 -1.266202265782638392e+01
1.117735470941883769e+01 -1.265835251963356889e+01 -1.254984991425806840e+01 -1.276685512500906938e+01
1.118637274549098137e+01 -1.276509310714848766e+01 -1.265843587432286199e+01 -1.287175033997411333e+01
1.119539078156312684e+01 -1.287203217463252614e+01 -1.276734437954706536e+01 -1.297671996971798691e+01
1.120440881763527052e+01 -1.297917386530645523e+01 -1.287653965773573717e+01 -1.308180807287717329e+01
1.121342685370741421e+01 -1.308649335309597461e+01 -1.298402203250218712e+01 -1.318896467368976211e+01
1.122244488977955967e+01 -1.319394150301991253e+01 -1.309102509759451038e+01 -1.329685790844531468e+01
1.123146292585170336e+01 -1.330151772058278326e+01 -1.319827382623191170e+01 -1.340476161493365481e+01
1.124048096192384705e+01 -1.340921761964373360e+01 -1.330577725269848344e+01 -1.351265798658898376e+01
1.124949899799599251e+01 -1.351703586508470778e+01 -1.341354134041234936e+01 -1.362053038975706620e+01
1.125851703406813620e+01 -1.362496523138609028e+01 -1.352156743337798162e+01 -1.372836302939419895e+01
1.126753507014027988e+01 -1.373299813412864978e+01 -1.362985312725944276e+01 -1.383614314099785680e+01
1.127655310621242535e+01 -1.384112769111717256e+01 -1.373839261506059195e+01 -1.394386276717375317e+01
1.128557114228456904e+01 -1.394937424856376040e+01 -1.384720244114086896e+01 -1.405154605598665185e+01
1.129458917835671272e+01 -1.405775566541770161e+01 -1.395629095494421890e+01 -1.415922037589118432e+01
1.130360721442885819e+01 -1.416628315091973001e+01 -1.406565325780958808e+01 -1.426691304402987193e+01
1.131262525050100187e+01 -1.427496999732414018e+01 -1.417527898309717038e+01 -1.437466101155110998e+01
1.132164328657314556e+01 -1.438383183719322389e+01 -1.428515153732541521e+01 -1.448251213706103258e+01
1.133066132264529102e+01 -1.449288462332646965e+01 -1.439524499867198593e+01 -1.459052424798095338e+01
1.133967935871743471e+01 -1.460206624012258025e+01 -1.450544457992729441e+01 -1.469868790031786610e+01
1.134869739478957840e+01 -1.471133215765165758e+01 -1.461564106546864039e+01 -1.480702324983467477e+01
1.135771543086172386e+01 -1.482067376440301487e+01 -1.472501715046620774e+01 -1.491633037833982200e+01
1.136673346693386755e+01 -1.493008951867940404e+01 -1.483428022506321220e+01 -1.502589881229559587e+01
1.137575150300601123e+01 -1.503959724694859723e+01 -1.494356378586178913e+01 -1.513563070803540533e+01
1.138476953907815670e+01 -1.514921434694933389e+01 -1.505289763855590301e+01 -1.524553105534276476e+01
1.139378757515030038e+01 -1.525892800298700891e+01 -1.516228028507696024e+01 -1.535557572089705758e+01
1.140280561122244407e+01 -1.536874457198092792e+01 -1.527172944750217098e+01 -1.546575969645968485e+01
1.141182364729458953e+01 -1.547867572630553745e+01 -1.538126933362128312e+01 -1.557608211898979178e+01
1.142084168336673322e+01 -1.558873469044934268e+01 -1.549092797771930208e+01 -1.568654140317938328e+01
1.142985971943887691e+01 -1.569889631646717731e+01 -1.560069839808474867e+01 -1.579709423484960595e+01
1.143887775551102237e+01 -1.580914132127159810e+01 -1.571058389082311813e+01 -1.590769875172007808e+01
1.144789579158316606e+01 -1.591943446678947893e+01 -1.582057723753545986e+01 -1.601829169604349801e+01
1.145691382765530975e+01 -1.602976441607558300e+01 -1.593070155648782382e+01 -1.612882727566334395e+01
1.146593186372745521e+01 -1.614011950383713412e+01 -1.604091714315059036e+01 -1.623932186452367787e+01
1.147494989979959890e+01 -1.625049034074891097e+01 -1.615112215632766279e+01 -1.634985852517015914e+01
1.148396793587174258e+01 -1.636087822942598535e+01 -1.626130656028615817e+01 -1.646044989856581253e+01
1.149298597194388805e+01 -1.647127521443238862e+01 -1.637145497430036656e+01 -1.657109545456441069e+01
1.150200400801603173e+01 -1.658167377479178839e+01 -1.648155568618880551e+01 -1.668179186339477127e+01
1.151102204408817542e+01 -1.669206705352431541e+01 -1.659160096855484312e+01 -1.679253313849378770e+01
1.152004008016032088e+01 -1.680244866612102328e+01 -1.670158689598823898e+01 -1.690331043625380758e+01
1.152905811623246457e+01 -1.691281229307861977e+01 -1.681151286509885168e+01 -1.701411172105838787e+01
1.153807615230460826e+01 -1.702314106438544883e+01 -1.692137082202216547e+01 -1.712491130674873219e+01
1.154709418837675372e+01 -1.713341871056057641e+01 -1.703115616874711691e+01 -1.723568125237403592e+01
1.155611222444889741e+01 -1.724363271736173076e+01 -1.714087058213063841e+01 -1.734639485259282310e+01
1.156513026052104109e+01 -1.735376945281047512e+01 -1.725051671099590678e+01 -1.745702219462504345e+01
1.157414829659318656e+01 -1.746381300991582819e+01 -1.736009649144417466e+01 -1.756752952838748172e+01
1.158316633266533024e+01 -1.757374117101281286e+01 -1.746960648304535724e+01 -1.767787585898026848e+01
1.159218436873747393e+01 -1.768353192617401959e+01 -1.757904365511397771e+01 -1.778802019723406147e+01
1.160120240480961940e+01 -1.779316078140363544e+01 -1.768840185552874189e+01 -1.789791970727852899e+01
1.161022044088176308e+01 -1.790259980315177657e+01 -1.779766990538205107e+01 -1.800752970092150207e+01
1.161923847695390677e+01 -1.801181722407445207e+01 -1.790683014113357885e+01 -1.811680430701532529e+01
1.162825651302605223e+01 -1.812077775873931174e+01 -1.801585754971657138e+01 -1.822569796776205209e+01
1.163727454909819592e+01 -1.822948741975351084e+01 -1.812476328382197366e+01 -1.833421155568504801e+01
1.164629258517033961e+01 -1.833794872754147320e+01 -1.823354844733670532e+01 -1.844234900774624109e+01
1.165531062124248507e+01 -1.844614258693358622e+01 -1.834169351745431342e+01 -1.855059165641285901e+01
1.166432865731462876e+01 -1.855404923142312512e+01 -1.844953925180963239e+01 -1.865855921103661785e+01
1.167334669338677244e+01 -1.866164025330084186e+01 -1.855711479480146409e+01 -1.876616571180021964e+01
1.168236472945891791e+01 -1.876888284266210860e+01 -1.866434340215849019e+01 -1.887342228316572701e+01
1.169138276553106159e+01 -1.887574720618080448e+01 -1.877113611884418276e+01 -1.898035829351742620e+01
1.170040080160320528e+01 -1.898220761284579083e+01 -1.887739062332050111e+01 -1.908702460237108056e+01
1.170941883767535074e+01 -1.908825133399938778e+01 -1.898308732647845076e+01 -1.919341534152032480e+01
1.171843687374749443e+01 -1.919384475576026006e+01 -1.908835451941537897e+01 -1.929933499210514114e+01
1.172745490981963812e+01 -1.929895636756440780e+01 -1.919317088881352262e+01 -1.940474184631529297e+01
1.173647294589178358e+01 -1.940355405264382682e+01 -1.929750751714634305e+01 -1.950960058814131060e+01
1.174549098196392727e+01 -1.950760426406539239e+01 -1.940133531345766116e+01 -1.961387321467312361e+01
1.175450901803607096e+01 -1.961107203667459942e+01 -1.950462505237177879e+01 -1.971751902097742004e+01
1.176352705410821642e+01 -1.971392101011635134e+01 -1.960734737099400959e+01 -1.982049464923869309e+01
1.177254509018036011e+01 -1.981611383366252710e+01 -1.970947309948420667e+01 -1.992275456784084753e+01
1.178156312625250557e+01 -1.991761298621422327e+01 -1.981097396372405228e+01 -2.002425200870439426e+01
1.179058116232464926e+01 -2.001842111808661784e+01 -1.991186277173897778e+01 -2.012497946443425789e+01
1.179959919839679294e+01 -2.011850720809247406e+01 -2.001211938244355792e+01 -2.022489503374139019e+01
1.180861723446893841e+01 -2.021778999660996945e+01 -2.011167392244901464e+01 -2.032390607077092426e+01
1.181763527054108209e+01 -2.031624341352469543e+01 -2.021051197487545892e+01 -2.042197485217393194e+01
1.182665330661322578e+01 -2.041383226955646890e+01 -2.030861001373250119e+01 -2.051905452538043662e+01
1.183567134268537124e+01 -2.051052220579678931e+01 -2.040594508374687166e+01 -2.061509932784670696e+01
1.184468937875751493e+01 -2.060627862298800039e+01 -2.050249345222100672e+01 -2.071006379375499407e+01
1.185370741482965862e+01 -2.070105535257610896e+01 -2.059821900000746453e+01 -2.080389170514475339e+01
1.186272545090180408e+01 -2.079481472914858387e+01 -2.069309301626329756e+01 -2.089653644203387017e+01
1.187174348697394777e+01 -2.088752717451290764e+01 -2.078709351229317193e+01 -2.098796083673264334e+01
1.188076152304609145e+01 -2.097915703080703054e+01 -2.088019079692507773e+01 -2.107812326468898334e+01
1.188977955911823692e+01 -2.106967249143178833e+01 -2.097235716726174815e+01 -2.116698781560182852e+01
1.189879759519038060e+01 -2.115904485071137486e+01 -2.106356594076666866e+01 -2.125452376065608107e+01
1.190781563126252607e+01 -2.124722337498787539e+01 -2.115376613644354009e+01 -2.134068061353221069e+01
1.191683366733466976e+01 -2.133414079688599330e+01 -2.124288781189830289e+01 -2.142539378187368371e+01
1.192585170340681344e+01 -2.141975268352301498e+01 -2.133088131211154703e+01 -2.150862405493448293e+01
1.193486973947895891e+01 -2.150401445769615805e+01 -2.141769421400642415e+01 -2.159033470138589195e+01
1.194388777555110259e+01 -2.158688127318373517e+01 -2.150327117300127000e+01 -2.167049137336620035e+01
1.195290581162324628e+01 -2.166830829371663825e+01 -2.158720980564290315e+01 -2.174940678179037334e+01
1.196192384769539174e+01 -2.174825097437622290e+01 -2.166924519424023643e+01 -2.182725675451220937e+01
1.197094188376753543e+01 -2.182666534464831898e+01 -2.174989193425525968e+01 -2.190343875504137827e+01
1.197995991983967912e+01 -2.190350829236320962e+01 -2.182578649426658401e+01 -2.198123009045983522e+01
1.198897795591182458e+01 -2.197873784775116235e+01 -2.189972757782834734e+01 -2.205774811767397736e+01
1.199799599198396827e+01 -2.205231346684310978e+01 -2.197012793237705708e+01 -2.213449900130916248e+01
1.200701402805611195e+01 -2.212419631344659265e+01 -2.203815543210373917e+01 -2.221023719478944614e+01
1.201603206412825742e+01 -2.219434452801286284e+01 -2.210421853067086317e+01 -2.228447052535486250e+01
1.202505010020040110e+01 -2.226271035485636673e+01 -2.216826929208856711e+01 -2.235715141762416636e+01
1.203406813627254479e+01 -2.232925997623871694e+01 -2.223027591813411874e+01 -2.242824403434331515e+01
1.204308617234469025e+01 -2.239396001466934294e+01 -2.229020930040820758e+01 -2.249771072893047830e+01
1.205210420841683394e+01 -2.245678364211020650e+01 -2.234804914455901326e+01 -2.256551813966139974e+01
1.206112224448897763e+01 -2.251770624447816616e+01 -2.240377961528437467e+01 -2.263163287367195764e+01
1.207014028056112309e+01 -2.257670613894375933e+01 -2.245738999982719619e+01 -2.269602227806032246e+01
1.207915831663326678e+01 -2.263376191291919781e+01 -2.250887195907350957e+01 -2.275865186676488605e+01
1.208817635270541047e+01 -2.268885809489956884e+01 -2.255822507663366849e+01 -2.281949111316546919e+01
1.209719438877755593e+01 -2.274198596289259555e+01 -2.260496879731737963e+01 -2.287900312846781148e+01
1.210621242484969962e+01 -2.279313365011591941e+01 -2.264761262089190197e+01 -2.293865467933993685e+01
1.211523046092184330e+01 -2.284229304442438035e+01 -2.268798691804691714e+01 -2.299659917080184357e+01
1.212424849699398877e+01 -2.288946449078595435e+01 -2.272611361083535186e+01 -2.305281537073655684e+01
1.213326653306613245e+01 -2.293465728426357941e+01 -2.276202497157210658e+01 -2.310728959695505225e+01
1.214228456913827614e+01 -2.297786574196740617e+01 -2.279573953283645693e+01 -2.315999195109835540e+01
1.215130260521042160e+01 -2.301909806692972538e+01 -2.282729078904556985e+01 -2.321090534481388090e+01
1.216032064128256529e+01 -2.305837096201389613e+01 -2.285672164811082752e+01 -2.326002027591696475e+01
1.216933867735470898e+01 -2.309570609496275750e+01 -2.288408073468255566e+01 -2.330733145524295935e+01
1.217835671342685444e+01 -2.313112992876236618e+01 -2.290858892230083299e+01 -2.335367093522389936e+01
1.218737474949899813e+01 -2.316467353858671530e+01 -2.293032823057281533e+01 -2.339901884660061526e+01
1.219639278557114181e+01 -2.319637267458040952e+01 -2.295027190070505085e+01 -2.344247344845576819e+01
1.220541082164328728e+01 -2.322627105198588282e+01 -2.296850587143267930e+01 -2.348403623253908634e+01
1.221442885771543096e+01 -2.325441520290842945e+01 -2.298492987284265610e+01 -2.352390053297420280e+01
1.222344689378757465e+01 -2.328085882458941214e+01 -2.299979634875833057e+01 -2.356192130042049371e+01
1.223246492985972012e+01 -2.330566020222914858e+01 -2.301322780756712660e+01 -2.359809259689117056e+01
1.224148296593186380e+01 -2.332887967020059961e+01 -2.302532716704952875e+01 -2.363243217335167046e+01
1.225050100200400749e+01 -2.335058021563714448e+01 -2.303619848101795498e+01 -2.366496195025633398e+01
1.225951903807615295e+01 -2.337082715426955559e+01 -2.304532610484650235e+01 -2.369632820369260884e+01
1.226853707414829664e+01 -2.338968778622014355e+01 -2.305331663800711439e+01 -2.372605893443317271e+01
1.227755511022044033e+01 -2.340722694602627030e+01 -2.306030478347187440e+01 -2.375414910858066619e+01
1.228657314629258579e+01 -2.342349912521012811e+01 -2.306637892985543203e+01 -2.378061932056482419e+01
1.229559118236472948e+01 -2.343856904819243425e+01 -2.307163609575206209e+01 -2.380550200063280641e+01
1.230460921843687316e+01 -2.345250174199946258e+01 -2.307617183992136134e+01 -2.382883164407756382e+01
1.231362725450901863e+01 -2.346536106061484617e+01 -2.308007864738337034e+01 -2.385064347384632200e+01
1.232264529058116231e+01 -2.347720922461033410e+01 -2.308344535419331223e+01 -2.387097309502735598e+01
1.233166332665330600e+01 -2.348810817010265595e+01 -2.308635840707921005e+01 -2.388985793312610184e+01
1.234068136272545146e+01 -2.349812184628168765e+01 -2.308888501083459843e+01 -2.390735868172877687e+01
1.234969939879759515e+01 -2.350731733099873111e+01 -2.309106493866876519e+01 -2.392356972332869702e+01
1.235871743486973884e+01 -2.351575275984687607e+01 -2.309294745424713113e+01 -2.393855806544662101e+01
1.236773547094188430e+01 -2.352348802201663602e+01 -2.309458307409767741e+01 -2.395239296993559464e+01
1.237675350701402799e+01 -2.353058644798586130e+01 -2.309602470514307271e+01 -2.396514819082864989e+01
1.238577154308617168e+01 -2.353710110521841870e+01 -2.309731380161966641e+01 -2.397688840881717098e+01
1.239478957915831714e+01 -2.354308130863622139e+01 -2.309848676448680038e+01 -2.398767585278564241e+01
1.240380761523046083e+01 -2.354855594840176991e+01 -2.309955818759893731e+01 -2.399755370920460251e+01
1.241282565130260451e+01 -2.355354611890652095e+01 -2.310053343627157219e+01 -2.400655880154146971e+01
1.242184368737474998e+01 -2.355808276421162617e+01 -2.310133913872984124e+01 -2.401482638969341110e+01
1.243086172344689366e+01 -2.356220433152856231e+01 -2.310204958147851073e+01 -2.402235908157861388e+01
1.243987975951903735e+01 -2.356595307394084671e+01 -2.310274354107163575e+01 -2.402916260681005767e+01
1.244889779559118281e+01 -2.356935853794672653e+01 -2.310342804472564637e+01 -2.403528903116780668e+01
1.245791583166332650e+01 -2.357246010190623764e+01 -2.310411814897972249e+01 -2.404080205483275279e+01
1.246693386773547019e+01 -2.357528856996867717e+01 -2.310481883963500138e+01 -2.404575830030235295e+01
1.247595190380761565e+01 -2.357786887768885720e+01 -2.310552808130368874e+01 -2.405020967407402566e+01
1.248496993987975934e+01 -2.358022373368249447e+01 -2.310624084216228979e+01 -2.405420662520269914e+01
1.249398797595190302e+01 -2.358237377725787098e+01 -2.310694967508982245e+01 -2.405779787942591952e+01
1.250300601202404849e+01 -2.358433768368559669e+01 -2.310764528809676932e+01 -2.406103007927442405e+01
1.251202404809619217e+01 -2.358613227626731756e+01 -2.310831716444934614e+01 -2.406394738808528899e+01
1.252104208416833586e+01 -2.358777264536856322e+01 -2.310895423389812109e+01 -2.406659105683900535e+01
1.253006012024048133e+01 -2.358927227458078946e+01 -2.310954559641984929e+01 -2.406899895274172962e+01
1.253907815631262501e+01 -2.359064317417769274e+01 -2.311008129988142201e+01 -2.407120504847396347e+01
1.254809619238476870e+01 -2.359189602203097280e+01 -2.311055317303494405e+01 -2.407323887102700155e+01
1.255711422845691416e+01 -2.359304054473499690e+01 -2.311095594783711960e+01 -2.407512514163287420e+01
1.256613226452905785e+01 -2.359408744266975333e+01 -2.311128997606627067e+01 -2.407688490927323599e+01
1.257515030060120154e+01 -2.359504654738460161e+01 -2.311156022986320124e+01 -2.407853286490600198e+01
1.258416833667334700e+01 -2.359592557533044399e+01 -2.311177595146743613e+01 -2.408007519919345185e+01
1.259318637274549069e+01 -2.359673165044112153e+01 -2.311195347840168779e+01 -2.408150982248055527e+01
1.260220440881763437e+01 -2.359747318602081734e+01 -2.311211163189550888e+01 -2.408283474014612580e+01
1.261122244488977984e+01 -2.359815553892667950e+01 -2.311225252004307862e+01 -2.408405855781028038e+01
1.262024048096192352e+01 -2.359878250489781948e+01 -2.311237591434121086e+01 -2.408518909545442810e+01
1.262925851703406721e+01 -2.359935740134522320e+01 -2.311248205765863162e+01 -2.408623274503181477e+01
1.263827655310621267e+01 -2.359988294438399237e+01 -2.311257146407660201e+01 -2.408719442469138272e+01
1.264729458917835636e+01 -2.360036140287493822e+01 -2.311264498163441061e+01 -2.408807782411546583e+01
1.265631262525050005e+01 -2.360079471931210904e+01 -2.311270380731629359e+01 -2.408888563130792448e+01
1.266533066132264551e+01 -2.360118460900917725e+01 -2.311274946523296236e+01 -2.408961975278539214e+01
1.267434869739478920e+01 -2.360153266085285395e+01 -2.311278377076579460e+01 -2.409028155093991330e+01
1.268336673346693289e+01 -2.360184043962087586e+01 -2.311280878017150187e+01 -2.409087209907024985e+01
1.269238476953907835e+01 -2.360210965937040939e+01 -2.311282679465309897e+01 -2.409139252408771981e+01
1.270140280561122204e+01 -2.360234214939715258e+01 -2.311284013989755337e+01 -2.409184415889675179e+01
1.271042084168336572e+01 -2.360254186924073849e+01 -2.311285297705587283e+01 -2.409223076142560416e+01
1.271943887775551119e+01 -2.360271617615378048e+01 -2.311287234808295921e+01 -2.409256000422460176e+01
1.272845691382765487e+01 -2.360286979589742984e+01 -2.311290190580029957e+01 -2.409283768599456010e+01
1.273747494989979856e+01 -2.360300515662805054e+01 -2.311294198794604426e+01 -2.409306832531005682e+01
1.274649298597194402e+01 -2.360312231054788512e+01 -2.311298925938562121e+01 -2.409325536171014903e+01
1.275551102204408771e+01 -2.360322420848573799e+01 -2.311304168714877605e+01 -2.409340672982269993e+01
1.276452905811623317e+01 -2.360331293700900446e+01 -2.311309445739468416e+01 -2.409353141662332476e+01
1.277354709418837686e+01 -2.360338944597227240e+01 -2.311313936171026029e+01 -2.409363953023428451e+01
1.278256513026052055e+01 -2.360345446904239708e+01 -2.311316535478177059e+01 -2.409374358330302357e+01
1.279158316633266601e+01 -2.360351205980476763e+01 -2.311311342636523136e+01 -2.409391069324430390e+01
1.280060120240480970e+01 -2.360356527045435371e+01 -2.311292709049451233e+01 -2.409420345041419509e+01
1.280961923847695338e+01 -2.360361633025373962e+01 -2.311273363580198748e+01 -2.409449902470549176e+01
1.281863727454909885e+01 -2.360366812760269184e+01 -2.311253592153335390e+01 -2.409480033367202978e+01
1.282765531062124253e+01 -2.360372199677165383e+01 -2.311233535732653976e+01 -2.409510863621676791e+01
1.283667334669338622e+01 -2.360377796465054701e+01 -2.311213213935283406e+01 -2.409542378994825995e+01
1.284569138276553169e+01 -2.360383663270748400e+01 -2.311192712214038991e+01 -2.409574614327457809e+01
1.285470941883767537e+01 -2.360389235428773702e+01 -2.311171498620225861e+01 -2.409606972237321543e+01
1.286372745490981906e+01 -2.360394457676659385e+01 -2.311149557097435547e+01 -2.409639358255883224e+01
1.287274549098196452e+01 -2.360399390894400895e+01 -2.311126993344305447e+01 -2.409671788444496343e+01
1.288176352705410821e+01 -2.360404090778180475e+01 -2.311103912655494597e+01 -2.409704268900866353e+01
1.289078156312625190e+01 -2.360408606864305980e+01 -2.311080418156022276e+01 -2.409736795572589685e+01
1.289979959919839736e+01 -2.360412983704372891e+01 -2.311056611229146185e+01 -2.409769356179599598e+01
1.290881763527054105e+01 -2.360417267987745049e+01 -2.311032597933060018e+01 -2.409801938042430081e+01
1.291783567134268473e+01 -2.360421489135170603e+01 -2.311008468929404813e+01 -2.409834509340936393e+01
1.292685370741483020e+01 -2.360425664046658412e+01 -2.310984303605892265e+01 -2.409867024487424558e+01
1.293587174348697388e+01 -2.360429796757441068e+01 -2.310960169146055776e+01 -2.409899424368826359e+01
1.294488977955911757e+01 -2.360433876530331432e+01 -2.310936118073603751e+01 -2.409931634987059113e+01
1.295390781563126303e+01 -2.360437870718494935e+01 -2.310912180604583099e+01 -2.409963560832406770e+01
1.296292585170340672e+01 -2.360441721817469585e+01 -2.310888361225362786e+01 -2.409995082409576383e+01
1.297194388777555041e+01 -2.360445380059120168e+01 -2.310864670848298630e+01 -2.410026089269941707e+01
1.298096192384769587e+01 -2.360448789726234153e+01 -2.310841112722971502e+01 -2.410056466729496805e+01
1.298997995991983956e+01 -2.360451889367117673e+01 -2.310817682281530949e+01 -2.410086096452704396e+01
1.299899799599198325e+01 -2.360454737150841709e+01 -2.310794492157976165e+01 -2.410114982143707252e+01
1.300801603206412871e+01 -2.360457436599776671e+01 -2.310771697617190412e+01 -2.410143175582362929e+01
1.301703406813627240e+01 -2.360460159213431197e+01 -2.310749518906924038e+01 -2.410170799519938356e+01
1.302605210420841608e+01 -2.360462953070107517e+01 -2.310728049618413493e+01 -2.410197856521801540e+01
1.303507014028056155e+01 -2.360465845484671377e+01 -2.310707359133122196e+01 -2.410224331836220557e+01
1.304408817635270523e+01 -2.360468847563613792e+01 -2.310687496995945978e+01 -2.410250198131281607e+01
1.305310621242484892e+01 -2.360471965370713576e+01 -2.310668503927384165e+01 -2.410275426814042987e+01
1.306212424849699438e+01 -2.360475208551957849e+01 -2.310650420322502185e+01 -2.410299996781413512e+01
1.307114228456913807e+01 -2.360478577818238932e+01 -2.310633273634390150e+01 -2.410323882002087714e+01
1.308016032064128176e+01 -2.360482086068281404e+01 -2.310617099423743426e+01 -2.410347072712819383e+01
1.308917835671342722e+01 -2.360485768415661312e+01 -2.310601951337611482e+01 -2.410369585493711142e+01
1.309819639278557091e+01 -2.360489630649396986e+01 -2.310587849545970940e+01 -2.410391411752823032e+01
1.310721442885771459e+01 -2.360493672520768627e+01 -2.310574804027956830e+01 -2.410412541013580423e+01
1.311623246492986006e+01 -2.360497889531822935e+01 -2.310562816382390494e+01 -2.410432962681255376e+01
1.312525050100200374e+01 -2.360502268787400126e+01 -2.310551875723619375e+01 -2.410452661851180878e+01
1.313426853707414921e+01 -2.360506798656069805e+01 -2.310541968407232005e+01 -2.410471628904907604e+01
1.314328657314629289e+01 -2.360511458622623593e+01 -2.310533067967476129e+01 -2.410489849277771057e+01
1.315230460921843658e+01 -2.360516211844812418e+01 -2.310525127778248233e+01 -2.410507295911376602e+01
1.316132264529058205e+01 -2.360521019742400028e+01 -2.310518095764901148e+01 -2.410523943719898909e+01
1.317034068136272573e+01 -2.360525837652387082e+01 -2.310511910199905117e+01 -2.410539765104869048e+01
1.317935871743486942e+01 -2.360530600368544896e+01 -2.310506485399683640e+01 -2.410554715337406151e+01
1.318837675350701488e+01 -2.360535232694407171e+01 -2.310501722450941386e+01 -2.410568742937872955e+01
1.319739478957915857e+01 -2.360539653464343601e+01 -2.310497513420298787e+01 -2.410581793508388415e+01
1.320641282565130226e+01 -2.360543763991456245e+01 -2.310493730005141444e+01 -2.410593797977771047e+01
1.321543086172344772e+01 -2.360547469330171566e+01 -2.310490245012748289e+01 -2.410604693647594843e+01
1.322444889779559141e+01 -2.360550934322317573e+01 -2.310487188635654121e+01 -2.410614680008981026e+01
1.323346693386773509e+01 -2.360554156677713067e+01 -2.310484521773460997e+01 -2.410623791581965136e+01
1.324248496993988056e+01 -2.360557057185839724e+01 -2.310482126496845723e+01 -2.410631987874833726e+01
1.325150300601202424e+01 -2.360559547012154269e+01 -2.310479873606497492e+01 -2.410639220417811046e+01
1.326052104208416793e+01 -2.360561522119485289e+01 -2.310477617326610655e+01 -2.410645426912359923e+01
1.326953907815631339e+01 -2.360562959064531441e+01 -2.310475291382130081e+01 -2.410650626746932801e+01
1.327855711422845708e+01 -2.360564014294874369e+01 -2.310473008584335020e+01 -2.410655020005413718e+01
1.328757515030060077e+01 -2.360564680971411633e+01 -2.310470717948853903e+01 -2.410658643993969363e+01
1.329659318637274623e+01 -2.360564898770931208e+01 -2.310468314800001366e+01 -2.410661482741861050e+01
1.330561122244488992e+01 -2.360564802111682781e+01 -2.310465889303482712e+01 -2.410663714919882850e+01
1.331462925851703361e+01 -2.360564684429683524e+01 -2.310463691054367530e+01 -2.410665677804999518e+01
1.332364729458917907e+01 -2.360564557993341595e+01 -2.310461689207108904e+01 -2.410667426779574285e+01
1.333266533066132276e+01 -2.360564433831330433e+01 -2.310459852721712792e+01 -2.410669014940948074e+01
1.334168336673346644e+01 -2.360564324738682984e+01 -2.310458153690201755e+01 -2.410670495787164214e+01
1.335070140280561191e+01 -2.360564243217567792e+01 -2.310456565599026746e+01 -2.410671920836108839e+01
1.335971943887775559e+01 -2.360564188395058238e+01 -2.310455050568900148e+01 -2.410673326221216328e+01
1.336873747494989928e+01 -2.360564137571222432e+01 -2.310453551224570745e+01 -2.410674723917874118e+01
1.337775551102204474e+01 -2.360564088539408445e+01 -2.310452033335585398e+01 -2.410676143743231492e+01
1.338677354709418843e+01 -2.360564048410295612e+01 -2.310450474958790679e+01 -2.410677621861800546e+01
1.339579158316633212e+01 -2.360564025446422320e+01 -2.310448858588461718e+01 -2.410679192304382923e+01
1.340480961923847758e+01 -2.360564027469489545e+01 -2.310447169875540752e+01 -2.410680885063438339e+01
1.341382765531062127e+01 -2.360564063740442364e+01 -2.310445399815155909e+01 -2.410682727665728819e+01
1.342284569138276495e+01 -2.360564146171401489e+01 -2.310443546260685466e+01 -2.410684746082117513e+01
1.343186372745491042e+01 -2.360564286298231451e+01 -2.310441611192321076e+01 -2.410686961404141826e+01
1.344088176352705410e+01 -2.360564482274888931e+01 -2.310439588000456723e+01 -2.410689376549321139e+01
1.344989979959919779e+01 -2.360564743592352244e+01 -2.310437486485885827e+01 -2.410692000698818660e+01
1.345891783567134325e+01 -2.360565079123031751e+01 -2.310435321176879597e+01 -2.410694837069183905e+01
1.346793587174348694e+01 -2.360565472469266979e+01 -2.310433086940934544e+01 -2.410697857997599414e+01
1.347695390781563063e+01 -2.360565903590381964e+01 -2.310430780864840017e+01 -2.410701026315923912e+01
1.348597194388777609e+01 -2.360566357417303607e+01 -2.310428400072758492e+01 -2.410704314761848721e+01
1.349498997995991978e+01 -2.360566830389060655e+01 -2.310425915557220833e+01 -2.410707745220900478e+01
1.350400801603206347e+01 -2.360567320336750186e+01 -2.310423338827057194e+01 -2.410711301846443178e+01
1.351302605210420893e+01 -2.360567825009940179e+01 -2.310420690967868751e+01 -2.410714959052011608e+01
1.352204408817635262e+01 -2.360568341884745180e+01 -2.310417997213770036e+01 -2.410718686555720325e+01
1.353106212424849630e+01 -2.360568867861884002e+01 -2.310415286612176899e+01 -2.410722449111591104e+01
1.354008016032064177e+01 -2.360569399815666713e+01 -2.310412592513361574e+01 -2.410726207117971853e+01
1.354909819639278545e+01 -2.360569934428955463e+01 -2.310409952318771687e+01 -2.410729916539139239e+01
1.355811623246492914e+01 -2.360570468397441246e+01 -2.310407407570396643e+01 -2.410733529224485849e+01
1.356713426853707460e+01 -2.360570998515108698e+01 -2.310405003892007159e+01 -2.410736993138210238e+01
1.357615230460921829e+01 -2.360571521134627204e+01 -2.310402790274949325e+01 -2.410740251994305083e+01
1.358517034068136198e+01 -2.360572032221688943e+01 -2.310400818926465760e+01 -2.410743245516912125e+01
1.359418837675350744e+01 -2.360572528355163158e+01 -2.310399146031357986e+01 -2.410745910678968329e+01
1.360320641282565113e+01 -2.360573006515648942e+01 -2.310397831268520008e+01 -2.410748181762777875e+01
1.361222444889779482e+01 -2.360573463984339426e+01 -2.310396937403205087e+01 -2.410749990565473766e+01
1.362124248496994028e+01 -2.360573898284228278e+01 -2.310396529886004302e+01 -2.410751266682452254e+01
1.363026052104208397e+01 -2.360574306328441807e+01 -2.310396675622266471e+01 -2.410751937034617143e+01
1.363927855711422765e+01 -2.360574685896688862e+01 -2.310397444031901060e+01 -2.410751927761476665e+01
1.364829659318637312e+01 -2.360575018707100980e+01 -2.310398889665783173e+01 -2.410751147748418788e+01
1.365731462925851680e+01 -2.360575278635876373e+01 -2.310401059930121548e+01 -2.410749497341631198e+01
1.366633266533066049e+01 -2.360575456231702418e+01 -2.310404019064714731e+01 -2.410746893398690105e+01
1.367535070140280595e+01 -2.360575538238796867e+01 -2.310407827087877664e+01 -2.410743249389716070e+01
1.368436873747494964e+01 -2.360575515818876013e+01 -2.310412547397302774e+01 -2.410738484240449253e+01
1.369338677354709333e+01 -2.360575380606035978e+01 -2.310418242159781244e+01 -2.410732519052290712e+01
1.370240480961923879e+01 -2.360575124464302732e+01 -2.310424971358493806e+01 -2.410725277570111658e+01
1.371142284569138248e+01 -2.360574738787516225e+01 -2.310432791336479497e+01 -2.410716686238552953e+01
1.372044088176352616e+01 -2.360574214287733952e+01 -2.310441753781421426e+01 -2.410706674794046478e+01
1.372945891783567163e+01 -2.360573543392706952e+01 -2.310451907271243144e+01 -2.410695179514170761e+01
1.373847695390781531e+01 -2.360572719084741422e+01 -2.310463295211781087e+01 -2.410682142957701757e+01
1.374749498997995900e+01 -2.360571734955589918e+01 -2.310475954940125476e+01 -2.410667514971054359e+01
1.375651302605210446e+01 -2.360570585308806102e+01 -2.310489916824006684e+01 -2.410651253793605520e+01
1.376553106212424815e+01 -2.360569272847248712e+01 -2.310505210893866490e+01 -2.410633334800630934e+01
1.377454909819639362e+01 -2.360567835743521670e+01 -2.310521892804343125e+01 -2.410613778682700215e+01
1.378356713426853730e+01 -2.360566278188134248e+01 -2.310539973218906340e+01 -2.410592583157362156e+01
1.379258517034068099e+01 -2.360564600727974138e+01 -2.310559446929179117e+01 -2.410569754526769159e+01
1.380160320641282645e+01 -2.360562804171473772e+01 -2.310580295484279389e+01 -2.410545312858668154e+01
1.381062124248497014e+01 -2.360560891601879518e+01 -2.310602487870531263e+01 -2.410519295333227774e+01
1.381963927855711383e+01 -2.360558867310611930e+01 -2.310625978052491547e+01 -2.410491756568732313e+01
1.382865731462925929e+01 -2.360556736450056547e+01 -2.310650703173569553e+01 -2.410462769726543542e+01
1.383767535070140298e+01 -2.360554506234933569e+01 -2.310676583244340065e+01 -2.410432429225527073e+01
1.384669338677354666e+01 -2.360552185689831717e+01 -2.310703519315086751e+01 -2.410400852064576682e+01
1.385571142284569213e+01 -2.360549785684186830e+01 -2.310731391872795726e+01 -2.410368179495577934e+01
1.386472945891783581e+01 -2.360547319046794357e+01 -2.310760059253642140e+01 -2.410334578839946573e+01
1.387374749498997950e+01 -2.360544800750514582e+01 -2.310789356060575983e+01 -2.410300245440453182e+01
1.388276553106212496e+01 -2.360542245924559879e+01 -2.310819089342341215e+01 -2.410265402506778543e+01
1.389178356713426865e+01 -2.360539671565435427e+01 -2.310849038403949862e+01 -2.410230304726920991e+01
1.390080160320641234e+01 -2.360537098951902379e+01 -2.310878955252928435e+01 -2.410195242650876324e+01
1.390981963927855780e+01 -2.360534552146987508e+01 -2.310908561063303068e+01 -2.410160543230671948e+01
1.391883767535070149e+01 -2.360532058058541693e+01 -2.310937544127782672e+01 -2.410126571989300714e+01
1.392785571142284518e+01 -2.360529646614709520e+01 -2.310965557853441155e+01 -2.410093735375977886e+01
1.393687374749499064e+01 -2.360527350945337943e+01 -2.310992218690878275e+01 -2.410062483199797612e+01
1.394589178356713433e+01 -2.360525207569422079e+01 -2.311017103995909139e+01 -2.410033311142935020e+01
1.395490981963927801e+01 -2.360523256588659535e+01 -2.311039749822788991e+01 -2.410006763354530079e+01
1.396392785571142348e+01 -2.360521541881460550e+01 -2.311059648642284969e+01 -2.409983435120636130e+01
1.397294589178356716e+01 -2.360520111252752073e+01 -2.311076246938866063e+01 -2.409963975566638084e+01
1.398196392785571085e+01 -2.360519016719447905e+01 -2.311088942865841034e+01 -2.409949090573054775e+01
1.399098196392785631e+01 -2.360518314738582291e+01 -2.311097083764382631e+01 -2.409939545712781950e+01
1.400000000000000000e+01 -2.360518066414130089e+01 -2.311099963581413519e+01 -2.409936169246846660e+01
