# # logMh LcMh -err(LcMh) +err(LcMh)
9.500000000000000000e+00 3.236569798544104426e+00 3.850692601199865894e+00 2.622446995888342958e+00
9.507680692045413551e+00 3.170220461383683297e+00 3.783594792901183723e+00 2.556846129866182871e+00
9.515361384090827102e+00 3.103861032251795660e+00 3.716392739279465118e+00 2.491329325224126201e+00
9.523042076136240652e+00 3.037489099864509878e+00 3.649131437169180092e+00 2.425846762559839664e+00
9.530722768181654203e+00 2.971085960205760657e+00 3.581818212523876443e+00 2.360353707887644870e+00
9.538403460227067754e+00 2.904667139897279426e+00 3.514543035179410246e+00 2.294791244615148607e+00
9.546084152272481305e+00 2.838262045452975890e+00 3.447414530970548618e+00 2.229109559935403162e+00
9.553764844317894855e+00 2.771758111137768044e+00 3.380145088814733523e+00 2.163371133460802564e+00
9.561445536363308406e+00 2.705285274719492872e+00 3.312600389542717849e+00 2.097970159896267894e+00
9.569126228408721957e+00 2.638745728712748928e+00 3.245092027964390002e+00 2.032399429461107854e+00
9.576806920454135508e+00 2.572228329204609309e+00 3.177634914036922886e+00 1.966821744372295955e+00
9.584487612499549058e+00 2.505739727251157678e+00 3.110244248514568710e+00 1.901235205987746424e+00
9.592168304544960833e+00 2.439174097929075025e+00 3.042763229319515261e+00 1.835584966538634788e+00
9.599848996590374384e+00 2.372389310671457974e+00 2.974887019422547851e+00 1.769891601920367874e+00
9.607529688635787934e+00 2.305705099039822237e+00 2.907246734691158352e+00 1.704163463388485900e+00
9.615210380681201485e+00 2.238909809544463947e+00 2.839568956184145510e+00 1.638250662904782384e+00
9.622891072726615036e+00 2.172069017417288972e+00 2.771944076061175544e+00 1.572193958773402400e+00
9.630571764772028587e+00 2.105187972041460576e+00 2.704205830009377642e+00 1.506170114073543509e+00
9.638252456817442138e+00 2.038168121656877219e+00 2.636439638165927413e+00 1.439896605147827247e+00
9.645933148862855688e+00 1.970984230061994191e+00 2.568821012653504710e+00 1.373147447470483451e+00
9.653613840908269239e+00 1.903869029921497757e+00 2.501300139694027092e+00 1.306437920148968423e+00
9.661294532953682790e+00 1.836596673559520276e+00 2.433680793555430544e+00 1.239512553563610009e+00
9.668975224999096341e+00 1.769295170651850047e+00 2.366060924421936384e+00 1.172529416881763709e+00
9.676655917044509891e+00 1.702004044632270618e+00 2.298399716531841719e+00 1.105608372732699518e+00
9.684336609089923442e+00 1.634517779576188934e+00 2.230491194699399493e+00 1.038544364452978375e+00
9.692017301135336993e+00 1.566877657092303089e+00 2.162401695597488960e+00 9.713536185871173290e-01
9.699697993180750544e+00 1.499262306855959404e+00 2.094301245936116107e+00 9.042233677758025889e-01
9.707378685226164095e+00 1.431448368229831791e+00 2.025844074822432006e+00 8.370526616372317985e-01
9.715059377271577645e+00 1.363432328110590674e+00 1.957315041948371803e+00 7.695496142728094346e-01
9.722740069316991196e+00 1.295531309398087805e+00 1.888902345339781075e+00 7.021602734563944237e-01
9.730420761362404747e+00 1.227355688472782091e+00 1.820126455458280557e+00 6.345849214872835153e-01
9.738101453407818298e+00 1.159063205474581526e+00 1.751230524952624545e+00 5.668958859965383956e-01
9.745782145453231848e+00 1.090817358497289113e+00 1.682351570043024047e+00 4.992831469515541798e-01
9.753462837498645399e+00 1.022521694889311439e+00 1.613225999152540613e+00 4.318173906260822648e-01
9.761143529544057174e+00 9.539653792281878042e-01 1.543777054823018968e+00 3.641537036333566402e-01
9.768824221589470724e+00 8.856119286823929126e-01 1.474572636283095761e+00 2.966512210816900641e-01
9.776504913634884275e+00 8.170972594235628161e-01 1.404910433669854797e+00 2.292840851772709465e-01
9.784185605680297826e+00 7.485219728614668222e-01 1.335289264600305836e+00 1.617546811226278081e-01
9.791866297725711377e+00 6.799758497098190579e-01 1.265836512162998195e+00 9.411518725663992058e-02
9.799546989771124927e+00 6.114728802711975053e-01 1.196419300840046995e+00 2.652645970234801531e-02
9.807227681816538478e+00 5.429487118378553134e-01 1.126903661461502004e+00 -4.100623778579148837e-02
9.814908373861952029e+00 4.743707881497493672e-01 1.057396034829786613e+00 -1.086544585302879340e-01
9.822589065907365580e+00 4.056552087616235314e-01 9.877920325292520731e-01 -1.764816150060050104e-01
9.830269757952779131e+00 3.370349163991090413e-01 9.182483215453249858e-01 -2.441784887471069587e-01
9.837950449998192681e+00 2.683239490230563407e-01 8.485639483903720803e-01 -3.119160503442593990e-01
9.845631142043606232e+00 1.994855796178233165e-01 7.787995755558755340e-01 -3.798284163202289010e-01
9.853311834089019783e+00 1.306373860869438075e-01 7.091470371244699145e-01 -4.478722649505823550e-01
9.860992526134433334e+00 6.187875808929528543e-02 6.395834533515002418e-01 -5.158259371729095877e-01
9.868673218179846884e+00 -7.333844899924317311e-03 5.695398104719345822e-01 -5.842075002717831422e-01
9.876353910225260435e+00 -7.643920891364715253e-02 4.996765326294690390e-01 -6.525549504567633718e-01
9.884034602270673986e+00 -1.455863901782038228e-01 4.299020645244638894e-01 -7.210748448808715905e-01
9.891715294316087537e+00 -2.149090453634424913e-01 3.599930470628714962e-01 -7.898111377897564234e-01
9.899395986361501087e+00 -2.843321533251573219e-01 2.900181072492616363e-01 -8.586824138995763356e-01
9.907076678406914638e+00 -3.537279572922177873e-01 2.201866226270223215e-01 -9.276425372114578405e-01
9.914757370452328189e+00 -4.233871265392307737e-01 1.502150220406652248e-01 -9.969892751191267166e-01
9.922438062497741740e+00 -4.930441963149300721e-01 8.005728123124805640e-02 -1.066145673861108145e+00
9.930118754543155291e+00 -5.627652585633866611e-01 9.836074051227883253e-03 -1.135366591178001094e+00
9.937799446588567065e+00 -6.326488502449356677e-01 -6.063172710939057630e-02 -1.204665973380480759e+00
9.945480138633980616e+00 -7.025718530978554144e-01 -1.312058249757572792e-01 -1.273937881219953550e+00
9.953160830679394167e+00 -7.725319243793369317e-01 -2.018012112891701682e-01 -1.343262637469503584e+00
9.960841522724807717e+00 -8.426922637779886704e-01 -2.725120677214732945e-01 -1.412872459834503935e+00
9.968522214770221268e+00 -9.128079516954219486e-01 -3.432297233258403413e-01 -1.482386180065003556e+00
9.976202906815634819e+00 -9.830107394955054367e-01 -4.141667416876497754e-01 -1.551854737303361098e+00
9.983883598861048370e+00 -1.053390153286796194e+00 -4.851181977827037084e-01 -1.621662108790888679e+00
9.991564290906461920e+00 -1.123731797341182670e+00 -5.560448983624599606e-01 -1.691418696319905379e+00
9.999244982951875471e+00 -1.194155436232350320e+00 -6.271540722446322658e-01 -1.761156800220068375e+00
1.000692567499728902e+01 -1.264764246844971352e+00 -6.985204001909673943e-01 -1.831008093498975420e+00
1.001460636704270257e+01 -1.335352644036280845e+00 -7.698447643822797781e-01 -1.900860523690282022e+00
1.002228705908811612e+01 -1.405969596067262017e+00 -8.411862827641347629e-01 -1.970752909370389272e+00
1.002996775113352967e+01 -1.476812727033419703e+00 -9.127039801486562798e-01 -2.040921473918182905e+00
1.003764844317894323e+01 -1.547635161344081078e+00 -9.841769624208349665e-01 -2.111093360267327412e+00
1.004532913522435678e+01 -1.618592571205608177e+00 -1.055865608415853085e+00 -2.181319533995363269e+00
1.005300982726977033e+01 -1.689678388116959473e+00 -1.127697484769611957e+00 -2.251659291464306989e+00
1.006069051931518388e+01 -1.760796232844814568e+00 -1.199472545518592614e+00 -2.322119920171036522e+00
1.006837121136059743e+01 -1.832013011859455753e+00 -1.271356300400050987e+00 -2.392669723318860520e+00
1.007605190340601098e+01 -1.903525730767336110e+00 -1.343470029717684033e+00 -2.463581431816987966e+00
1.008373259545142453e+01 -1.974922032019115647e+00 -1.415523539544048859e+00 -2.534320524494182436e+00
1.009141328749683808e+01 -2.046497472413274288e+00 -1.487809321922177297e+00 -2.605185622904371279e+00
1.009909397954225163e+01 -2.118199530527105967e+00 -1.560205870297014297e+00 -2.676193190757197637e+00
1.010677467158766518e+01 -2.189954709571154901e+00 -1.632616321311802565e+00 -2.747293097830507236e+00
1.011445536363307696e+01 -2.261787384398206591e+00 -1.705098888249285904e+00 -2.818475880547127055e+00
1.012213605567849051e+01 -2.333816771586309180e+00 -1.777793757346143311e+00 -2.889839785826475271e+00
1.012981674772390406e+01 -2.405792180333768293e+00 -1.850414329870981645e+00 -2.961170030796554720e+00
1.013749743976931761e+01 -2.478021173797893439e+00 -1.923339797549503905e+00 -3.032702550046282752e+00
1.014517813181473116e+01 -2.550288390406314054e+00 -1.996272939598612295e+00 -3.104303841214015591e+00
1.015285882386014471e+01 -2.622586619344188907e+00 -2.069212038366132322e+00 -3.175961200322245492e+00
1.016053951590555826e+01 -2.695006430291408517e+00 -2.142271288601542700e+00 -3.247741571981274333e+00
1.016822020795097181e+01 -2.767590043039698688e+00 -2.215499932585761389e+00 -3.319680153493635988e+00
1.017590089999638536e+01 -2.840073366231992136e+00 -2.288678607234334361e+00 -3.391468125229649910e+00
1.018358159204179891e+01 -2.912900728717458421e+00 -2.362121980699296131e+00 -3.463679476735620710e+00
1.019126228408721246e+01 -2.985755069597862299e+00 -2.435639906639002650e+00 -3.535870232556721948e+00
1.019894297613262601e+01 -3.058635857618950737e+00 -2.509180631933693562e+00 -3.608091083304207913e+00
1.020662366817803957e+01 -3.131684195629082623e+00 -2.582886994546227388e+00 -3.680481396711937858e+00
1.021430436022345312e+01 -3.204924727622458391e+00 -2.656796728167190480e+00 -3.753052727077726303e+00
1.022198505226886667e+01 -3.278137244063850542e+00 -2.730662297740771294e+00 -3.825612190386929790e+00
1.022966574431428022e+01 -3.351659367450751326e+00 -2.804821600692361194e+00 -3.898497134209141457e+00
1.023734643635969377e+01 -3.425202766327183568e+00 -2.879024532922567658e+00 -3.971380999731799477e+00
1.024502712840510732e+01 -3.498804435484723196e+00 -2.953275773876856469e+00 -4.044333097092589924e+00
1.025270782045052087e+01 -3.572632394608255879e+00 -3.027736370408016242e+00 -4.117528418808495516e+00
1.026038851249593442e+01 -3.646594850839357527e+00 -3.102362112550290263e+00 -4.190827589128424790e+00
1.026806920454134797e+01 -3.720556576006115002e+00 -3.177049848433728840e+00 -4.264063303578501163e+00
1.027574989658676152e+01 -3.794745459641444274e+00 -3.251945181084255232e+00 -4.337545738198633316e+00
1.028343058863217507e+01 -3.868956203133872673e+00 -3.326916176547911164e+00 -4.410996229719834183e+00
1.029111128067758685e+01 -3.943212329345000100e+00 -3.401946914432920188e+00 -4.484477744257080012e+00
1.029879197272300040e+01 -4.017705845762312933e+00 -3.477253030869305483e+00 -4.558158660655320382e+00
1.030647266476841395e+01 -4.092201863621871105e+00 -3.552537637447239938e+00 -4.631866089796502273e+00
1.031415335681382750e+01 -4.166679939520397724e+00 -3.627792421348831731e+00 -4.705567457691963718e+00
1.032183404885924105e+01 -4.241343550651835770e+00 -3.703309471184604185e+00 -4.779377630119067355e+00
1.032951474090465460e+01 -4.316050465431107597e+00 -3.778972282582292230e+00 -4.853128648279922963e+00
1.033719543295006815e+01 -4.390791939088812157e+00 -3.854594058710959281e+00 -4.926989819466665033e+00
1.034487612499548170e+01 -4.465755930861923240e+00 -3.930350884079445883e+00 -5.001160977644400596e+00
1.035255681704089525e+01 -4.540629763166347921e+00 -4.006104420509108088e+00 -5.075155105823587753e+00
1.036023750908630880e+01 -4.615561378100778711e+00 -4.081925993907544736e+00 -5.149196762294012686e+00
1.036791820113172236e+01 -4.690687562702057001e+00 -4.157916327284604918e+00 -5.223458798119509083e+00
1.037559889317713591e+01 -4.765891197384751976e+00 -4.234036295540067663e+00 -5.297746099229436290e+00
1.038327958522254946e+01 -4.841142533445853324e+00 -4.309904682866598336e+00 -5.372380384025108313e+00
1.039096027726796301e+01 -4.916763677299432089e+00 -4.386187054910391403e+00 -5.447340299688472776e+00
1.039864096931337656e+01 -4.992322899963854255e+00 -4.462403950091099247e+00 -5.522241849836609262e+00
1.040632166135879011e+01 -5.068054787699858288e+00 -4.538717361896399183e+00 -5.597392213503317393e+00
1.041400235340420366e+01 -5.143966198721589222e+00 -4.615152511988346085e+00 -5.672779885454832360e+00
1.042168304544961721e+01 -5.219938107314998632e+00 -4.691643665237349659e+00 -5.748232549392647606e+00
1.042936373749503076e+01 -5.295950678029451630e+00 -4.768170289025292163e+00 -5.823731067033611097e+00
1.043704442954044431e+01 -5.372343513791978609e+00 -4.844829890811404027e+00 -5.899857136772553190e+00
1.044472512158585786e+01 -5.448653027212029265e+00 -4.921426817385031960e+00 -5.975879237039026570e+00
1.045240581363127141e+01 -5.525171954663321117e+00 -4.998381738726437540e+00 -6.051962170600204693e+00
1.046008650567668496e+01 -5.601834293747998572e+00 -5.075624071495282941e+00 -6.128044516000714204e+00
1.046776719772209674e+01 -5.678545171825790661e+00 -5.152955917953949694e+00 -6.204134425697631627e+00
1.047544788976751029e+01 -5.755334312114422701e+00 -5.230308337870028801e+00 -6.280360286358816602e+00
1.048312858181292384e+01 -5.832439034234698561e+00 -5.307966151290142598e+00 -6.356911917179254523e+00
1.049080927385833739e+01 -5.909431440106930111e+00 -5.385723990718974008e+00 -6.433138889494886214e+00
1.049848996590375094e+01 -5.986694164333014712e+00 -5.463711480483723903e+00 -6.509676848182305520e+00
1.050617065794916449e+01 -6.064087003397458098e+00 -5.541745383680916959e+00 -6.586428623113999237e+00
1.051385134999457804e+01 -6.141514441200924601e+00 -5.619828926577305594e+00 -6.663199955824543608e+00
1.052153204203999159e+01 -6.219069612787494705e+00 -5.698097214313095016e+00 -6.740042011261894395e+00
1.052921273408540515e+01 -6.296883887943457658e+00 -5.776676218562753817e+00 -6.817091557324161499e+00
1.053689342613081870e+01 -6.374603279535540068e+00 -5.855397356823889510e+00 -6.893809202247190626e+00
1.054457411817623225e+01 -6.452586573860128460e+00 -5.934124234633774364e+00 -6.971048913086482557e+00
1.055225481022164580e+01 -6.530684708028729801e+00 -6.012978205848592772e+00 -7.048391210208866831e+00
1.055993550226705935e+01 -6.608823152668879430e+00 -6.091962018042531568e+00 -7.125684287295227293e+00
1.056761619431247290e+01 -6.687172319982522595e+00 -6.171112432171059758e+00 -7.203232207793985431e+00
1.057529688635788645e+01 -6.765737679064379506e+00 -6.250433930664716087e+00 -7.281041427464042926e+00
1.058297757840330000e+01 -6.844262625829951041e+00 -6.329903364411284983e+00 -7.358621887248617099e+00
1.059065827044871355e+01 -6.923042295046371031e+00 -6.409733226547461804e+00 -7.436351363545280257e+00
1.059833896249412710e+01 -7.001955201360178016e+00 -6.489589883353383826e+00 -7.514320519366972206e+00
1.060601965453954065e+01 -7.080861626644018081e+00 -6.569420292895257418e+00 -7.592302960392778743e+00
1.061370034658495420e+01 -7.160052360365226853e+00 -6.649518745269608289e+00 -7.670585975460845418e+00
1.062138103863036775e+01 -7.239375455367145662e+00 -6.729659767674835535e+00 -7.749091143059455788e+00
1.062906173067577953e+01 -7.318671004122463408e+00 -6.809627640138956828e+00 -7.827714368105969989e+00
1.063674242272119486e+01 -7.398235693012247260e+00 -6.889791704312069776e+00 -7.906679681712424745e+00
1.064442311476660663e+01 -7.477961828217535967e+00 -6.970438176612660186e+00 -7.985485479822411747e+00
1.065210380681202018e+01 -7.557674868593017514e+00 -7.051037750632511703e+00 -8.064311986553523326e+00
1.065978449885743373e+01 -7.637724864556783011e+00 -7.131929864692282628e+00 -8.143519864421282506e+00
1.066746519090284728e+01 -7.717858156056138341e+00 -7.212867500119726216e+00 -8.222848811992550466e+00
1.067514588294826083e+01 -7.798036418917869916e+00 -7.293872848758378602e+00 -8.302199989077360343e+00
1.068282657499367438e+01 -7.878395325919401060e+00 -7.375108886914666151e+00 -8.381681764924135081e+00
1.069050726703908794e+01 -7.958852389401410932e+00 -7.456351079243558111e+00 -8.461353699559264641e+00
1.069818795908450149e+01 -8.039282824071991129e+00 -7.537603428021886209e+00 -8.540962220122095161e+00
1.070586865112991504e+01 -8.120074673562486467e+00 -7.619230773110383659e+00 -8.620918574014588387e+00
1.071354934317532859e+01 -8.200897827788297789e+00 -7.700856861736928849e+00 -8.700938793839666729e+00
1.072123003522074214e+01 -8.281831397667311023e+00 -7.782548589057919131e+00 -8.781114206276702916e+00
1.072891072726615569e+01 -8.362924839396296051e+00 -7.864335143347785717e+00 -8.861514535444806384e+00
1.073659141931156924e+01 -8.444073928019996345e+00 -7.946088940722907168e+00 -8.942058915317085521e+00
1.074427211135698279e+01 -8.525195996928752962e+00 -8.027759020473938634e+00 -9.022632973383567290e+00
1.075195280340239634e+01 -8.606855501699433475e+00 -8.109874036112854512e+00 -9.103836967286012438e+00
1.075963349544780989e+01 -8.688457610635634154e+00 -8.191991315331188517e+00 -9.184923905940079791e+00
1.076731418749322344e+01 -8.770236338594267878e+00 -8.274239114431090059e+00 -9.266233562757445696e+00
1.077499487953863699e+01 -8.852217930665403856e+00 -8.356642713504214726e+00 -9.347793147826592985e+00
1.078267557158405054e+01 -8.934287355135058561e+00 -8.439093184677007642e+00 -9.429481525593109481e+00
1.079035626362946410e+01 -9.016370552979696029e+00 -8.521481277737045446e+00 -9.511259828222346613e+00
1.079803695567487765e+01 -9.098958626171459230e+00 -8.604378271221293062e+00 -9.593538981121625397e+00
1.080571764772028942e+01 -9.181433004766347494e+00 -8.687171601832043066e+00 -9.675694407700651922e+00
1.081339833976570475e+01 -9.264121530864253273e+00 -8.770167835944043588e+00 -9.758075225784462958e+00
1.082107903181111652e+01 -9.346988158510370681e+00 -8.853386618028261879e+00 -9.840589698992479484e+00
1.082875972385653007e+01 -9.429899557227837903e+00 -8.936747136386500756e+00 -9.923051978069175050e+00
1.083644041590194362e+01 -9.512892630931922611e+00 -9.020298103709109228e+00 -1.000548715815473599e+01
1.084412110794735717e+01 -9.596305828891027900e+00 -9.104325322281992428e+00 -1.008828633550006337e+01
1.085180179999277073e+01 -9.679597166556829890e+00 -9.188168153431240270e+00 -1.017102617968241951e+01
1.085948249203818428e+01 -9.763146372612037993e+00 -9.272328374259691586e+00 -1.025396437096438440e+01
1.086716318408359783e+01 -9.846880686259094517e+00 -9.356630800995564101e+00 -1.033713057152262493e+01
1.087484387612901138e+01 -9.930634812625475760e+00 -9.441006199120653974e+00 -1.042026342613029755e+01
1.088252456817442493e+01 -1.001457256610994406e+01 -9.525634066182435689e+00 -1.050351106603745244e+01
1.089020526021983848e+01 -1.009888264431969063e+01 -9.610642301648566033e+00 -1.058712298699081522e+01
1.089788595226525203e+01 -1.018311005283394266e+01 -9.695572387256440550e+00 -1.067064771841144477e+01
1.090556664431066558e+01 -1.026763546586351339e+01 -9.780972265581269198e+00 -1.075429866614575758e+01
1.091324733635607913e+01 -1.035237189464699981e+01 -9.866545169442376917e+00 -1.083819861985162269e+01
1.092092802840149268e+01 -1.043710914884219854e+01 -9.952236148595430265e+00 -1.092198214908896681e+01
1.092860872044690623e+01 -1.052215444857537818e+01 -1.003832110662457922e+01 -1.100598779052617715e+01
1.093628941249231978e+01 -1.060750759939303833e+01 -1.012473652515377687e+01 -1.109027867363229980e+01
1.094397010453773333e+01 -1.069282396948889335e+01 -1.021114072704001252e+01 -1.117450721193777419e+01
1.095165079658314689e+01 -1.077837531863133336e+01 -1.029795018767769399e+01 -1.125880044958497272e+01
1.095933148862856044e+01 -1.086417041575208309e+01 -1.038491125040481577e+01 -1.134342958109935040e+01
1.096701218067397399e+01 -1.094991319752650583e+01 -1.047199285520552969e+01 -1.142783353984748196e+01
1.097469287271938754e+01 -1.103604663152827214e+01 -1.055948567699075724e+01 -1.151260758606578705e+01
1.098237356476479931e+01 -1.112237423516766732e+01 -1.064719106598253617e+01 -1.159755740435279847e+01
1.099005425681021464e+01 -1.120869527339906035e+01 -1.073486208735586800e+01 -1.168252845944225271e+01
1.099773494885562641e+01 -1.129521213819600689e+01 -1.082256522424305878e+01 -1.176785905214895500e+01
1.100541564090103996e+01 -1.138195678198564487e+01 -1.091073785693610887e+01 -1.185317570703518086e+01
1.101309633294645351e+01 -1.146854745645261353e+01 -1.099854602902922984e+01 -1.193854888387599722e+01
1.102077702499186707e+01 -1.155559290462144162e+01 -1.108677310279234085e+01 -1.202441270645054239e+01
1.102845771703728062e+01 -1.164268540940807384e+01 -1.117499649544135387e+01 -1.211037432337479380e+01
1.103613840908269417e+01 -1.172977624031916299e+01 -1.126310108280091171e+01 -1.219645139783741428e+01
1.104381910112810772e+01 -1.181704470643756544e+01 -1.135010770995724450e+01 -1.228398170291788638e+01
1.105149979317352127e+01 -1.190449847746513079e+01 -1.143715888931312108e+01 -1.237183806561714050e+01
1.105918048521893482e+01 -1.199174414284213341e+01 -1.152399932682658701e+01 -1.245948895885767982e+01
1.106686117726434837e+01 -1.207955246848813680e+01 -1.161128229614066498e+01 -1.254782264083560861e+01
1.107454186930976192e+01 -1.216732554057758975e+01 -1.169854254044210506e+01 -1.263610854071307443e+01
1.108222256135517547e+01 -1.225516720699557993e+01 -1.178572398179500880e+01 -1.272461043219615107e+01
1.108990325340058902e+01 -1.234320515725928935e+01 -1.187297336880650356e+01 -1.281343694571207514e+01
1.109758394544600257e+01 -1.243138309590675128e+01 -1.196040701719299548e+01 -1.290235917462050708e+01
1.110526463749141612e+01 -1.251943793821214967e+01 -1.204780473460346890e+01 -1.299107114182083045e+01
1.111294532953682968e+01 -1.260814615146843920e+01 -1.213571494137624818e+01 -1.308057736156063022e+01
1.112062602158224323e+01 -1.269673423842535520e+01 -1.222346275379908853e+01 -1.317000572305162187e+01
1.112830671362765678e+01 -1.278545534101526471e+01 -1.231139014881369675e+01 -1.325952053321683266e+01
1.113598740567307033e+01 -1.287438054130995368e+01 -1.239962846590388779e+01 -1.334913261671601958e+01
1.114366809771848388e+01 -1.296336680060954194e+01 -1.248798521044282950e+01 -1.343874839077625438e+01
1.115134878976389743e+01 -1.305228238834067866e+01 -1.257625973978101719e+01 -1.352830503690034014e+01
1.115902948180930920e+01 -1.314172588375891415e+01 -1.266535281242372335e+01 -1.361809895509410495e+01
1.116671017385472453e+01 -1.323096408211529607e+01 -1.275430032814898595e+01 -1.370762783608160618e+01
1.117439086590013630e+01 -1.332030555437958164e+01 -1.284343545625087835e+01 -1.379717565250828493e+01
1.118207155794554986e+01 -1.340982494725482255e+01 -1.293298077461704132e+01 -1.388666911989260377e+01
1.118975224999096341e+01 -1.349932842961185031e+01 -1.302267617171094294e+01 -1.397598068751275768e+01
1.119743294203637696e+01 -1.358883908733987056e+01 -1.311249836881857256e+01 -1.406517980586116856e+01
1.120511363408179051e+01 -1.367873505970422343e+01 -1.320293959455267618e+01 -1.415453052485577068e+01
1.121279432612720406e+01 -1.376846037169593018e+01 -1.329343282008016480e+01 -1.424348792331169555e+01
1.122047501817261761e+01 -1.385831670164339258e+01 -1.338420007677965451e+01 -1.433243332650713064e+01
1.122815571021803116e+01 -1.394839231596993478e+01 -1.347516439829473356e+01 -1.442162023364513601e+01
1.123583640226344471e+01 -1.403841952403701754e+01 -1.356629215423158996e+01 -1.451054689384244512e+01
1.124351709430885826e+01 -1.412858739384820339e+01 -1.365775609740982866e+01 -1.459941869028657813e+01
1.125119778635427181e+01 -1.421908063863415705e+01 -1.374969301103213581e+01 -1.468846826623617829e+01
1.125887847839968536e+01 -1.430947982398520324e+01 -1.384165669334125504e+01 -1.477730295462915144e+01
1.126655917044509891e+01 -1.440001426061921919e+01 -1.393417864716849408e+01 -1.486584987406994429e+01
1.127423986249051246e+01 -1.449080606467548904e+01 -1.402681935249249534e+01 -1.495479277685848274e+01
1.128192055453592602e+01 -1.458145947288331357e+01 -1.411952653958592308e+01 -1.504339240618070406e+01
1.128960124658133957e+01 -1.467232985890775154e+01 -1.421264358138198247e+01 -1.513201613643352061e+01
1.129728193862675312e+01 -1.476339414587524423e+01 -1.430601296985859783e+01 -1.522077532189189064e+01
1.130496263067216667e+01 -1.485434039502384174e+01 -1.439921794154393986e+01 -1.530946284850374361e+01
1.131264332271758022e+01 -1.494535269543855804e+01 -1.449251728140992768e+01 -1.539818810946718841e+01
1.132032401476299377e+01 -1.503661271433662705e+01 -1.458571532953249239e+01 -1.548751009914076171e+01
1.132800470680840732e+01 -1.512764403044520201e+01 -1.467829845400979849e+01 -1.557698960688060552e+01
1.133568539885381909e+01 -1.521896706285772716e+01 -1.477099185501437262e+01 -1.566694227070108170e+01
1.134336609089923442e+01 -1.531039018884623282e+01 -1.486355302627431740e+01 -1.575722735141814823e+01
1.135104678294464620e+01 -1.540175138482469208e+01 -1.495585240777273484e+01 -1.584765036187664933e+01
1.135872747499005975e+01 -1.549320445536947233e+01 -1.504822553094992621e+01 -1.593818337978901845e+01
1.136640816703547330e+01 -1.558490536171001040e+01 -1.514082015533192305e+01 -1.602899056808809775e+01
1.137408885908088685e+01 -1.567633171031878270e+01 -1.523310153046089255e+01 -1.611956189017667285e+01
1.138176955112630040e+01 -1.576813676771087813e+01 -1.532574542484371349e+01 -1.621052811057804277e+01
1.138945024317171395e+01 -1.585992770767943583e+01 -1.541836342597135001e+01 -1.630149198938752164e+01
1.139713093521712750e+01 -1.595165195164580929e+01 -1.551091488198106028e+01 -1.639238902131056008e+01
1.140481162726254105e+01 -1.604344979392735837e+01 -1.560353576695598932e+01 -1.648336382089872743e+01
1.141249231930795460e+01 -1.613538290455229784e+01 -1.569626321494741461e+01 -1.657450259415718108e+01
1.142017301135336815e+01 -1.622699617384209603e+01 -1.578869108346765771e+01 -1.666530126421653435e+01
1.142785370339878170e+01 -1.631901809276118342e+01 -1.588149897982614078e+01 -1.675653720569622607e+01
1.143553439544419525e+01 -1.641091074477859379e+01 -1.597425172970623208e+01 -1.684756975985095551e+01
1.144321508748960881e+01 -1.650272005976856349e+01 -1.606694636379740615e+01 -1.693849375573972083e+01
1.145089577953502236e+01 -1.659460222960598230e+01 -1.615971366366593642e+01 -1.702949079554602818e+01
1.145857647158043591e+01 -1.668654528866731468e+01 -1.625256526679035929e+01 -1.712052531054427007e+01
1.146625716362584946e+01 -1.677821032932658341e+01 -1.634521651304325474e+01 -1.721120414560991208e+01
1.147393785567126301e+01 -1.687025791361698879e+01 -1.643825740176972872e+01 -1.730225842546424886e+01
1.148161854771667656e+01 -1.696207891633779141e+01 -1.653112442980457075e+01 -1.739303340287101207e+01
1.148929923976209011e+01 -1.705381332298479080e+01 -1.662413062914382778e+01 -1.748349601682575383e+01
1.149697993180750366e+01 -1.714562881164563990e+01 -1.671723846751034515e+01 -1.757401915578093465e+01
1.150466062385291721e+01 -1.723740252152325070e+01 -1.681028859920238716e+01 -1.766451644384411424e+01
1.151234131589832899e+01 -1.732897338501224382e+01 -1.690326803498778574e+01 -1.775467873503670191e+01
1.152002200794374431e+01 -1.742082329966422805e+01 -1.699667423876582006e+01 -1.784497236056263603e+01
1.152770269998915609e+01 -1.751231158601856919e+01 -1.708993804043192455e+01 -1.793468513160521383e+01
1.153538339203456964e+01 -1.760367661600265876e+01 -1.718296085029836462e+01 -1.802439238170695290e+01
1.154306408407998319e+01 -1.769511811292614567e+01 -1.727640802289953115e+01 -1.811382820295276019e+01
1.155074477612539674e+01 -1.778640162342650299e+01 -1.736983345322157390e+01 -1.820296979363143208e+01
1.155842546817081029e+01 -1.787746988785527691e+01 -1.746254716183292288e+01 -1.829239261387763094e+01
1.156610616021622384e+01 -1.796855573580161192e+01 -1.755427902448120747e+01 -1.838283244712201636e+01
1.157378685226163739e+01 -1.805943767126856159e+01 -1.764605717293167331e+01 -1.847281816960544987e+01
1.158146754430705094e+01 -1.814995384030109449e+01 -1.773755396670438955e+01 -1.856235371389779942e+01
1.158914823635246449e+01 -1.824059320612501267e+01 -1.782925600778212072e+01 -1.865193040446790462e+01
1.159682892839787804e+01 -1.833084915191351882e+01 -1.792074386567577449e+01 -1.874095443815126316e+01
1.160450962044329160e+01 -1.842089004058549406e+01 -1.801203641997793170e+01 -1.882974366119305643e+01
1.161219031248870515e+01 -1.851091627256252181e+01 -1.810327937962487255e+01 -1.891855316550017108e+01
1.161987100453411870e+01 -1.860063511911990730e+01 -1.819441769513325724e+01 -1.900685254310655736e+01
1.162755169657953225e+01 -1.869004261440899839e+01 -1.828536791812886619e+01 -1.909471731068913058e+01
1.163523238862494580e+01 -1.877944869051590260e+01 -1.837623421960977410e+01 -1.918266316142203110e+01
1.164291308067035935e+01 -1.886829849466347753e+01 -1.846674252367290592e+01 -1.926985446565404914e+01
1.165059377271577290e+01 -1.895699456035601926e+01 -1.855754079238215937e+01 -1.935644832832987916e+01
1.165827446476118645e+01 -1.904553145712556272e+01 -1.864840269478859369e+01 -1.944266021946253176e+01
1.166595515680660000e+01 -1.913364759879243948e+01 -1.873878311209789160e+01 -1.952851208548698736e+01
1.167363584885201178e+01 -1.922135967749995800e+01 -1.882893863456783379e+01 -1.961378072043208221e+01
1.168131654089742710e+01 -1.930900217435614508e+01 -1.891923341823538607e+01 -1.969877093047690408e+01
1.168899723294283888e+01 -1.939597705636389691e+01 -1.900931641771845193e+01 -1.978263769500934188e+01
1.169667792498825420e+01 -1.948276948939222208e+01 -1.909924689098383510e+01 -1.986629208780060907e+01
1.170435861703366598e+01 -1.956917772867009120e+01 -1.918895657312256375e+01 -1.994939888421761864e+01
1.171203930907907953e+01 -1.965504107204172257e+01 -1.927822997744823041e+01 -2.003185216663521473e+01
1.171972000112449308e+01 -1.974047081621928967e+01 -1.936700476324125120e+01 -2.011393686919732815e+01
1.172740069316990663e+01 -1.982581940328187287e+01 -1.945598012102784935e+01 -2.019565868553589638e+01
1.173508138521532018e+01 -1.991019180558376789e+01 -1.954448898839050486e+01 -2.027589462277703092e+01
1.174276207726073373e+01 -1.999438252815366823e+01 -1.963269336216673011e+01 -2.035607169414060635e+01
1.175044276930614728e+01 -2.007803021171217139e+01 -1.972026824316436233e+01 -2.043579218025998046e+01
1.175812346135156083e+01 -2.016104614916165971e+01 -1.980708850120968023e+01 -2.051500379711363919e+01
1.176580415339697439e+01 -2.024356222180552223e+01 -1.989327825630437019e+01 -2.059384618730667427e+01
1.177348484544238794e+01 -2.032570588816578550e+01 -1.997903378499280791e+01 -2.067237799133876308e+01
1.178116553748780149e+01 -2.040691199483962492e+01 -2.006389610463912021e+01 -2.074992788504012964e+01
1.178884622953321504e+01 -2.048768063278955864e+01 -2.014851191736003244e+01 -2.082684934821908485e+01
1.179652692157862859e+01 -2.056769421950965793e+01 -2.023218068626698596e+01 -2.090320775275232990e+01
1.180420761362404214e+01 -2.064698095892156005e+01 -2.031510752443397294e+01 -2.097885439340914715e+01
1.181188830566945569e+01 -2.072574009044657828e+01 -2.039761210788005386e+01 -2.105386807301310270e+01
1.181956899771486924e+01 -2.080393344080006202e+01 -2.047944952475790714e+01 -2.112841735684221689e+01
1.182724968976028279e+01 -2.088115064979753654e+01 -2.055978984003810339e+01 -2.120251145955696970e+01
1.183493038180569634e+01 -2.095792889535558956e+01 -2.063987043585716563e+01 -2.127598735485401349e+01
1.184261107385110989e+01 -2.103373447584458233e+01 -2.071892656271236177e+01 -2.134854238897680290e+01
1.185029176589652167e+01 -2.110865039152845668e+01 -2.079721726355453271e+01 -2.142008351950238065e+01
1.185797245794193699e+01 -2.118293926562760987e+01 -2.087457876719506089e+01 -2.149129976406015885e+01
1.186565314998734877e+01 -2.125648218276984380e+01 -2.095110106349509849e+01 -2.156186330204458912e+01
1.187333384203276410e+01 -2.132910934614994858e+01 -2.102701038013001522e+01 -2.163120831216988194e+01
1.188101453407817587e+01 -2.140114422674811223e+01 -2.110232331435915398e+01 -2.169996513913707048e+01
1.188869522612358942e+01 -2.147163894891505365e+01 -2.117569801657672102e+01 -2.176757988125338628e+01
1.189637591816900297e+01 -2.154109032808801061e+01 -2.124886068092851588e+01 -2.183331997524750534e+01
1.190405661021441652e+01 -2.160974094643809096e+01 -2.132042402836935935e+01 -2.189905786450682257e+01
1.191173730225983007e+01 -2.167736486525891593e+01 -2.139102016451638377e+01 -2.196370956600144808e+01
1.191941799430524362e+01 -2.174398903697845142e+01 -2.146084289929110867e+01 -2.202713517466579418e+01
1.192709868635065718e+01 -2.180980963010812701e+01 -2.152941867105629825e+01 -2.209020058915995577e+01
1.193477937839607073e+01 -2.187446913058684217e+01 -2.159702283676760715e+01 -2.215191542440607719e+01
1.194246007044148428e+01 -2.193779098724279208e+01 -2.166312506771363289e+01 -2.221245690677195128e+01
1.195014076248689783e+01 -2.200027632691037383e+01 -2.172853682436351264e+01 -2.227201582945723501e+01
1.195782145453231138e+01 -2.206163161732243694e+01 -2.179239974159539983e+01 -2.233086349304947404e+01
1.196550214657772493e+01 -2.212182689803720592e+01 -2.185525533573327905e+01 -2.238839846034113279e+01
1.197318283862313848e+01 -2.218085528295434017e+01 -2.191728985640400751e+01 -2.244442070950467283e+01
1.198086353066855203e+01 -2.223862292510142780e+01 -2.197767404383337109e+01 -2.249957180636948451e+01
1.198854422271396558e+01 -2.229503491833858675e+01 -2.203598519818561741e+01 -2.255408463849155609e+01
1.199622491475937913e+01 -2.235034426950849706e+01 -2.209217760235472383e+01 -2.260851093666227030e+01
1.200390560680479268e+01 -2.240407524296625041e+01 -2.214730256995209245e+01 -2.266084791598040837e+01
1.201158629885020623e+01 -2.245644763584005688e+01 -2.220114589436079910e+01 -2.271174937731931465e+01
1.201926699089561978e+01 -2.250736443973827861e+01 -2.225379744296952822e+01 -2.276093143650702899e+01
1.202694768294103156e+01 -2.255676747497637891e+01 -2.230517494310299398e+01 -2.280836000684976383e+01
1.203462837498644689e+01 -2.260499779459753711e+01 -2.235418445369032980e+01 -2.285581113550474441e+01
1.204230906703185866e+01 -2.265223682293461493e+01 -2.239976252592916595e+01 -2.290471111994006392e+01
1.204998975907727399e+01 -2.269814384789022910e+01 -2.244423116180987066e+01 -2.295205653397058754e+01
1.205767045112268576e+01 -2.274245286941673783e+01 -2.248699171298162014e+01 -2.299791402585185551e+01
1.206535114316809931e+01 -2.278546672668451123e+01 -2.252811230504048723e+01 -2.304282114832853523e+01
1.207303183521351286e+01 -2.282724897500090222e+01 -2.256776710155015309e+01 -2.308673084845165135e+01
1.208071252725892641e+01 -2.286769625100934178e+01 -2.260605520896793053e+01 -2.312933729305075303e+01
1.208839321930433996e+01 -2.290690076901343630e+01 -2.264294438188655789e+01 -2.317085715614031471e+01
1.209607391134975352e+01 -2.294435911160359254e+01 -2.267807563481619226e+01 -2.321064258839099281e+01
1.210375460339516707e+01 -2.298070425616078438e+01 -2.270990900766256360e+01 -2.325149950465900517e+01
1.211143529544058062e+01 -2.301566076864680710e+01 -2.274038844823430594e+01 -2.329093308905930826e+01
1.211911598748599417e+01 -2.304927822163710616e+01 -2.276928888676861362e+01 -2.332926755650559869e+01
1.212679667953140772e+01 -2.308169320117970358e+01 -2.279662297046243324e+01 -2.336676343189697391e+01
1.213447737157682127e+01 -2.311289782369490808e+01 -2.282247571853486434e+01 -2.340331992885495183e+01
1.214215806362223482e+01 -2.314242913057073281e+01 -2.284647504437549514e+01 -2.343838321676597047e+01
1.214983875566764837e+01 -2.317123978441575716e+01 -2.286936866273495284e+01 -2.347311090609656148e+01
1.215751944771306192e+01 -2.319889042158064996e+01 -2.289055475492398628e+01 -2.350722608823731363e+01
1.216520013975847547e+01 -2.322458787729983953e+01 -2.290961753907629017e+01 -2.353955821552338890e+01
1.217288083180388902e+01 -2.324877192434342632e+01 -2.292726854656099533e+01 -2.357027530212585731e+01
1.218056152384930257e+01 -2.327201659925728805e+01 -2.294412942385449838e+01 -2.359990377466007772e+01
1.218824221589471435e+01 -2.329430125748745084e+01 -2.296002421865308207e+01 -2.362857829632181961e+01
1.219592290794012968e+01 -2.331489606057335706e+01 -2.297414560199902311e+01 -2.365564651914769101e+01
1.220360359998554145e+01 -2.333434375159266239e+01 -2.298722886582798708e+01 -2.368145863735733769e+01
1.221128429203095678e+01 -2.335282655557161746e+01 -2.299975856164236632e+01 -2.370589454950086861e+01
1.221896498407636855e+01 -2.337029759770306470e+01 -2.301122017578937218e+01 -2.372937501961675721e+01
1.222664567612178388e+01 -2.338679603739459267e+01 -2.302146729574489470e+01 -2.375212477904429065e+01
1.223432636816719565e+01 -2.340239288478685253e+01 -2.303090688637003325e+01 -2.377387888320367182e+01
1.224200706021260920e+01 -2.341711692908630127e+01 -2.303988643349661203e+01 -2.379434742467599051e+01
1.224968775225802275e+01 -2.343083174376889133e+01 -2.304811308333350084e+01 -2.381355040420428182e+01
1.225736844430343631e+01 -2.344360039339571955e+01 -2.305584264089893765e+01 -2.383135814589250145e+01
1.226504913634884986e+01 -2.345560160810354233e+01 -2.306276606983635702e+01 -2.384843714637072765e+01
1.227272982839426341e+01 -2.346689702075153505e+01 -2.306860446042589174e+01 -2.386518958107717836e+01
1.228041052043967696e+01 -2.347749504684800570e+01 -2.307330570008959825e+01 -2.388168439360641315e+01
1.228809121248509051e+01 -2.348739942870158615e+01 -2.307756480615547545e+01 -2.389723405124769684e+01
1.229577190453050406e+01 -2.349667986641350481e+01 -2.308139781014012826e+01 -2.391196192268688137e+01
1.230345259657591761e+01 -2.350517955854840224e+01 -2.308478421379297174e+01 -2.392557490330383274e+01
1.231113328862133116e+01 -2.351321369745097556e+01 -2.308792263029558356e+01 -2.393850476460636756e+01
1.231881398066674471e+01 -2.352067472330669773e+01 -2.309074121636576393e+01 -2.395060823024763152e+01
1.232649467271215826e+01 -2.352759146145775659e+01 -2.309328380914098489e+01 -2.396189911377452830e+01
1.233417536475757181e+01 -2.353401079148888897e+01 -2.309560901224162421e+01 -2.397241257073615373e+01
1.234185605680298536e+01 -2.353994270794202848e+01 -2.309774236942209669e+01 -2.398214304646196027e+01
1.234953674884839891e+01 -2.354534547527269694e+01 -2.309966463200105480e+01 -2.399102631854433909e+01
1.235721744089381247e+01 -2.355033104175392467e+01 -2.310150562659860540e+01 -2.399915645690924393e+01
1.236489813293922424e+01 -2.355487056422196801e+01 -2.310324684655472183e+01 -2.400649428188921419e+01
1.237257882498463957e+01 -2.355903323366665347e+01 -2.310496672145107055e+01 -2.401309974588223639e+01
1.238025951703005134e+01 -2.356288604819596699e+01 -2.310675537554663705e+01 -2.401901672084529693e+01
1.238794020907546667e+01 -2.356646176972341777e+01 -2.310866274374031093e+01 -2.402426079570652462e+01
1.239562090112087844e+01 -2.356976309033969486e+01 -2.311066238931983108e+01 -2.402886379135955863e+01
1.240330159316629377e+01 -2.357283557998297852e+01 -2.311261564688340542e+01 -2.403305551308255161e+01
1.241098228521170554e+01 -2.357563552291532361e+01 -2.311352707355201730e+01 -2.403774397227862991e+01
1.241866297725711910e+01 -2.357823822019674864e+01 -2.311407024920950448e+01 -2.404240619118399280e+01
1.242634366930253265e+01 -2.358067553956965412e+01 -2.311448873019354266e+01 -2.404686234894576558e+01
1.243402436134794620e+01 -2.358292624165747497e+01 -2.311483933337967400e+01 -2.405101314993527595e+01
1.244170505339335975e+01 -2.358497535118747379e+01 -2.311511245536813774e+01 -2.405483824700680984e+01
1.244938574543877330e+01 -2.358686537772927139e+01 -2.311534154123477691e+01 -2.405838921422376586e+01
1.245706643748418685e+01 -2.358854878193793780e+01 -2.311550928398620641e+01 -2.406158827988966920e+01
1.246474712952960040e+01 -2.359007423728650110e+01 -2.311556485588631915e+01 -2.406458361868668305e+01
1.247242782157501395e+01 -2.359146724219653990e+01 -2.311550002422669436e+01 -2.406743446016638543e+01
1.248010851362042750e+01 -2.359272986134655170e+01 -2.311541596220976658e+01 -2.407004376048333683e+01
1.248778920566584105e+01 -2.359388929357551845e+01 -2.311532682482654977e+01 -2.407245176232448713e+01
1.249546989771125460e+01 -2.359496754928637330e+01 -2.311523875481593393e+01 -2.407469634375681267e+01
1.250315058975666815e+01 -2.359592572359117923e+01 -2.311511570880787758e+01 -2.407673573837448089e+01
1.251083128180208170e+01 -2.359677737818728716e+01 -2.311498142177371307e+01 -2.407857333460086124e+01
1.251851197384749526e+01 -2.359755000003775649e+01 -2.311482542558560738e+01 -2.408027457448990560e+01
1.252619266589290881e+01 -2.359825416816919130e+01 -2.311465305480831489e+01 -2.408185528153006771e+01
1.253387335793832236e+01 -2.359889613752454096e+01 -2.311446008266603869e+01 -2.408333219238304324e+01
1.254155404998373413e+01 -2.359948009498170407e+01 -2.311424401579817811e+01 -2.408471617416523003e+01
1.254923474202914946e+01 -2.360000457235965854e+01 -2.311400109576034723e+01 -2.408600804895896985e+01
1.255691543407456123e+01 -2.360045053522349434e+01 -2.311370498057874201e+01 -2.408719608986824667e+01
1.256459612611997656e+01 -2.360082974874912054e+01 -2.311338115797706649e+01 -2.408827833952117459e+01
1.257227681816538833e+01 -2.360114286480941104e+01 -2.311302131662437986e+01 -2.408926441299444221e+01
1.257995751021080366e+01 -2.360140077543481851e+01 -2.311268477137132749e+01 -2.409011677949830954e+01
1.258763820225621544e+01 -2.360161558566512952e+01 -2.311241339443495235e+01 -2.409081777689530668e+01
1.259531889430162899e+01 -2.360179678558757743e+01 -2.311223000284132212e+01 -2.409136356833383275e+01
1.260299958634704254e+01 -2.360195076509746670e+01 -2.311213697259123734e+01 -2.409176455760369606e+01
1.261068027839245609e+01 -2.360208726284448488e+01 -2.311210102364212915e+01 -2.409207350204684062e+01
1.261836097043786964e+01 -2.360220631683621662e+01 -2.311209302889358952e+01 -2.409231960477884371e+01
1.262604166248328319e+01 -2.360231405172271479e+01 -2.311209617239974534e+01 -2.409253193104568425e+01
1.263372235452869674e+01 -2.360241322500320393e+01 -2.311210935805517153e+01 -2.409271709195123634e+01
1.264140304657411029e+01 -2.360250642745745253e+01 -2.311212940648204750e+01 -2.409288344843285756e+01
1.264908373861952384e+01 -2.360259528251643246e+01 -2.311215523413547146e+01 -2.409303533089739346e+01
1.265676443066493739e+01 -2.360267989384739451e+01 -2.311219230285106008e+01 -2.409316748484372894e+01
1.266444512271035094e+01 -2.360276184960738277e+01 -2.311223757032476556e+01 -2.409328612888999999e+01
1.267212581475576449e+01 -2.360284206913615535e+01 -2.311228498691605893e+01 -2.409339915135625176e+01
1.267980650680117805e+01 -2.360292002784540344e+01 -2.311233363459533408e+01 -2.409350642109547280e+01
1.268748719884659160e+01 -2.360299843251848628e+01 -2.311238015365366039e+01 -2.409361671138331218e+01
1.269516789089200515e+01 -2.360307958671289441e+01 -2.311200031532690957e+01 -2.409415885809887925e+01
1.270284858293741870e+01 -2.360317227434637743e+01 -2.311134729659581311e+01 -2.409499725209694176e+01
1.271052927498283225e+01 -2.360330150236119806e+01 -2.311086827208969297e+01 -2.409573473263270316e+01
1.271820996702824402e+01 -2.360338258295781344e+01 -2.311073250321413752e+01 -2.409603266270148936e+01
1.272589065907365935e+01 -2.360345251576267600e+01 -2.311064482636024309e+01 -2.409626020516510891e+01
1.273357135111907112e+01 -2.360351579051590321e+01 -2.311059597793721565e+01 -2.409643560309459076e+01
1.274125204316448645e+01 -2.360357660849651751e+01 -2.311056784189037927e+01 -2.409658537510265575e+01
1.274893273520989823e+01 -2.360363666119810233e+01 -2.311054849318448845e+01 -2.409672482921171621e+01
1.275661342725531178e+01 -2.360369542326228753e+01 -2.311053626038127007e+01 -2.409685458614330500e+01
1.276429411930072533e+01 -2.360375388997660195e+01 -2.311053103027274602e+01 -2.409697674968045789e+01
1.277197481134613888e+01 -2.360381420832154475e+01 -2.311053604324863286e+01 -2.409709237339445664e+01
1.277965550339155243e+01 -2.360387483890201565e+01 -2.311054744731002586e+01 -2.409720223049400545e+01
1.278733619543696598e+01 -2.360393421567419736e+01 -2.311055630676363037e+01 -2.409731212458476435e+01
1.279501688748237953e+01 -2.360399066885003805e+01 -2.311056093444221204e+01 -2.409742040325786405e+01
1.280269757952779308e+01 -2.360404299174746612e+01 -2.311056372917940394e+01 -2.409752225431552830e+01
1.281037827157320663e+01 -2.360409208029203043e+01 -2.311056873242220888e+01 -2.409761542816185198e+01
1.281805896361862018e+01 -2.360414833642018806e+01 -2.311058649908099838e+01 -2.409771017375937774e+01
1.282573965566403373e+01 -2.360420263533777430e+01 -2.311060715387664644e+01 -2.409779811679890216e+01
1.283342034770944728e+01 -2.360424085223333179e+01 -2.311061213654802060e+01 -2.409786956791864299e+01
1.284110103975486084e+01 -2.360427088990839550e+01 -2.311060374643248494e+01 -2.409793803338430607e+01
1.284878173180027439e+01 -2.360429729411222155e+01 -2.311059016235573438e+01 -2.409800442586870872e+01
1.285646242384568794e+01 -2.360432081041152230e+01 -2.311057823336682659e+01 -2.409806338745621801e+01
1.286414311589110149e+01 -2.360434202682165505e+01 -2.311056825765821188e+01 -2.409811579598509823e+01
1.287182380793651504e+01 -2.360436103734064872e+01 -2.311056022460069670e+01 -2.409816185008060074e+01
1.287950449998192859e+01 -2.360437811840061073e+01 -2.311055353976770022e+01 -2.409820269703352125e+01
1.288718519202734214e+01 -2.360439358280253330e+01 -2.311054807311236203e+01 -2.409823909249270457e+01
1.289486588407275391e+01 -2.360440753916682510e+01 -2.311054353917163695e+01 -2.409827153916201326e+01
1.290254657611816924e+01 -2.360442046627333568e+01 -2.311054014346901297e+01 -2.409830078907765838e+01
1.291022726816358102e+01 -2.360443279314667464e+01 -2.311053651022664113e+01 -2.409832907606670815e+01
1.291790796020899634e+01 -2.360444402731328850e+01 -2.311052613987146387e+01 -2.409836191475511313e+01
1.292558865225440812e+01 -2.360445480203547675e+01 -2.311050358744668287e+01 -2.409840601662427062e+01
1.293326934429982167e+01 -2.360446512630295146e+01 -2.311048471833972684e+01 -2.409844553426617608e+01
1.294095003634523522e+01 -2.360447452938537793e+01 -2.311046836785704528e+01 -2.409848069091371059e+01
1.294863072839064877e+01 -2.360448301660342452e+01 -2.311045421251701981e+01 -2.409851182068982922e+01
1.295631142043606232e+01 -2.360449062236213535e+01 -2.311044199005831246e+01 -2.409853925466595825e+01
1.296399211248147587e+01 -2.360449730183757922e+01 -2.311043129229907578e+01 -2.409856331137608265e+01
1.297167280452688942e+01 -2.360450322187367078e+01 -2.311042203928463934e+01 -2.409858440446270222e+01
1.297935349657230297e+01 -2.360451179101010410e+01 -2.311041766066974645e+01 -2.409860592135046176e+01
1.298703418861771652e+01 -2.360452034742557004e+01 -2.311041481179344359e+01 -2.409862588305769648e+01
1.299471488066313007e+01 -2.360452869100628348e+01 -2.311041316915634880e+01 -2.409864421285621816e+01
1.300239557270854363e+01 -2.360453721723685305e+01 -2.311041297315229315e+01 -2.409866146132141296e+01
1.301007626475395718e+01 -2.360454764648201120e+01 -2.311041577862805951e+01 -2.409867951433596289e+01
1.301775695679937073e+01 -2.360456343942137991e+01 -2.311042490485175094e+01 -2.409870197399100888e+01
1.302543764884478428e+01 -2.360459072012378101e+01 -2.311044647289900666e+01 -2.409873496734855536e+01
1.303311834089019783e+01 -2.360462878558186617e+01 -2.311047960061554107e+01 -2.409877797054819126e+01
1.304079903293561138e+01 -2.360467429402445916e+01 -2.311052080338886228e+01 -2.409882778466005604e+01
1.304847972498102493e+01 -2.360470278387318288e+01 -2.311054554288203633e+01 -2.409886002486432943e+01
1.305616041702643848e+01 -2.360471561374434657e+01 -2.311055510345190811e+01 -2.409887612403678503e+01
1.306384110907185203e+01 -2.360472660838854608e+01 -2.311056325091730201e+01 -2.409888996585979015e+01
1.307152180111726381e+01 -2.360473796504112443e+01 -2.311057214429393980e+01 -2.409890378578830905e+01
1.307920249316267913e+01 -2.360475202654768268e+01 -2.311058409924059376e+01 -2.409891995385477159e+01
1.308688318520809091e+01 -2.360476689784380966e+01 -2.311059715719023444e+01 -2.409893663849738488e+01
1.309456387725350623e+01 -2.360478373147781639e+01 -2.311061241588315340e+01 -2.409895504707247937e+01
1.310224456929891801e+01 -2.360480327767366759e+01 -2.311063059272342812e+01 -2.409897596262390707e+01
1.310992526134433156e+01 -2.360482639660113335e+01 -2.311065252415932036e+01 -2.409900026904294634e+01
1.311760595338974511e+01 -2.360485423518667503e+01 -2.311067933758485538e+01 -2.409902913278849468e+01
1.312528664543515866e+01 -2.360488827082319219e+01 -2.311071248312752502e+01 -2.409906405851885935e+01
1.313296733748057221e+01 -2.360493429376885643e+01 -2.311075776023875505e+01 -2.409911082729895782e+01
1.314064802952598576e+01 -2.360499674496582045e+01 -2.311081956614212629e+01 -2.409917392378951462e+01
1.314832872157139931e+01 -2.360502737166452292e+01 -2.311084963311453677e+01 -2.409920511021450906e+01
1.315600941361681286e+01 -2.360503671014369331e+01 -2.311085848829683798e+01 -2.409921493199054865e+01
1.316369010566222642e+01 -2.360504258017741108e+01 -2.311086394202575534e+01 -2.409922121832906683e+01
1.317137079770763997e+01 -2.360504749681041048e+01 -2.311086849884234340e+01 -2.409922649477847756e+01
1.317905148975305352e+01 -2.360505171431810822e+01 -2.311087240960312883e+01 -2.409923101903308762e+01
1.318673218179846707e+01 -2.360505577473144356e+01 -2.311087621228124078e+01 -2.409923533718164634e+01
1.319441287384388062e+01 -2.360505931106045452e+01 -2.311087952556034253e+01 -2.409923909656056651e+01
1.320209356588929417e+01 -2.360506242837807989e+01 -2.311088245115033146e+01 -2.409924240560582831e+01
1.320977425793470772e+01 -2.360506537411539085e+01 -2.311088523209617307e+01 -2.409924551613460864e+01
1.321745494998012127e+01 -2.360506830120472799e+01 -2.311088801738474885e+01 -2.409924858502470713e+01
1.322513564202553482e+01 -2.360507111515632417e+01 -2.311089071005153173e+01 -2.409925152026111661e+01
1.323281633407094837e+01 -2.360507348486266466e+01 -2.311089297762058337e+01 -2.409925399210474595e+01
1.324049702611636192e+01 -2.360507644294447616e+01 -2.311089584912791395e+01 -2.409925703676103836e+01
1.324817771816177370e+01 -2.360508168238218829e+01 -2.311090101449512346e+01 -2.409926235026925312e+01
1.325585841020718902e+01 -2.360508796733769543e+01 -2.311090723592428375e+01 -2.409926869875110711e+01
1.326353910225260080e+01 -2.360509834340739488e+01 -2.311091755757303545e+01 -2.409927912924175430e+01
1.327121979429801613e+01 -2.360511348239788276e+01 -2.311093265017760601e+01 -2.409929431461815952e+01
1.327890048634342790e+01 -2.360512397069401658e+01 -2.311094309898799892e+01 -2.409930484240003423e+01
1.328658117838884145e+01 -2.360512978841722997e+01 -2.311094888370602263e+01 -2.409931069312843732e+01
1.329426187043425500e+01 -2.360513528798850302e+01 -2.311095435543316512e+01 -2.409931622054384093e+01
1.330194256247966855e+01 -2.360514070541007214e+01 -2.311095974902796968e+01 -2.409932166179217461e+01
1.330962325452508210e+01 -2.360514618538168108e+01 -2.311096520867998194e+01 -2.409932716208338022e+01
1.331730394657049565e+01 -2.360515199747403159e+01 -2.311097100351525313e+01 -2.409933299143281005e+01
1.332498463861590920e+01 -2.360515870864405485e+01 -2.311097770004100838e+01 -2.409933971724710133e+01
1.333266533066132276e+01 -2.360516736702116347e+01 -2.311098634595128942e+01 -2.409934838809103752e+01
1.450000000000000000e+01 -2.360516736702116347e+01 -2.311098634595128942e+01 -2.409934838809103752e+01
