# # logMh LcMh -err(LcMh) +err(LcMh)
9.500000000000000000e+00 3.817602671464204178e+00 4.024009657019830044e+00 3.611195685908578312e+00
9.508819241689792534e+00 3.740544547028957112e+00 3.946858115830568892e+00 3.534230978227345332e+00
9.517638483379585068e+00 3.663488075804604449e+00 3.869573103063684183e+00 3.457403048545524715e+00
9.526457725069377602e+00 3.586317916432223640e+00 3.792574326996501100e+00 3.380061505867946181e+00
9.535276966759170136e+00 3.508982217345258281e+00 3.715352152442633837e+00 3.302612282247882725e+00
9.544096208448962670e+00 3.431576700518333300e+00 3.638054036220881304e+00 3.225099364815785297e+00
9.552915450138755205e+00 3.353943186323753878e+00 3.560616645022795179e+00 3.147269727624712576e+00
9.561734691828547739e+00 3.276218916237609857e+00 3.483147045070270842e+00 3.069290787404948873e+00
9.570553933518338496e+00 3.198347198137238667e+00 3.405435086314700044e+00 2.991259309959777291e+00
9.579373175208131030e+00 3.120336211439771468e+00 3.327410841290489252e+00 2.913261581589053684e+00
9.588192416897923565e+00 3.042321112157874818e+00 3.249239236880784087e+00 2.835402987434965549e+00
9.597011658587716099e+00 2.964147100869543028e+00 3.170638890071845406e+00 2.757655311667240650e+00
9.605830900277508633e+00 2.885981059891272071e+00 3.092123709094581674e+00 2.679838410687962469e+00
9.614650141967301167e+00 2.807853369457698367e+00 3.013675321185218525e+00 2.602031417730178209e+00
9.623469383657093701e+00 2.729755337951445426e+00 2.935051018103570719e+00 2.524459657799320134e+00
9.632288625346886235e+00 2.651759017563597887e+00 2.856716153990271234e+00 2.446801881136924539e+00
9.641107867036678769e+00 2.573701759971887881e+00 2.778428100201264517e+00 2.368975419742511246e+00
9.649927108726471303e+00 2.495755900905923141e+00 2.700086731421456498e+00 2.291425070390389784e+00
9.658746350416263837e+00 2.417823182293445949e+00 2.621919601415525047e+00 2.213726763171366851e+00
9.667565592106056371e+00 2.339730093847653514e+00 2.543833531362879263e+00 2.135626656332427764e+00
9.676384833795848905e+00 2.261543105252770136e+00 2.465781928106490994e+00 2.057304282399049278e+00
9.685204075485641440e+00 2.183173862337560056e+00 2.387616498868875503e+00 1.978731225806244609e+00
9.694023317175432197e+00 2.104678413837104411e+00 2.309292888369945285e+00 1.900063939304263538e+00
9.702842558865224731e+00 2.026093256324795533e+00 2.230714955274685884e+00 1.821471557374905181e+00
9.711661800555017265e+00 1.947315474113079148e+00 2.151892462360606384e+00 1.742738485865552134e+00
9.720481042244809800e+00 1.868462018387744505e+00 2.072987718936003088e+00 1.663936317839485923e+00
9.729300283934602334e+00 1.789532412841864151e+00 1.993910232887540213e+00 1.585154592796188089e+00
9.738119525624394868e+00 1.710465090163808544e+00 1.914757045691591220e+00 1.506173134636025868e+00
9.746938767314187402e+00 1.631336728497835509e+00 1.835627103084230383e+00 1.427046353911440635e+00
9.755758009003979936e+00 1.552018391744643955e+00 1.756358910807739981e+00 1.347677872681547928e+00
9.764577250693772470e+00 1.472549391562089971e+00 1.677021964564080259e+00 1.268076818560099683e+00
9.773396492383565004e+00 1.393005255061803505e+00 1.597585498843568930e+00 1.188425011280038079e+00
9.782215734073357538e+00 1.313203608848865667e+00 1.517927258426325476e+00 1.108479959271405857e+00
9.791034975763150072e+00 1.233279923419302815e+00 1.438160598720020333e+00 1.028399248118585296e+00
9.799854217452942606e+00 1.153188630581710283e+00 1.358144492754967736e+00 9.482327684084527197e-01
9.808673459142735140e+00 1.072928397609729467e+00 1.277916688634113340e+00 8.679401065853455943e-01
9.817492700832525898e+00 9.925914573627911963e-01 1.197628598949130430e+00 7.875543157764518520e-01
9.826311942522318432e+00 9.120636211677485283e-01 1.117016284027379847e+00 7.071109583081172101e-01
9.835131184212110966e+00 8.315269319781493085e-01 1.036344816369593191e+00 6.267090475867054256e-01
9.843950425901903500e+00 7.509721899979721060e-01 9.554290986497493421e-01 5.465152813461948700e-01
9.852769667591696034e+00 6.704091502770047617e-01 8.744420982796404784e-01 4.663762022743690450e-01
9.861588909281488569e+00 5.899813647960029384e-01 7.934810157952814080e-01 3.864817137967244687e-01
9.870408150971281103e+00 5.094293144686543595e-01 7.124304156696713575e-01 3.064282132676373616e-01
9.879227392661073637e+00 4.290312325773707469e-01 6.315351200972962875e-01 2.265273450574451508e-01
9.888046634350866171e+00 3.486900491756578235e-01 5.507746955100307762e-01 1.466054028412849264e-01
9.896865876040658705e+00 2.683174218991098980e-01 4.701906696968818911e-01 6.644417410133790503e-02
9.905685117730451239e+00 1.879985088804404791e-01 3.897331516334427981e-01 -1.373613387256186757e-02
9.914504359420243773e+00 1.073512168048879750e-01 3.091910926600608955e-01 -9.448865905028493162e-02
9.923323601110036307e+00 2.657730905433371496e-02 2.286101447345175730e-01 -1.754555266258501223e-01
9.932142842799828841e+00 -5.440819284900495073e-02 1.478587883381585200e-01 -2.566751740361684075e-01
9.940962084489619599e+00 -1.356239890789890656e-01 6.674416194945739789e-02 -3.379921401074355014e-01
9.949781326179412133e+00 -2.168695097116024872e-01 -1.459191250486313596e-02 -4.191471069183418385e-01
9.958600567869204667e+00 -2.983758219855330296e-01 -9.610933351163436500e-02 -5.006423104594317497e-01
9.967419809558997201e+00 -3.799397175010665317e-01 -1.776708118383393820e-01 -5.822086231637937370e-01
9.976239051248789735e+00 -4.615618619794619182e-01 -2.593412063361227871e-01 -6.637825176228010493e-01
9.985058292938582269e+00 -5.433745099296669601e-01 -3.413069999752057493e-01 -7.454420198841281708e-01
9.993877534628374804e+00 -6.252108439949557450e-01 -4.231305176219103958e-01 -8.272911703680010387e-01
1.000269677631816734e+01 -7.072443557466928654e-01 -5.051612474762118277e-01 -9.093274640171739032e-01
1.001151601800795987e+01 -7.893460002818802890e-01 -5.873258228842541673e-01 -9.913661776795064107e-01
1.002033525969775241e+01 -8.715012516645945784e-01 -6.695256801106961309e-01 -1.073476823218493026e+00
1.002915450138754494e+01 -9.538307411913407030e-01 -7.518380356336822334e-01 -1.155823446748999173e+00
1.003797374307733747e+01 -1.036192664510158457e+00 -8.342231556477791576e-01 -1.238162173372537644e+00
1.004679298476713001e+01 -1.118704488070544567e+00 -9.167678875406986005e-01 -1.320641088600390534e+00
1.005561222645692254e+01 -1.201299102011593511e+00 -9.993390100000590914e-01 -1.403259194023128043e+00
1.006443146814671508e+01 -1.283933181118084521e+00 -1.081974157955497562e+00 -1.485892204280671480e+00
1.007325070983650583e+01 -1.366744900109543082e+00 -1.164835047537445156e+00 -1.568654752681641007e+00
1.008206995152629837e+01 -1.449643983170299189e+00 -1.247836966940763848e+00 -1.651450999399834529e+00
1.009088919321609090e+01 -1.532675021992615072e+00 -1.331013440974508688e+00 -1.734336603010721456e+00
1.009970843490588344e+01 -1.615868567199414185e+00 -1.414352207441568865e+00 -1.817384926957259506e+00
1.010852767659567597e+01 -1.699153350400279372e+00 -1.497770617539546878e+00 -1.900536083261011866e+00
1.011734691828546850e+01 -1.782627783831599810e+00 -1.581333660140424424e+00 -1.983921907522775196e+00
1.012616615997526104e+01 -1.866226464128942109e+00 -1.665009911963503342e+00 -2.067443016294380875e+00
1.013498540166505357e+01 -1.949936720030992277e+00 -1.748811279904954441e+00 -2.151062160157029890e+00
1.014380464335484611e+01 -2.033867042636393840e+00 -1.832843650365344246e+00 -2.234890434907443435e+00
1.015262388504463864e+01 -2.117879559828447000e+00 -1.916993613554064613e+00 -2.318765506102829388e+00
1.016144312673443117e+01 -2.202030538108910473e+00 -2.001230254321166413e+00 -2.402830821896654534e+00
1.017026236842422371e+01 -2.286299237092892955e+00 -2.085618627751494536e+00 -2.486979846434291375e+00
1.017908161011401624e+01 -2.370611493821143334e+00 -2.170021306834768016e+00 -2.571201680807518652e+00
1.018790085180380700e+01 -2.455140334426437310e+00 -2.254575198453659723e+00 -2.655705470399214896e+00
1.019672009349359953e+01 -2.539736719567369239e+00 -2.339275809613333035e+00 -2.740197629521405442e+00
1.020553933518339207e+01 -2.624434784013351951e+00 -2.424216060291720876e+00 -2.824653507734983027e+00
1.021435857687318460e+01 -2.709317633684831694e+00 -2.509177006001512833e+00 -2.909458261368150556e+00
1.022317781856297714e+01 -2.794228439986739421e+00 -2.594112412417718172e+00 -2.994344467555760669e+00
1.023199706025276967e+01 -2.879430381686785001e+00 -2.679401144062824702e+00 -3.079459619310745300e+00
1.024081630194256221e+01 -2.964683547272353170e+00 -2.764737529576137831e+00 -3.164629564968568509e+00
1.024963554363235474e+01 -3.049990597267609349e+00 -2.850288014945655313e+00 -3.249693179589563385e+00
1.025845478532214727e+01 -3.135620911696355595e+00 -2.935955636927165546e+00 -3.335286186465545644e+00
1.026727402701193981e+01 -3.221295599739653515e+00 -3.021593474514590927e+00 -3.420997724964716102e+00
1.027609326870173234e+01 -3.307236783344003062e+00 -3.107746562814763802e+00 -3.506727003873242321e+00
1.028491251039152488e+01 -3.393278486802396188e+00 -3.194053412605414088e+00 -3.592503560999378287e+00
1.029373175208131741e+01 -3.479429286288035605e+00 -3.280341539402143791e+00 -3.678517033173927420e+00
1.030255099377110994e+01 -3.565950294700414247e+00 -3.366941696806719175e+00 -3.764958892594109319e+00
1.031137023546090248e+01 -3.652455993003797641e+00 -3.453906429001388556e+00 -3.851005557006206725e+00
1.032018947715069324e+01 -3.739244290120979031e+00 -3.541176866813296353e+00 -3.937311713428661708e+00
1.032900871884048577e+01 -3.826129308535772822e+00 -3.628206956319770971e+00 -4.024051660751775117e+00
1.033782796053027830e+01 -3.913083594648529839e+00 -3.715577146588929569e+00 -4.110590042708130554e+00
1.034664720222007084e+01 -4.000344680236509021e+00 -3.803260144407291765e+00 -4.197429216065726720e+00
1.035546644390986337e+01 -4.087550054208660910e+00 -3.890851365937716189e+00 -4.284248742479605632e+00
1.036428568559965591e+01 -4.174936696981136564e+00 -3.978849204051711386e+00 -4.371024189910561297e+00
1.037310492728944844e+01 -4.262378058718192975e+00 -4.066721038783640552e+00 -4.458035078652745398e+00
1.038192416897924097e+01 -4.349852247466125199e+00 -4.154391574890976990e+00 -4.545312920041273408e+00
1.039074341066903351e+01 -4.437555242913219011e+00 -4.242345750245193337e+00 -4.632764735581244686e+00
1.039956265235882604e+01 -4.525183405477847032e+00 -4.330250636871125991e+00 -4.720116174084568073e+00
1.040838189404861858e+01 -4.612946258646525521e+00 -4.418142870259793575e+00 -4.807749647033257467e+00
1.041720113573841111e+01 -4.700823267713387210e+00 -4.506075838430048108e+00 -4.895570696996726312e+00
1.042602037742820364e+01 -4.788746732397040518e+00 -4.594058328973247285e+00 -4.983435135820833750e+00
1.043483961911799618e+01 -4.876947017724930333e+00 -4.682128100635361001e+00 -5.071765934814499666e+00
1.044365886080778694e+01 -4.965303803986670594e+00 -4.770212728372976052e+00 -5.160394879600365137e+00
1.045247810249757947e+01 -5.053898465022253816e+00 -4.858634997940394662e+00 -5.249161932104112971e+00
1.046129734418737200e+01 -5.142737915564338458e+00 -4.947406605915046995e+00 -5.338069225213629920e+00
1.047011658587716454e+01 -5.231679258262790455e+00 -5.036349727190926551e+00 -5.427008789334654359e+00
1.047893582756695707e+01 -5.320871428353046717e+00 -5.125552962861431361e+00 -5.516189893844662073e+00
1.048775506925674961e+01 -5.410206887040850177e+00 -5.214772975098145302e+00 -5.605640798983555051e+00
1.049657431094654214e+01 -5.499704787850873799e+00 -5.304325317700664399e+00 -5.695084258001083199e+00
1.050539355263633468e+01 -5.589392318021389805e+00 -5.394322416853782443e+00 -5.784462219188997167e+00
1.051421279432612721e+01 -5.679108396272756210e+00 -5.484229680569822740e+00 -5.873987111975689679e+00
1.052303203601591974e+01 -5.769047347264231185e+00 -5.574171461105835945e+00 -5.963923233422626424e+00
1.053185127770571228e+01 -5.859202129869829356e+00 -5.664436959560190665e+00 -6.053967300179468047e+00
1.054067051939550481e+01 -5.949421358982871055e+00 -5.754921285852028667e+00 -6.143921432113713443e+00
1.054948976108529735e+01 -6.039863195559083131e+00 -5.845511138035017318e+00 -6.234215253083148944e+00
1.055830900277508988e+01 -6.130409578191039266e+00 -5.935934976636514371e+00 -6.324884179745564161e+00
1.056712824446488241e+01 -6.221093443990354466e+00 -6.026393275862383270e+00 -6.415793612118325662e+00
1.057594748615467317e+01 -6.312042216676719164e+00 -6.117818176179230960e+00 -6.506266257174207368e+00
1.058476672784446571e+01 -6.403088983388204092e+00 -6.209554621259897544e+00 -6.596623345516510639e+00
1.059358596953425824e+01 -6.494401418998182685e+00 -6.300915800145356904e+00 -6.687887037851008465e+00
1.060240521122405077e+01 -6.585801968643606230e+00 -6.392131287419739571e+00 -6.779472649867472889e+00
1.061122445291384331e+01 -6.677304461555308102e+00 -6.483840321446091792e+00 -6.870768601664524411e+00
1.062004369460363584e+01 -6.769164568722441544e+00 -6.576029468996575922e+00 -6.962299668448307166e+00
1.062886293629342838e+01 -6.861092286489318681e+00 -6.668255306455690423e+00 -7.053929266522946939e+00
1.063768217798322091e+01 -6.953290196429722236e+00 -6.760019531601813014e+00 -7.146560861257631458e+00
1.064650141967301344e+01 -7.045567462339819009e+00 -6.851369276727643509e+00 -7.239765647951994509e+00
1.065532066136280598e+01 -7.137909391206446408e+00 -6.943420884449543529e+00 -7.332397897963349287e+00
1.066413990305259851e+01 -7.230724721002751210e+00 -7.035613253850446114e+00 -7.425836188155056306e+00
1.067295914474239105e+01 -7.323640625167895379e+00 -7.128287655440793458e+00 -7.518993594894997301e+00
1.068177838643218358e+01 -7.416824656602274857e+00 -7.221205168301418453e+00 -7.612444144903131260e+00
1.069059762812197434e+01 -7.510182968911658818e+00 -7.314224414473893709e+00 -7.706141523349423927e+00
1.069941686981176687e+01 -7.603615519586740312e+00 -7.408314922486757936e+00 -7.798916116686722688e+00
1.070823611150155941e+01 -7.697431420949599534e+00 -7.502209079593924912e+00 -7.892653762305274157e+00
1.071705535319135194e+01 -7.791007792916470720e+00 -7.595935744873946405e+00 -7.986079840958995035e+00
1.072587459488114447e+01 -7.884819940552505457e+00 -7.689616615220289830e+00 -8.080023265884721084e+00
1.073469383657093701e+01 -7.978795533024964470e+00 -7.783198185256797075e+00 -8.174392880793131866e+00
1.074351307826072954e+01 -8.072734347074108641e+00 -7.877300098636832004e+00 -8.268168595511385277e+00
1.075233231995052208e+01 -8.167055251078000566e+00 -7.971982261044221474e+00 -8.362128241111779658e+00
1.076115156164031461e+01 -8.261362727189730748e+00 -8.066749689986936644e+00 -8.455975764392524852e+00
1.076997080333010715e+01 -8.355966001522585174e+00 -8.161933341123797092e+00 -8.549998661921373255e+00
1.077879004501989968e+01 -8.450884844794298800e+00 -8.257270349578991642e+00 -8.644499340009605959e+00
1.078760928670969221e+01 -8.545803501753397313e+00 -8.352577268214629314e+00 -8.739029735292165313e+00
1.079642852839948475e+01 -8.641139451174048247e+00 -8.448257364754844900e+00 -8.834021537593251594e+00
1.080524777008927728e+01 -8.736589693401743517e+00 -8.543949150807751636e+00 -8.929230235995735399e+00
1.081406701177906982e+01 -8.832303189972707358e+00 -8.639722822645168776e+00 -9.024883557300245940e+00
1.082288625346886235e+01 -8.928233899266768248e+00 -8.735861891326422324e+00 -9.120605907207114171e+00
1.083170549515865311e+01 -9.024169688871230832e+00 -8.831927932605058373e+00 -9.216411445137403291e+00
1.084052473684844564e+01 -9.120510898239890807e+00 -8.928272812475027465e+00 -9.312748984004754149e+00
1.084934397853823818e+01 -9.217046588917716221e+00 -9.024812749454559579e+00 -9.409280428380872863e+00
1.085816322022803071e+01 -9.313700373175088032e+00 -9.121530701191163715e+00 -9.505870045159012349e+00
1.086698246191782324e+01 -9.410536478869719446e+00 -9.218520759877547377e+00 -9.602552197861891514e+00
1.087580170360761578e+01 -9.507453748177054464e+00 -9.315523960632473788e+00 -9.699383535721635141e+00
1.088462094529740831e+01 -9.604715570448847828e+00 -9.412762165456364016e+00 -9.796668975441331639e+00
1.089344018698720085e+01 -9.702150449082534323e+00 -9.510293600622837573e+00 -9.894007297542231072e+00
1.090225942867699338e+01 -9.799633719887046013e+00 -9.607993924765535709e+00 -9.991273515008556316e+00
1.091107867036678591e+01 -9.897415386018037609e+00 -9.706008832611930259e+00 -1.008882193942414496e+01
1.091989791205657845e+01 -9.995392613829540807e+00 -9.804238377809445737e+00 -1.018654684984963588e+01
1.092871715374637098e+01 -1.009361648094096076e+01 -9.902882665558887965e+00 -1.028435029632303355e+01
1.093753639543616174e+01 -1.019208340917526456e+01 -1.000203137142952947e+01 -1.038213544692099966e+01
1.094635563712595427e+01 -1.029065908516693817e+01 -1.010127317303782313e+01 -1.048004499729605321e+01
1.095517487881574681e+01 -1.038962581401468910e+01 -1.020086446511952438e+01 -1.057838716290985381e+01
1.096399412050553934e+01 -1.048875302768690787e+01 -1.030082699063986951e+01 -1.067667906473394623e+01
1.097281336219533188e+01 -1.058797120999019725e+01 -1.040113025812327763e+01 -1.077481216185711688e+01
1.098163260388512441e+01 -1.068764544390172766e+01 -1.050200549101208480e+01 -1.087328539679137052e+01
1.099045184557491694e+01 -1.078747586987912221e+01 -1.060312828083959857e+01 -1.097182345891864585e+01
1.099927108726470948e+01 -1.088762321957061907e+01 -1.070447867308755363e+01 -1.107076776605368451e+01
1.100809032895450201e+01 -1.098783046928555329e+01 -1.080613500222058931e+01 -1.116952593635051727e+01
1.101690957064429455e+01 -1.108810073063298418e+01 -1.090794672382051012e+01 -1.126825473744545825e+01
1.102572881233408708e+01 -1.118902159050173140e+01 -1.100907974207540718e+01 -1.136896343892805561e+01
1.103454805402387962e+01 -1.128991537072969109e+01 -1.111030429985818024e+01 -1.146952644160120194e+01
1.104336729571367215e+01 -1.139095265982867211e+01 -1.121180617057058271e+01 -1.157009914908676151e+01
1.105218653740346468e+01 -1.149221704841473901e+01 -1.131325938789900576e+01 -1.167117470893047226e+01
1.106100577909325722e+01 -1.159360873531893077e+01 -1.141372782324405044e+01 -1.177348964739381110e+01
1.106982502078304975e+01 -1.169551914924991465e+01 -1.151517762176721860e+01 -1.187586067673261070e+01
1.107864426247284051e+01 -1.179714625471896206e+01 -1.161659661838067770e+01 -1.197769589105724641e+01
1.108746350416263304e+01 -1.189893739997662436e+01 -1.171846366254956706e+01 -1.207941113740368166e+01
1.109628274585242558e+01 -1.200109387940144501e+01 -1.182122118108841313e+01 -1.218096657771447688e+01
1.110510198754221811e+01 -1.210314437850509961e+01 -1.192359338661288604e+01 -1.228269537039731318e+01
1.111392122923201065e+01 -1.220562754455969134e+01 -1.202648898440630099e+01 -1.238476610471308170e+01
1.112274047092180318e+01 -1.230808079445605152e+01 -1.212961083694672126e+01 -1.248655075196538178e+01
1.113155971261159571e+01 -1.241094466814714181e+01 -1.223251390343840583e+01 -1.258937543285587779e+01
1.114037895430138825e+01 -1.251387345476279478e+01 -1.233398020958571983e+01 -1.269376669993986972e+01
1.114919819599118078e+01 -1.261663994848490589e+01 -1.243564053529502544e+01 -1.279763936167478633e+01
1.115801743768097332e+01 -1.272006221901671807e+01 -1.253769752164280149e+01 -1.290242691639063466e+01
1.116683667937076585e+01 -1.282362652182035312e+01 -1.263971335661783968e+01 -1.300753968702286656e+01
1.117565592106055838e+01 -1.292728789184251426e+01 -1.274222016058131679e+01 -1.311235562310371172e+01
1.118447516275035092e+01 -1.303108331296583877e+01 -1.284503518004721023e+01 -1.321713144588446731e+01
1.119329440444014168e+01 -1.313490979882609366e+01 -1.294763391265985675e+01 -1.332218568499233058e+01
1.120211364612993421e+01 -1.323920872438104190e+01 -1.305060590518088048e+01 -1.342781154358120332e+01
1.121093288781972674e+01 -1.334332341359399443e+01 -1.315365242712123184e+01 -1.353299440006675702e+01
1.121975212950951928e+01 -1.344736746129064286e+01 -1.325672698509669090e+01 -1.363800793748459483e+01
1.122857137119931181e+01 -1.355185710345299199e+01 -1.335982085276363129e+01 -1.374389335414235269e+01
1.123739061288910435e+01 -1.365638127224792342e+01 -1.346313824664432879e+01 -1.384962429785151805e+01
1.124620985457889688e+01 -1.376097203048527895e+01 -1.356694807182932117e+01 -1.395499598914123673e+01
1.125502909626868941e+01 -1.386554513060268334e+01 -1.367108923884117822e+01 -1.406000102236418847e+01
1.126384833795848195e+01 -1.397037480543928112e+01 -1.377568666835285249e+01 -1.416506294252570974e+01
1.127266757964827448e+01 -1.407545197118976077e+01 -1.388077007407082242e+01 -1.427013386830869912e+01
1.128148682133806702e+01 -1.418028941909100560e+01 -1.398592493556334659e+01 -1.437465390261866460e+01
1.129030606302785955e+01 -1.428543483075692677e+01 -1.409139042592556912e+01 -1.447947923558828442e+01
1.129912530471765209e+01 -1.439106573527734234e+01 -1.419750686434158560e+01 -1.458462460621309909e+01
1.130794454640744462e+01 -1.449667720469659571e+01 -1.430406381647041236e+01 -1.468929059292277906e+01
1.131676378809723715e+01 -1.460217189148770345e+01 -1.441067785677513768e+01 -1.479366592620026921e+01
1.132558302978702969e+01 -1.470771517242987336e+01 -1.451765978496008103e+01 -1.489777055989966570e+01
1.133440227147682045e+01 -1.481371611719361425e+01 -1.462532362411377207e+01 -1.500210861027345643e+01
1.134322151316661298e+01 -1.491981354445022667e+01 -1.473276513421551215e+01 -1.510686195468494120e+01
1.135204075485640551e+01 -1.502543350030912706e+01 -1.483974236837305227e+01 -1.521112463224520184e+01
1.136085999654619805e+01 -1.513138486392993975e+01 -1.494705344248954049e+01 -1.531571628537033902e+01
1.136967923823599058e+01 -1.523779314958755116e+01 -1.505451586491246729e+01 -1.542107043426263502e+01
1.137849847992578312e+01 -1.534393235786898835e+01 -1.516147822108185572e+01 -1.552638649465612097e+01
1.138731772161557565e+01 -1.545004765956673154e+01 -1.526844741083822043e+01 -1.563164790829524264e+01
1.139613696330536818e+01 -1.555645094967834474e+01 -1.537522299959565153e+01 -1.573767889976103795e+01
1.140495620499516072e+01 -1.566323863979553366e+01 -1.548141965285141630e+01 -1.584505762673965101e+01
1.141377544668495325e+01 -1.576975406923404499e+01 -1.558842217324581370e+01 -1.595108596522227629e+01
1.142259468837474579e+01 -1.587591731291820629e+01 -1.569492046364173987e+01 -1.605691416219467271e+01
1.143141393006453832e+01 -1.598292937490438348e+01 -1.580131526154914390e+01 -1.616454348825962484e+01
1.144023317175432908e+01 -1.608994480976347319e+01 -1.590783135093668932e+01 -1.627205826859025706e+01
1.144905241344412161e+01 -1.619627736567625576e+01 -1.601383848557025757e+01 -1.637871624578225394e+01
1.145787165513391415e+01 -1.630266371843789130e+01 -1.611972007200935764e+01 -1.648560736486642497e+01
1.146669089682370668e+01 -1.640965112952395799e+01 -1.622688453862030755e+01 -1.659241772042760843e+01
1.147551013851349921e+01 -1.651679683935850562e+01 -1.633371454230769970e+01 -1.669987913640931154e+01
1.148432938020329175e+01 -1.662289321808798803e+01 -1.643958992668927621e+01 -1.680619650948669985e+01
1.149314862189308428e+01 -1.672931716235932598e+01 -1.654622850926592648e+01 -1.691240581545272548e+01
1.150196786358287682e+01 -1.683672235752096569e+01 -1.665400423979628997e+01 -1.701944047524564141e+01
1.151078710527266935e+01 -1.694315329828559413e+01 -1.676112844539424884e+01 -1.712517815117693942e+01
1.151960634696246188e+01 -1.704920083503785477e+01 -1.686816537113532632e+01 -1.723023629894038322e+01
1.152842558865225442e+01 -1.715587601811141027e+01 -1.697455609271140986e+01 -1.733719594351141069e+01
1.153724483034204695e+01 -1.726296222239544065e+01 -1.708155015124195231e+01 -1.744437429354892899e+01
1.154606407203183949e+01 -1.736906697969621050e+01 -1.718928810102256577e+01 -1.754884585836985522e+01
1.155488331372163202e+01 -1.747457019106280995e+01 -1.729568439048393813e+01 -1.765345599164168178e+01
1.156370255541142456e+01 -1.758128304029817457e+01 -1.740334762231324106e+01 -1.775921845828310808e+01
1.157252179710121709e+01 -1.768792568701204360e+01 -1.751054317434472551e+01 -1.786530819967936168e+01
1.158134103879100962e+01 -1.779296383608193111e+01 -1.761682070466668293e+01 -1.796910696749717928e+01
1.159016028048080038e+01 -1.789821915824827059e+01 -1.772241535771075149e+01 -1.807402295878578968e+01
1.159897952217059292e+01 -1.800428942539948096e+01 -1.782701185221382190e+01 -1.818156699858514003e+01
1.160779876386038545e+01 -1.810996443160777147e+01 -1.793292423508449929e+01 -1.828700462813104366e+01
1.161661800555017798e+01 -1.821424742477391234e+01 -1.803753850355100141e+01 -1.839095634599682327e+01
1.162543724723997052e+01 -1.831857716167891681e+01 -1.814208964072475894e+01 -1.849506468263307468e+01
1.163425648892976305e+01 -1.842519346456253970e+01 -1.824870407591011556e+01 -1.860168285321496384e+01
1.164307573061955559e+01 -1.853017888308113115e+01 -1.832994208065567321e+01 -1.873041568550658909e+01
1.165189497230934812e+01 -1.863361818900458999e+01 -1.841605670162522657e+01 -1.885117967638395342e+01
1.166071421399914065e+01 -1.873719505166429400e+01 -1.852416277163002789e+01 -1.895022733169856011e+01
1.166953345568893319e+01 -1.884071030720268070e+01 -1.864881613277502126e+01 -1.903260448163034013e+01
1.167835269737872572e+01 -1.894298990028119789e+01 -1.876843451771375726e+01 -1.911754528284863852e+01
1.168717193906851648e+01 -1.904403386408501575e+01 -1.887008283741021941e+01 -1.921798489075981209e+01
1.169599118075830901e+01 -1.914593883051399814e+01 -1.897370056941770144e+01 -1.931817709161029484e+01
1.170481042244810155e+01 -1.924827467971127959e+01 -1.907763106817217746e+01 -1.941891829125038171e+01
1.171362966413789408e+01 -1.934882386678519595e+01 -1.917864668190552280e+01 -1.951900105166486910e+01
1.172244890582768662e+01 -1.944816192547226308e+01 -1.927884606782404475e+01 -1.961747778312048140e+01
1.173126814751747915e+01 -1.954818163174501677e+01 -1.938058973142950947e+01 -1.971577353206052408e+01
1.174008738920727168e+01 -1.964891188040197534e+01 -1.948319890945049337e+01 -1.981462485135345730e+01
1.174890663089706422e+01 -1.974787156829966506e+01 -1.958516743044115316e+01 -1.991057570615817696e+01
1.175772587258685675e+01 -1.984454699494526153e+01 -1.968489950078129880e+01 -2.000419448910922426e+01
1.176654511427664929e+01 -1.994166604451796587e+01 -1.978311741154643499e+01 -2.010021467748949675e+01
1.177536435596644182e+01 -2.003892630503088768e+01 -1.988099289865489538e+01 -2.019685971140687997e+01
1.178418359765623435e+01 -2.013549658512577878e+01 -1.996344943888593448e+01 -2.030754373136562307e+01
1.179300283934602689e+01 -2.023137500410415157e+01 -2.004912636515265589e+01 -2.041362364305564725e+01
1.180182208103581942e+01 -2.032627560191080462e+01 -2.014363213759745008e+01 -2.050891906622415917e+01
1.181064132272561196e+01 -2.041988429152914009e+01 -2.024950674360386316e+01 -2.059026183945441701e+01
1.181946056441540449e+01 -2.051282785218253579e+01 -2.035607367607174467e+01 -2.066958202829332691e+01
1.182827980610519703e+01 -2.060462080428739995e+01 -2.045578983465552625e+01 -2.075345177391927365e+01
1.183709904779498778e+01 -2.069571182170527024e+01 -2.054910757897275886e+01 -2.084231606443778162e+01
1.184591828948478032e+01 -2.078609635561740632e+01 -2.064303663133543409e+01 -2.092915607989937854e+01
1.185473753117457285e+01 -2.087500932234020112e+01 -2.073240597706371346e+01 -2.101761266761668878e+01
1.186355677286436539e+01 -2.096383332813615752e+01 -2.082395087874034800e+01 -2.110371577753196703e+01
1.187237601455415792e+01 -2.105389415783303519e+01 -2.079903543586391734e+01 -2.130875287980215305e+01
1.188119525624395045e+01 -2.114013994749215897e+01 -2.091317990967155538e+01 -2.136709998531276256e+01
1.189001449793374299e+01 -2.123102130779486885e+01 -2.098806982498053486e+01 -2.147397279060920283e+01
1.189883373962353552e+01 -2.131351920373807829e+01 -2.110094591443274936e+01 -2.152609249304340722e+01
1.190765298131332806e+01 -2.139508179713745406e+01 -2.121538172366732411e+01 -2.157478187060758401e+01
1.191647222300312059e+01 -2.147510671624646150e+01 -2.132567784778388287e+01 -2.162453558470904014e+01
1.192529146469291312e+01 -2.155465826682565122e+01 -2.142325309254012566e+01 -2.168606344111117679e+01
1.193411070638270388e+01 -2.163287956619310393e+01 -2.150270548752270372e+01 -2.176305364486350413e+01
1.194292994807249642e+01 -2.170989402726539197e+01 -2.158098938325888128e+01 -2.183879867127190266e+01
1.195174918976228895e+01 -2.178567973797344237e+01 -2.165586108464140480e+01 -2.191549839130547994e+01
1.196056843145208148e+01 -2.186140029973746834e+01 -2.173175630139801484e+01 -2.199104429807692185e+01
1.196938767314187402e+01 -2.193943836626795729e+01 -2.165887804288870200e+01 -2.221999868964721259e+01
1.197820691483166655e+01 -2.201323939456742806e+01 -2.171937089905715723e+01 -2.230710789007769890e+01
1.198702615652145909e+01 -2.208617854827856064e+01 -2.181746177673211307e+01 -2.235489531982500822e+01
1.199584539821125162e+01 -2.215434132322444327e+01 -2.187182082512411441e+01 -2.243686182132477214e+01
1.200466463990104415e+01 -2.222273532667319174e+01 -2.196590700117975814e+01 -2.247956365216662533e+01
1.201348388159083669e+01 -2.228885096830379098e+01 -2.202973523312496695e+01 -2.254796670348261500e+01
1.202230312328062922e+01 -2.235217609785385307e+01 -2.211337238207539357e+01 -2.259097981363231256e+01
1.203112236497042176e+01 -2.241245894868931998e+01 -2.219191771393535362e+01 -2.263300018344328635e+01
1.203994160666021429e+01 -2.247181423007095447e+01 -2.227234515724930120e+01 -2.267128330289260774e+01
1.204876084835000682e+01 -2.252887425590362014e+01 -2.234867701776670046e+01 -2.270907149404053982e+01
1.205758009003979936e+01 -2.258385284342895716e+01 -2.240792040634222815e+01 -2.275978528051568617e+01
1.206639933172959189e+01 -2.263726975213947412e+01 -2.245788952490676138e+01 -2.281664997937218686e+01
1.207521857341938443e+01 -2.269078993070909078e+01 -2.250842686408462967e+01 -2.287315299733355189e+01
1.208403781510917696e+01 -2.274377263728196397e+01 -2.255578218173178939e+01 -2.293176309283213854e+01
1.209285705679896772e+01 -2.279641222632694664e+01 -2.260171249535246218e+01 -2.299111195730143109e+01
1.210167629848876025e+01 -2.284916817607322059e+01 -2.267105134028223645e+01 -2.302728501186420473e+01
1.211049554017855279e+01 -2.290019072666981970e+01 -2.270526140030965934e+01 -2.309512005302998006e+01
1.211931478186834532e+01 -2.295341741180800810e+01 -2.276753942321193236e+01 -2.313929540040408384e+01
1.212813402355813786e+01 -2.301012818444691632e+01 -2.277158650350583713e+01 -2.324866986538799551e+01
1.213695326524793039e+01 -2.306116757844053211e+01 -2.284358806949572696e+01 -2.327874708738533727e+01
1.214577250693772292e+01 -2.310441450193140511e+01 -2.288399619616618708e+01 -2.332483280769662315e+01
1.215459174862751546e+01 -2.314837884638913579e+01 -2.292891003486152357e+01 -2.336784765791674801e+01
1.216341099031730799e+01 -2.319238669658015795e+01 -2.290156081138457012e+01 -2.348321258177574578e+01
1.217223023200710053e+01 -2.322848167348990600e+01 -2.294137368994296367e+01 -2.351558965703684834e+01
1.218104947369689128e+01 -2.326305303343452380e+01 -2.297650881955271984e+01 -2.354959724731632775e+01
1.218986871538668382e+01 -2.329400240611759543e+01 -2.300059049962862190e+01 -2.358741431260656896e+01
1.219868795707647635e+01 -2.332184972893472263e+01 -2.302606558373784651e+01 -2.361763387413159876e+01
1.220750719876626889e+01 -2.334786699594580028e+01 -2.304760591578243023e+01 -2.364812807610917034e+01
1.221632644045606142e+01 -2.337359708914731726e+01 -2.306087289211135527e+01 -2.368632128618327926e+01
1.222514568214585395e+01 -2.339716368578427463e+01 -2.307263974070444590e+01 -2.372168763086410337e+01
1.223396492383564649e+01 -2.341689218720706833e+01 -2.307062819043808943e+01 -2.376315618397604723e+01
1.224278416552543902e+01 -2.343471859587388550e+01 -2.307343217986072048e+01 -2.379600501188705053e+01
1.225160340721523156e+01 -2.345114965541752383e+01 -2.308164945374806365e+01 -2.382064985708698401e+01
1.226042264890502409e+01 -2.346565256892079532e+01 -2.309084051418921391e+01 -2.384046462365237673e+01
1.226924189059481662e+01 -2.347851908758322637e+01 -2.309559327421121466e+01 -2.386144490095523807e+01
1.227806113228460916e+01 -2.349075440734937104e+01 -2.309883333352739143e+01 -2.388267548117135064e+01
1.228688037397440169e+01 -2.350233801641483211e+01 -2.310256563609421221e+01 -2.390211039673545201e+01
1.229569961566419423e+01 -2.351285717608311288e+01 -2.310609486718024996e+01 -2.391961948498597579e+01
1.230451885735398676e+01 -2.352223773503924065e+01 -2.310712097266794274e+01 -2.393735449741053856e+01
1.231333809904377929e+01 -2.353095008073580985e+01 -2.310685835067820904e+01 -2.395504181079341066e+01
1.232215734073357183e+01 -2.353884039652069049e+01 -2.311154403929655743e+01 -2.396613675374482355e+01
1.233097658242336436e+01 -2.354598695600232716e+01 -2.311378985738988590e+01 -2.397818405461476843e+01
1.233979582411315512e+01 -2.355241850620561195e+01 -2.311548286656647377e+01 -2.398935414584475012e+01
1.234861506580294765e+01 -2.355830518156045628e+01 -2.311553005752684697e+01 -2.400108030559406558e+01
1.235743430749274019e+01 -2.356354496344436811e+01 -2.311607025951610339e+01 -2.401101966737263282e+01
1.236625354918253272e+01 -2.356823850209691429e+01 -2.311582180174130841e+01 -2.402065520245252017e+01
1.237507279087232526e+01 -2.357239667566847174e+01 -2.311605988185910121e+01 -2.402873346947784228e+01
1.238389203256211779e+01 -2.357613795822883773e+01 -2.311591825895995100e+01 -2.403635765749772446e+01
1.239271127425191033e+01 -2.357947908758857736e+01 -2.311565422831996131e+01 -2.404330394685719341e+01
1.240153051594170286e+01 -2.358247558250772613e+01 -2.311544506026917389e+01 -2.404950610474627837e+01
1.241034975763149539e+01 -2.358509999115050704e+01 -2.311525534884947675e+01 -2.405494463345153733e+01
1.241916899932128793e+01 -2.358742315823736391e+01 -2.311503073793959828e+01 -2.405981557853512953e+01
1.242798824101108046e+01 -2.358946401721579988e+01 -2.311479459853087803e+01 -2.406413343590072174e+01
1.243680748270087122e+01 -2.359123657680872199e+01 -2.311458492657050456e+01 -2.406788822704693942e+01
1.244562672439066375e+01 -2.359279720628518007e+01 -2.311438993705621670e+01 -2.407120447551414344e+01
1.245444596608045629e+01 -2.359416048665812582e+01 -2.311421760246450319e+01 -2.407410337085174845e+01
1.246326520777024882e+01 -2.359535087863269354e+01 -2.311407428341096093e+01 -2.407662747385442614e+01
1.247208444946004136e+01 -2.359640078033507038e+01 -2.311397100519230818e+01 -2.407883055547783258e+01
1.248090369114983389e+01 -2.359732824085821790e+01 -2.311392079345306527e+01 -2.408073568826337052e+01
1.248972293283962642e+01 -2.359814924100176015e+01 -2.311399854470815995e+01 -2.408229993729536034e+01
1.249854217452941896e+01 -2.359886249626978483e+01 -2.311351519257351583e+01 -2.408420979996605382e+01
1.250736141621921149e+01 -2.359945969923317932e+01 -2.311301630149732134e+01 -2.408590309696903731e+01
1.251618065790900403e+01 -2.359994493376373725e+01 -2.311249716139344201e+01 -2.408739270613403249e+01
1.252499989959879656e+01 -2.360033098667614126e+01 -2.311198463073671761e+01 -2.408867734261556492e+01
1.253381914128858909e+01 -2.360063677918368441e+01 -2.311155851621279567e+01 -2.408971504215457315e+01
1.254263838297838163e+01 -2.360088237511661546e+01 -2.311128175538897267e+01 -2.409048299484425826e+01
1.255145762466817416e+01 -2.360108430099185384e+01 -2.311114747408755932e+01 -2.409102112789614836e+01
1.256027686635796670e+01 -2.360125422323194755e+01 -2.311113252962127973e+01 -2.409137591684261537e+01
1.256909610804775923e+01 -2.360140095729054366e+01 -2.311116342948496438e+01 -2.409163848509612293e+01
1.257791534973755176e+01 -2.360152987229995247e+01 -2.311119949533501483e+01 -2.409186024926489011e+01
1.258673459142734430e+01 -2.360164670036611767e+01 -2.311124765374242429e+01 -2.409204574698981105e+01
1.259555383311713506e+01 -2.360175489245222380e+01 -2.311129210464813610e+01 -2.409221768025631150e+01
1.260437307480692759e+01 -2.360185634587500658e+01 -2.311133895851774156e+01 -2.409237373323227160e+01
1.261319231649672012e+01 -2.360195232518069375e+01 -2.311139501466955792e+01 -2.409250963569182957e+01
1.262201155818651266e+01 -2.360204511968053964e+01 -2.311145040994667710e+01 -2.409263982941440219e+01
1.263083079987630519e+01 -2.360213592423402673e+01 -2.311150635442137258e+01 -2.409276549404668089e+01
1.263965004156609773e+01 -2.360222492393758031e+01 -2.311156585541664654e+01 -2.409288399245851409e+01
1.264846928325589026e+01 -2.360231436163260454e+01 -2.311156922347377574e+01 -2.409305949979143335e+01
1.265728852494568279e+01 -2.360240452703893155e+01 -2.311101705744345836e+01 -2.409379199663440474e+01
1.266610776663547533e+01 -2.360249622155212990e+01 -2.311037438597603710e+01 -2.409461805712822269e+01
1.267492700832526786e+01 -2.360258512122365460e+01 -2.310993487978164040e+01 -2.409523536266566879e+01
1.268374625001505862e+01 -2.360265942521534654e+01 -2.310984414080705918e+01 -2.409547470962363391e+01
1.269256549170485115e+01 -2.360272725984467002e+01 -2.310978483463632926e+01 -2.409566968505301077e+01
1.270138473339464369e+01 -2.360279372941251452e+01 -2.310976576600520360e+01 -2.409582169281982544e+01
1.271020397508443622e+01 -2.360285987670772911e+01 -2.310975235584895415e+01 -2.409596739756650408e+01
1.271902321677422876e+01 -2.360292730580381360e+01 -2.310975676819694158e+01 -2.409609784341068561e+01
1.272784245846402129e+01 -2.360299687573868965e+01 -2.310977732898197701e+01 -2.409621642249540230e+01
1.273666170015381383e+01 -2.360306856080704208e+01 -2.310980364688695587e+01 -2.409633347472712828e+01
1.274548094184360636e+01 -2.360313950117362225e+01 -2.310983209196766452e+01 -2.409644691037957998e+01
1.275430018353339889e+01 -2.360320559989443012e+01 -2.310985864901633846e+01 -2.409655255077252178e+01
1.276311942522319143e+01 -2.360332654173983613e+01 -2.310994216515930333e+01 -2.409671091832036893e+01
1.277193866691298396e+01 -2.360341139699471924e+01 -2.310999192475917141e+01 -2.409683086923026707e+01
1.278075790860277650e+01 -2.360347283575897848e+01 -2.311002058736919196e+01 -2.409692508414876500e+01
1.278957715029256903e+01 -2.360352466190610343e+01 -2.311004177199401610e+01 -2.409700755181819076e+01
1.279839639198236156e+01 -2.360357163213240383e+01 -2.311006025772877948e+01 -2.409708300653602819e+01
1.280721563367215410e+01 -2.360361625311314882e+01 -2.311008225394456517e+01 -2.409715025228173246e+01
1.281603487536194663e+01 -2.360365877449588012e+01 -2.311011075491695976e+01 -2.409720679407480048e+01
1.282485411705173917e+01 -2.360369895222271808e+01 -2.311013933374385942e+01 -2.409725857070157673e+01
1.283367335874153170e+01 -2.360373722287063103e+01 -2.311015985399414419e+01 -2.409731459174711787e+01
1.284249260043132246e+01 -2.360377391138478487e+01 -2.311017698049325730e+01 -2.409737084227631243e+01
1.285131184212111499e+01 -2.360380962576870800e+01 -2.311019445197841904e+01 -2.409742479955899697e+01
1.286013108381090753e+01 -2.360384417571962601e+01 -2.311021202938175634e+01 -2.409747632205749568e+01
1.286895032550070006e+01 -2.360387704001407982e+01 -2.311022913680822199e+01 -2.409752494321993765e+01
1.287776956719049259e+01 -2.360390873370837994e+01 -2.311024616094410788e+01 -2.409757130647265200e+01
1.288658880888028513e+01 -2.360393997862051663e+01 -2.311026379502125039e+01 -2.409761616221978286e+01
1.289540805057007766e+01 -2.360397084039335880e+01 -2.311028200670840960e+01 -2.409765967407830800e+01
1.290422729225987020e+01 -2.360400165591682509e+01 -2.311030106257641847e+01 -2.409770224925723170e+01
1.291304653394966273e+01 -2.360403235206922190e+01 -2.311032086811531627e+01 -2.409774383602312753e+01
1.292186577563945526e+01 -2.360406248453700329e+01 -2.311033563234856203e+01 -2.409778933672544454e+01
1.293068501732924780e+01 -2.360409225712761838e+01 -2.311034484003254619e+01 -2.409783967422269058e+01
1.293950425901903856e+01 -2.360412173503749500e+01 -2.311035515152956776e+01 -2.409788831854542224e+01
1.294832350070883109e+01 -2.360415145995844810e+01 -2.311036707545124003e+01 -2.409793584446565617e+01
1.295714274239862362e+01 -2.360418188366755032e+01 -2.311038105336530535e+01 -2.409798271396979530e+01
1.296596198408841616e+01 -2.360421183478715434e+01 -2.311039576962809861e+01 -2.409802789994621008e+01
1.297478122577820869e+01 -2.360424138232404800e+01 -2.311041121110254792e+01 -2.409807155354554808e+01
1.298360046746800123e+01 -2.360427426431708753e+01 -2.311043107269185981e+01 -2.409811745594231525e+01
1.299241970915779376e+01 -2.360431635558091656e+01 -2.311046108549657063e+01 -2.409817162566526250e+01
1.300123895084758630e+01 -2.360436648881041677e+01 -2.311050008652325971e+01 -2.409823289109757383e+01
1.301005819253737883e+01 -2.360442241517647943e+01 -2.311054572778412108e+01 -2.409829910256883778e+01
1.301887743422717136e+01 -2.360447606764507711e+01 -2.311058986676963301e+01 -2.409836226852052121e+01
1.302769667591696390e+01 -2.360450278672837499e+01 -2.311060783533864793e+01 -2.409839773811810204e+01
1.303651591760675643e+01 -2.360452582930470911e+01 -2.311062277128141318e+01 -2.409842888732800503e+01
1.304533515929654897e+01 -2.360454834344981379e+01 -2.311063783186749276e+01 -2.409845885503213481e+01
1.305415440098634150e+01 -2.360457196403558200e+01 -2.311065458618919166e+01 -2.409848934188197234e+01
1.306297364267613403e+01 -2.360459900418571522e+01 -2.311067393715712370e+01 -2.409852407121430673e+01
1.307179288436592657e+01 -2.360462895231316338e+01 -2.311068404275675192e+01 -2.409857386186957484e+01
1.308061212605571910e+01 -2.360466326338311305e+01 -2.311069826804448013e+01 -2.409862825872174596e+01
1.308943136774551164e+01 -2.360470187752081728e+01 -2.311071845813035353e+01 -2.409868529691128103e+01
1.309825060943530239e+01 -2.360474608545061059e+01 -2.311074574628354839e+01 -2.409874642461767280e+01
1.310706985112509493e+01 -2.360479809053268241e+01 -2.311078216077316227e+01 -2.409881402029220254e+01
1.311588909281488746e+01 -2.360485638605565839e+01 -2.311082621795611303e+01 -2.409888655415520375e+01
1.312470833450468000e+01 -2.360491315631540488e+01 -2.311086984440107273e+01 -2.409895646822973703e+01
1.313352757619447253e+01 -2.360493193915901600e+01 -2.311087659196095601e+01 -2.409898728635707599e+01
1.314234681788426506e+01 -2.360494468541554980e+01 -2.311087831381876612e+01 -2.409901105701233348e+01
1.315116605957405760e+01 -2.360495605501442995e+01 -2.311087953729888511e+01 -2.409903257272997479e+01
1.315998530126385013e+01 -2.360496630638044380e+01 -2.311088052977896012e+01 -2.409905208298192747e+01
1.316880454295364267e+01 -2.360497543041836366e+01 -2.311088114105507074e+01 -2.409906971978165657e+01
1.317762378464343520e+01 -2.360498387900709361e+01 -2.311088180555641003e+01 -2.409908595245777718e+01
1.318644302633322596e+01 -2.360499169197904834e+01 -2.311088250823165069e+01 -2.409910087572644599e+01
1.319526226802301849e+01 -2.360499887944031983e+01 -2.311088317186623442e+01 -2.409911458701440523e+01
1.320408150971281103e+01 -2.360500552441949651e+01 -2.311088387143525935e+01 -2.409912717740373367e+01
1.321290075140260356e+01 -2.360501204976413803e+01 -2.311088495201893522e+01 -2.409913914750934083e+01
1.322171999309239609e+01 -2.360501823702272262e+01 -2.311088616812347851e+01 -2.409915030592196672e+01
1.323053923478218863e+01 -2.360502401477211265e+01 -2.311088741784632461e+01 -2.409916061169790069e+01
1.323935847647198116e+01 -2.360502934725252189e+01 -2.311088860963748459e+01 -2.409917008486755918e+01
1.324817771816177370e+01 -2.360503434564112268e+01 -2.311088983978331157e+01 -2.409917885149893380e+01
1.325699695985156623e+01 -2.360503942422539225e+01 -2.311089148130395543e+01 -2.409918736714682908e+01
1.326581620154135877e+01 -2.360504508013502090e+01 -2.311089400448151210e+01 -2.409919615578852969e+01
1.327463544323115130e+01 -2.360505078156773351e+01 -2.311089686036872237e+01 -2.409920470276674465e+01
1.328345468492094383e+01 -2.360505648573549564e+01 -2.311089997129598572e+01 -2.409921300017500556e+01
1.329227392661073637e+01 -2.360506228428626940e+01 -2.311090341322623232e+01 -2.409922115534630649e+01
1.330109316830052890e+01 -2.360506874412368461e+01 -2.311090773251470409e+01 -2.409922975573266513e+01
1.330991240999032144e+01 -2.360508728431808834e+01 -2.311092432562370291e+01 -2.409925024301247376e+01
1.331873165168011397e+01 -2.360510747513565732e+01 -2.311094275280141730e+01 -2.409927219746989735e+01
1.332755089336990650e+01 -2.360511489708660093e+01 -2.311094857322492402e+01 -2.409928122094827785e+01
1.333637013505969904e+01 -2.360512059147343678e+01 -2.311095281428803005e+01 -2.409928836865884350e+01
1.334518937674948980e+01 -2.360512541112379381e+01 -2.311095631934171379e+01 -2.409929450290587383e+01
1.335400861843928233e+01 -2.360512983222980310e+01 -2.311095954724674684e+01 -2.409930011721285936e+01
1.336282786012907486e+01 -2.360513359754953910e+01 -2.311096223485071022e+01 -2.409930496024836799e+01
1.337164710181886740e+01 -2.360513694827369946e+01 -2.311096461074812680e+01 -2.409930928579927212e+01
1.338046634350865993e+01 -2.360513998981213035e+01 -2.311096676909390624e+01 -2.409931321053035447e+01
1.338928558519845247e+01 -2.360514275293120434e+01 -2.311096873665701068e+01 -2.409931676920539800e+01
1.339810482688824500e+01 -2.360514528096999953e+01 -2.311097054426405251e+01 -2.409932001767594656e+01
1.340692406857803753e+01 -2.360514755790905284e+01 -2.311097217232888568e+01 -2.409932294348921999e+01
1.341574331026783007e+01 -2.360514960913636884e+01 -2.311097363900453772e+01 -2.409932557926819996e+01
1.342456255195762260e+01 -2.360515149534025525e+01 -2.311097499646584552e+01 -2.409932799421466498e+01
1.343338179364741514e+01 -2.360515340709076426e+01 -2.311097643397878798e+01 -2.409933038020274054e+01
1.344220103533720589e+01 -2.360515557683612187e+01 -2.311097817540952093e+01 -2.409933297826272280e+01
1.345102027702699843e+01 -2.360515752544582213e+01 -2.311097973935748229e+01 -2.409933531153416197e+01
1.345983951871679096e+01 -2.360515927349907983e+01 -2.311098114233947243e+01 -2.409933740465868723e+01
1.346865876040658350e+01 -2.360516085211619597e+01 -2.311098240933255710e+01 -2.409933929489983484e+01
1.347747800209637603e+01 -2.360516226188517308e+01 -2.311098354080865747e+01 -2.409934098296168870e+01
1.348629724378616856e+01 -2.360516353378187304e+01 -2.311098456206757135e+01 -2.409934250549617474e+01
1.349511648547596110e+01 -2.360516473470216781e+01 -2.311098553854668936e+01 -2.409934393085764626e+01
1.350393572716575363e+01 -2.360516606790842786e+01 -2.311098667148080210e+01 -2.409934546433605362e+01
1.351275496885554617e+01 -2.360516726753657224e+01 -2.311098769090268945e+01 -2.409934684417045503e+01
1.352157421054533870e+01 -2.360516833511712065e+01 -2.311098859811296791e+01 -2.409934807212127339e+01
1.353039345223513124e+01 -2.360516929343938841e+01 -2.311098941247757210e+01 -2.409934917440120472e+01
1.353921269392492377e+01 -2.360517014946046999e+01 -2.311099013990850892e+01 -2.409935015901243105e+01
1.354803193561471630e+01 -2.360517091158638436e+01 -2.311099078754906699e+01 -2.409935103562370173e+01
1.355685117730450884e+01 -2.360517159549357302e+01 -2.311099136872078930e+01 -2.409935182226635675e+01
1.356567041899430137e+01 -2.360517220296118523e+01 -2.311099188493557222e+01 -2.409935252098679825e+01
1.357448966068409391e+01 -2.360517274559085621e+01 -2.311099234605226727e+01 -2.409935314512944515e+01
1.358330890237388644e+01 -2.360517322896453152e+01 -2.311099275681430854e+01 -2.409935370111475450e+01
1.359212814406367897e+01 -2.360517365789469224e+01 -2.311099312131125316e+01 -2.409935419447813132e+01
1.360094738575347151e+01 -2.360517432917600189e+01 -2.311099373503391519e+01 -2.409935492331808859e+01
1.360976662744326227e+01 -2.360517505568289565e+01 -2.311099441051590020e+01 -2.409935570084989109e+01
1.361858586913305480e+01 -2.360517571680180637e+01 -2.311099502628227143e+01 -2.409935640732134132e+01
1.362740511082284733e+01 -2.360517630395511546e+01 -2.311099557315706221e+01 -2.409935703475316870e+01
1.363622435251263987e+01 -2.360517682321817290e+01 -2.311099605679884661e+01 -2.409935758963749919e+01
1.364504359420243240e+01 -2.360517728482149380e+01 -2.311099648673633311e+01 -2.409935808290665449e+01
1.365386283589222494e+01 -2.360517769317853620e+01 -2.311099686708021750e+01 -2.409935851927685491e+01
1.366268207758201747e+01 -2.360517805434642469e+01 -2.311099720347210607e+01 -2.409935890522074331e+01
1.367150131927180823e+01 -2.360517837409340203e+01 -2.311099750128454744e+01 -2.409935924690225661e+01
1.368032056096160076e+01 -2.360517865590917097e+01 -2.311099776376785186e+01 -2.409935954805049008e+01
1.368913980265139330e+01 -2.360517890514432082e+01 -2.311099799590555293e+01 -2.409935981438308872e+01
1.369795904434118583e+01 -2.360517912514051631e+01 -2.311099820081008005e+01 -2.409936004947095256e+01
1.370677828603097836e+01 -2.360517931872603015e+01 -2.311099838111569582e+01 -2.409936025633636447e+01
1.371559752772077090e+01 -2.360517948951564193e+01 -2.311099854018919686e+01 -2.409936043884208701e+01
1.372441676941056343e+01 -2.360517963952760567e+01 -2.311099867991038792e+01 -2.409936059914482342e+01
1.373323601110035597e+01 -2.360517977150033531e+01 -2.311099880282983321e+01 -2.409936074017083740e+01
1.374205525279014850e+01 -2.360517988772959086e+01 -2.311099891108580096e+01 -2.409936086437338076e+01
1.375087449447994103e+01 -2.360517998947250007e+01 -2.311099900584918032e+01 -2.409936097309581982e+01
1.375969373616973357e+01 -2.360518007889175962e+01 -2.311099908913431022e+01 -2.409936106864920902e+01
1.376851297785952610e+01 -2.360518015715474505e+01 -2.311099916202848092e+01 -2.409936115228100917e+01
1.377733221954931864e+01 -2.360518022562855833e+01 -2.311099922580501342e+01 -2.409936122545210324e+01
1.378615146123911117e+01 -2.360518028579378225e+01 -2.311099928184292551e+01 -2.409936128974463898e+01
1.379497070292890371e+01 -2.360518033818418360e+01 -2.311099933063935907e+01 -2.409936134572900812e+01
1.380378994461869624e+01 -2.360518038404588737e+01 -2.311099937335496790e+01 -2.409936139473680683e+01
1.381260918630848877e+01 -2.360518042404214256e+01 -2.311099941060749430e+01 -2.409936143747679083e+01
1.382142842799828131e+01 -2.360518045883189586e+01 -2.311099944301067666e+01 -2.409936147465311507e+01
1.383024766968807384e+01 -2.360518048931936974e+01 -2.311099947140672128e+01 -2.409936150723201820e+01
1.383906691137786638e+01 -2.360518051572565668e+01 -2.311099949600154702e+01 -2.409936153544976634e+01
1.384788615306765891e+01 -2.360518053874396927e+01 -2.311099951744081338e+01 -2.409936156004712515e+01
1.385670539475745144e+01 -2.360518055874568333e+01 -2.311099953607041257e+01 -2.409936158142095408e+01
1.386552463644724220e+01 -2.360518057603949060e+01 -2.311099955217787283e+01 -2.409936159990110838e+01
1.387434387813703474e+01 -2.360518059115467082e+01 -2.311099956625615448e+01 -2.409936161605318716e+01
1.388316311982682727e+01 -2.360518060417490460e+01 -2.311099957838320407e+01 -2.409936162996660514e+01
1.389198236151661980e+01 -2.360518061547220015e+01 -2.311099958890551065e+01 -2.409936164203888964e+01
1.390080160320641234e+01 -2.360518062525157390e+01 -2.311099959801402193e+01 -2.409936165248912587e+01
1.450000000000000000e+01 -2.360518062525157390e+01 -2.311099959801402193e+01 -2.409936165248912587e+01
