# # logMh LcMh -err(LcMh) +err(LcMh)
9.500000000000000000e+00 3.339191621895545747e+00 3.882712325814343224e+00 2.795670917976748271e+00
9.508512014007976632e+00 3.265287358015607655e+00 3.808388779870298446e+00 2.722185936160916864e+00
9.517024028015951487e+00 3.191427754672976569e+00 3.733797007326868922e+00 2.649058502019084216e+00
9.525536042023928118e+00 3.117440446110676611e+00 3.659128137479001008e+00 2.575752754742352213e+00
9.534048056031902973e+00 3.043427792213945438e+00 3.584347263408538709e+00 2.502508321019352167e+00
9.542560070039879605e+00 2.969445840207210807e+00 3.509688917152840482e+00 2.429202763261581133e+00
9.551072084047854460e+00 2.895273597037826718e+00 3.434590477599152702e+00 2.355956716476500734e+00
9.559584098055831092e+00 2.821149480452092462e+00 3.359583277910075161e+00 2.282715682994109763e+00
9.568096112063807723e+00 2.747050581842339412e+00 3.284728284213946026e+00 2.209372879470732798e+00
9.576608126071782578e+00 2.672909665017175751e+00 3.209808381208737682e+00 2.136010948825613820e+00
9.585120140079759210e+00 2.598823378887252122e+00 3.134968178730318300e+00 2.062678579044185945e+00
9.593632154087734065e+00 2.524672859770311195e+00 3.060079988932260520e+00 1.989265730608362093e+00
9.602144168095710697e+00 2.450372331971698792e+00 2.984906933025688769e+00 1.915837730917708814e+00
9.610656182103685552e+00 2.376123810044783902e+00 2.909732903391511361e+00 1.842514716698056443e+00
9.619168196111662184e+00 2.301758189514249153e+00 2.834490789156685508e+00 1.769025589871812798e+00
9.627680210119638815e+00 2.227337213837839336e+00 2.759186304669094980e+00 1.695488123006583692e+00
9.636192224127613670e+00 2.152973365752568924e+00 2.684197211096789104e+00 1.621749520408348966e+00
9.644704238135590302e+00 2.078291426323099156e+00 2.609087504847978689e+00 1.547495347798219623e+00
9.653216252143565157e+00 2.003670481186250019e+00 2.533834864818078181e+00 1.473506097554422078e+00
9.661728266151541789e+00 1.928875339011206336e+00 2.458824922071768171e+00 1.398925755950644501e+00
9.670240280159516644e+00 1.853953992206809787e+00 2.383796076297953981e+00 1.324111908115665592e+00
9.678752294167493275e+00 1.779053032550714786e+00 2.308786127032209645e+00 1.249319938069219926e+00
9.687264308175469907e+00 1.703825889198900434e+00 2.233294629921583674e+00 1.174357148476217194e+00
9.695776322183444762e+00 1.628600993807263642e+00 2.157675823808411941e+00 1.099526163806115342e+00
9.704288336191421394e+00 1.553305927541966724e+00 2.082095436651456577e+00 1.024516418432476872e+00
9.712800350199396249e+00 1.477784210660970654e+00 2.006312341846766323e+00 9.492560794751752073e-01
9.721312364207372880e+00 1.402212567229634832e+00 1.930410472036055758e+00 8.740146624232137951e-01
9.729824378215347735e+00 1.326482877751795630e+00 1.854368268541190190e+00 7.985974869624009598e-01
9.738336392223324367e+00 1.250561388644040095e+00 1.778095224311550204e+00 7.230275529765298748e-01
9.746848406231300999e+00 1.174601609785599132e+00 1.701639226699987795e+00 6.475639928712105808e-01
9.755360420239275854e+00 1.098513393059614485e+00 1.625015701985190519e+00 5.720110841340384500e-01
9.763872434247252485e+00 1.022297009325689121e+00 1.548259340691563679e+00 4.963346779598144520e-01
9.772384448255227340e+00 9.460759180369546772e-01 1.471358900308363804e+00 4.207929357655455505e-01
9.780896462263203972e+00 8.696734802646117757e-01 1.394151225798747618e+00 3.451957347304759338e-01
9.789408476271178827e+00 7.933152146753259526e-01 1.316824756619615400e+00 2.698056727310365055e-01
9.797920490279155459e+00 7.169209104070983773e-01 1.239419256825365911e+00 1.944225639888308432e-01
9.806432504287132090e+00 6.405084050654863415e-01 1.162061514515161154e+00 1.189552956158114183e-01
9.814944518295106946e+00 5.642250070206531465e-01 1.084939383606225549e+00 4.351063043508074379e-02
9.823456532303083577e+00 4.877137135479077124e-01 1.007483683345377745e+00 -3.205625624956220943e-02
9.831968546311058432e+00 4.113364513514676801e-01 9.301769206602245044e-01 -1.075040179572891441e-01
9.840480560319035064e+00 3.348947674982090117e-01 8.528854651292772093e-01 -1.830959301328591859e-01
9.848992574327009919e+00 2.582706459631779472e-01 7.754428944385524103e-01 -2.589016025121965159e-01
9.857504588334986551e+00 1.817202989650132383e-01 6.980452171251900761e-01 -3.346046191951636550e-01
9.866016602342963182e+00 1.050409805233738086e-01 6.206454535860314037e-01 -4.105634925392837586e-01
9.874528616350938037e+00 2.820277151611358391e-02 5.431670725659596410e-01 -4.867615295337324177e-01
9.883040630358914669e+00 -4.871973561367762273e-02 4.656241336024213862e-01 -5.630636048297765761e-01
9.891552644366889524e+00 -1.257702984329714946e-01 3.880772310034125150e-01 -6.396178278693555042e-01
9.900064658374866156e+00 -2.029100433673119430e-01 3.105446110760870515e-01 -7.163646978107109931e-01
9.908576672382841011e+00 -2.801554279875297926e-01 2.329021354534794863e-01 -7.932129914285390715e-01
9.917088686390817642e+00 -3.576401432072414677e-01 1.551233833499060522e-01 -8.704036697643889875e-01
9.925600700398794274e+00 -4.351157515726687963e-01 7.742177105818293104e-02 -9.476532742035205237e-01
9.934112714406769129e+00 -5.127038092936222480e-01 -5.606733493402904500e-04 -1.024846945237904094e+00
9.942624728414745761e+00 -5.904958590812557917e-01 -7.879278393530475544e-02 -1.102198934227206717e+00
9.951136742422720616e+00 -6.682115854592465265e-01 -1.570015995011915244e-01 -1.179421571417301529e+00
9.959648756430697247e+00 -7.462558672995750486e-01 -2.355471390725604186e-01 -1.256964595526589790e+00
9.968160770438672103e+00 -8.242853859241354719e-01 -3.139400282401700881e-01 -1.334630743608100856e+00
9.976672784446648734e+00 -9.023620881047661468e-01 -3.925959340281286458e-01 -1.412128242181403648e+00
9.985184798454625366e+00 -9.806503596873377138e-01 -4.714079813502669580e-01 -1.489892738024408469e+00
9.993696812462600221e+00 -1.058902199968577706e+00 -5.501579105907945522e-01 -1.567646489346360861e+00
1.000220882647057685e+01 -1.137324103053194202e+00 -6.290280465577953173e-01 -1.645620159548593087e+00
1.001072084047855171e+01 -1.215823187440586484e+00 -7.081046950719841471e-01 -1.723541679809188931e+00
1.001923285448652834e+01 -1.294370030667706839e+00 -7.873648212969753812e-01 -1.801375240038438186e+00
1.002774486849450319e+01 -1.373063114086892966e+00 -8.667278968382728932e-01 -1.879398331335512928e+00
1.003625688250247983e+01 -1.451809862125980288e+00 -9.460094276861943374e-01 -1.957610296565766239e+00
1.004476889651045646e+01 -1.530671989366425567e+00 -1.025401850841250129e+00 -2.035942127891600784e+00
1.005328091051843131e+01 -1.609736313626378923e+00 -1.105106566728387474e+00 -2.114366060524370372e+00
1.006179292452640794e+01 -1.688809457251138957e+00 -1.184820754333060444e+00 -2.192798160169217248e+00
1.007030493853438280e+01 -1.768006324233654114e+00 -1.264566404941464217e+00 -2.271446243525844011e+00
1.007881695254235943e+01 -1.847431406688495370e+00 -1.344542807619371949e+00 -2.350320005757618791e+00
1.008732896655033429e+01 -1.926838537898935222e+00 -1.424505312418589797e+00 -2.429171763379280868e+00
1.009584098055831092e+01 -2.006553245872071400e+00 -1.504687492903093560e+00 -2.508418998841049241e+00
1.010435299456628755e+01 -2.086273113002546697e+00 -1.584979494722237536e+00 -2.587566731282855859e+00
1.011286500857426240e+01 -2.166091074513659898e+00 -1.665281618413454456e+00 -2.666900530613865339e+00
1.012137702258223904e+01 -2.246207721872512497e+00 -1.746026586211468778e+00 -2.746388857533556216e+00
1.012988903659021389e+01 -2.326220779385439474e+00 -1.826650988391434582e+00 -2.825790570379444588e+00
1.013840105059819052e+01 -2.406522444725898602e+00 -1.907516534951444687e+00 -2.905528354500352517e+00
1.014691306460616538e+01 -2.486861289322945812e+00 -1.988418461768876710e+00 -2.985304116877014913e+00
1.015542507861414201e+01 -2.567243425305798965e+00 -2.069310830563315662e+00 -3.065176020048282268e+00
1.016393709262211864e+01 -2.647851941354141925e+00 -2.150435437656394111e+00 -3.145268445051889739e+00
1.017244910663009350e+01 -2.728487206277048660e+00 -2.231636782864212964e+00 -3.225337629689884356e+00
1.018096112063807013e+01 -2.809255324624157613e+00 -2.312984698014250107e+00 -3.305525951234065118e+00
1.018947313464604498e+01 -2.890204334484252069e+00 -2.394504860497526977e+00 -3.385903808470977161e+00
1.019798514865402161e+01 -2.971205808406351512e+00 -2.476093484176815185e+00 -3.466318132635887839e+00
1.020649716266199647e+01 -3.052368288291804177e+00 -2.557838789078662245e+00 -3.546897787504946109e+00
1.021500917666997310e+01 -3.133734532017202756e+00 -2.639727660518599528e+00 -3.627741403515805985e+00
1.022352119067794973e+01 -3.215156846425342163e+00 -2.721663611194211185e+00 -3.708650081656473141e+00
1.023203320468592459e+01 -3.296859984466547377e+00 -2.803958289215008115e+00 -3.789761679718086640e+00
1.024054521869390122e+01 -3.378628331266510632e+00 -2.886327874862038456e+00 -3.870928787670982807e+00
1.024905723270187607e+01 -3.460471397913817970e+00 -2.968680357074524157e+00 -3.952262438753111784e+00
1.025756924670985271e+01 -3.542633786058195788e+00 -3.051376361442575735e+00 -4.033891210673815841e+00
1.026608126071782756e+01 -3.624747894348172572e+00 -3.134179861644222242e+00 -4.115315927052122902e+00
1.027459327472580419e+01 -3.707202787225929885e+00 -3.217294159392452446e+00 -4.197111415059406880e+00
1.028310528873378082e+01 -3.789703502407759661e+00 -3.300517263705363913e+00 -4.278889741110154965e+00
1.029161730274175568e+01 -3.872219302462220902e+00 -3.383657951889191384e+00 -4.360780653035249976e+00
1.030012931674973231e+01 -3.955023827965763239e+00 -3.467158099017504824e+00 -4.442889556914021654e+00
1.030864133075770717e+01 -4.037850233120565235e+00 -3.550714718795413116e+00 -4.524985747445716910e+00
1.031715334476568380e+01 -4.120804132463767644e+00 -3.634396467928164398e+00 -4.607211796999370890e+00
1.032566535877365865e+01 -4.203840227206705471e+00 -3.718243351716666201e+00 -4.689437102696745185e+00
1.033417737278163528e+01 -4.286871501142284657e+00 -3.802079215846732030e+00 -4.771663786437836841e+00
1.034268938678961192e+01 -4.370077128647491094e+00 -3.886064290596537685e+00 -4.854089966698444059e+00
1.035120140079758677e+01 -4.453422301211213075e+00 -3.970262864667266189e+00 -4.936581737755160404e+00
1.035971341480556340e+01 -4.536762735983683292e+00 -4.054481165902732442e+00 -5.019044306064634142e+00
1.036822542881353826e+01 -4.620257458181088239e+00 -4.138761100709340113e+00 -5.101753815652836366e+00
1.037673744282151489e+01 -4.703775365878405168e+00 -4.222954808642315427e+00 -5.184595923114494909e+00
1.038524945682948974e+01 -4.787402139722627403e+00 -4.307217306408629653e+00 -5.267586973036625153e+00
1.039376147083746638e+01 -4.871365996800667730e+00 -4.391811336162016133e+00 -5.350920657439319328e+00
1.040227348484544301e+01 -4.955325310581927489e+00 -4.476406034022950564e+00 -5.434244587140904414e+00
1.041078549885341786e+01 -5.039588621559605741e+00 -4.561141691016847410e+00 -5.518035552102364072e+00
1.041929751286139449e+01 -5.123991115489189951e+00 -4.646018064643000933e+00 -5.601964166335378970e+00
1.042780952686936935e+01 -5.208404419617146175e+00 -4.730785516510240818e+00 -5.686023322724051532e+00
1.043632154087734598e+01 -5.293199072380916803e+00 -4.815835934797339846e+00 -5.770562209964493761e+00
1.044483355488532084e+01 -5.377991614852155600e+00 -4.900782553044698453e+00 -5.855200676659612746e+00
1.045334556889329747e+01 -5.463015263005226885e+00 -4.986182940698069999e+00 -5.939847585312383771e+00
1.046185758290127410e+01 -5.548188648323928440e+00 -5.071858696837137970e+00 -6.024518599810718911e+00
1.047036959690924895e+01 -5.633408748371156349e+00 -5.157535961510458122e+00 -6.109281535231854576e+00
1.047888161091722559e+01 -5.718893395415812542e+00 -5.243481283190829956e+00 -6.194305507640795128e+00
1.048739362492520044e+01 -5.804521373042805799e+00 -5.329722737843141545e+00 -6.279320008242470053e+00
1.049590563893317707e+01 -5.890247508772378460e+00 -5.416102875171477926e+00 -6.364392142373278993e+00
1.050441765294115193e+01 -5.976167875320520295e+00 -5.502516539860570433e+00 -6.449819210780470158e+00
1.051292966694912856e+01 -6.062144967798599460e+00 -5.588976112135616070e+00 -6.535313823461582849e+00
1.052144168095710342e+01 -6.148264854328528095e+00 -5.675766796899677225e+00 -6.620762911757378966e+00
1.052995369496508005e+01 -6.234701210217603595e+00 -5.762912574696024137e+00 -6.706489845739183053e+00
1.053846570897305668e+01 -6.321129921196365409e+00 -5.850192824929540514e+00 -6.792067017463190304e+00
1.054697772298103153e+01 -6.407814542207824537e+00 -5.937471924808969348e+00 -6.878157159606679727e+00
1.055548973698900816e+01 -6.494585745175437630e+00 -6.024871102665063205e+00 -6.964300387685812055e+00
1.056400175099698302e+01 -6.581358258654566029e+00 -6.112425640805401628e+00 -7.050290876503730431e+00
1.057251376500495965e+01 -6.668643365459100636e+00 -6.200811922529203990e+00 -7.136474808388997282e+00
1.058102577901293628e+01 -6.755789366203309498e+00 -6.288516696843071685e+00 -7.223062035563547312e+00
1.058953779302091114e+01 -6.843234400083433755e+00 -6.376756275521966444e+00 -7.309712524644901066e+00
1.059804980702888777e+01 -6.930866483889661644e+00 -6.465414258436371853e+00 -7.396318709342951436e+00
1.060656182103686263e+01 -7.018513910514348808e+00 -6.553803359295811148e+00 -7.483224461732886468e+00
1.061507383504483926e+01 -7.106514937720919356e+00 -6.642558401325940665e+00 -7.570471474115898047e+00
1.062358584905281411e+01 -7.194620546227497471e+00 -6.731759031016939510e+00 -7.657482061438055432e+00
1.063209786306079074e+01 -7.282880299989002104e+00 -6.820535984897244219e+00 -7.745224615080759989e+00
1.064060987706876560e+01 -7.371307958393218840e+00 -6.909374357877629436e+00 -7.833241558908808244e+00
1.064912189107674223e+01 -7.459725123475010378e+00 -6.998647049819044064e+00 -7.920803197130976692e+00
1.065763390508471886e+01 -7.548309492301080503e+00 -7.088115490707375344e+00 -8.008503493894785663e+00
1.066614591909269372e+01 -7.637177442940661365e+00 -7.177900530460024520e+00 -8.096454355421297322e+00
1.067465793310067035e+01 -7.726047685789864339e+00 -7.267694204981173023e+00 -8.184401166598556543e+00
1.068316994710864520e+01 -7.815183195405292160e+00 -7.357790204672741474e+00 -8.272576186137843735e+00
1.069168196111662184e+01 -7.904429461664104650e+00 -7.447960760618475007e+00 -8.360898162709734294e+00
1.070019397512459847e+01 -7.993787592980808654e+00 -7.538267546799949592e+00 -8.449307639161666827e+00
1.070870598913257332e+01 -8.083673002534057517e+00 -7.629506678826061261e+00 -8.537839326242053772e+00
1.071721800314054995e+01 -8.173527066852898315e+00 -7.720125133239948312e+00 -8.626929000465848318e+00
1.072573001714852481e+01 -8.263810448619842930e+00 -7.810842203639237091e+00 -8.716778693600447880e+00
1.073424203115650144e+01 -8.354267757686752560e+00 -7.901649857495030460e+00 -8.806885657878474660e+00
1.074275404516447630e+01 -8.444628379204006663e+00 -7.992521358401819320e+00 -8.896735400006194894e+00
1.075126605917245293e+01 -8.535253982180226018e+00 -8.083816148291555592e+00 -8.986691816068896443e+00
1.075977807318042778e+01 -8.625854654276333022e+00 -8.175012849765868950e+00 -9.076696458786797095e+00
1.076829008718840441e+01 -8.716629916418879631e+00 -8.266272950334041525e+00 -9.166986882503717737e+00
1.077680210119638105e+01 -8.807624406878250767e+00 -8.357603645548852711e+00 -9.257645168207648823e+00
1.078531411520435590e+01 -8.898668439122481288e+00 -8.448885432245988980e+00 -9.348451445998973597e+00
1.079382612921233253e+01 -8.989992889735662018e+00 -8.540380278204004583e+00 -9.439605501267319454e+00
1.080233814322030739e+01 -9.081575946754883333e+00 -8.632133852076760760e+00 -9.531018041433005905e+00
1.081085015722828402e+01 -9.173222069747769325e+00 -8.723987108825019376e+00 -9.622457030670519273e+00
1.081936217123626065e+01 -9.265131735386027856e+00 -8.816086177360730858e+00 -9.714177293411324854e+00
1.082787418524423551e+01 -9.357171910450144736e+00 -8.908390740026048249e+00 -9.805953080874241223e+00
1.083638619925221214e+01 -9.449271558773549629e+00 -9.000878146950766379e+00 -9.897664970596332878e+00
1.084489821326018699e+01 -9.541848539568828613e+00 -9.093907931561291846e+00 -9.989789147576365380e+00
1.085341022726816362e+01 -9.634333177332157661e+00 -9.186904933189765643e+00 -1.008176142147454968e+01
1.086192224127613848e+01 -9.727109317811068578e+00 -9.280200803231139162e+00 -1.017401783239099800e+01
1.087043425528411511e+01 -9.820124805073646712e+00 -9.373608848966762608e+00 -1.026664076118053082e+01
1.087894626929208997e+01 -9.913047572598308932e+00 -9.467190880279428455e+00 -1.035890426491718941e+01
1.088745828330006660e+01 -1.000656316354683639e+01 -9.561246772178607856e+00 -1.045187955491506493e+01
1.089597029730804323e+01 -1.010004504056396080e+01 -9.655472836925710567e+00 -1.054461724420221103e+01
1.090448231131601808e+01 -1.019376992300295726e+01 -9.749889787110237904e+00 -1.063765005889567661e+01
1.091299432532399472e+01 -1.028777352076424378e+01 -9.844802979304922985e+00 -1.073074406222356458e+01
1.092150633933196957e+01 -1.038180699473685742e+01 -9.939716890683790496e+00 -1.082389709878992434e+01
1.093001835333994620e+01 -1.047625305864868395e+01 -1.003515575669500670e+01 -1.091735036060236119e+01
1.093853036734792283e+01 -1.057092263883971484e+01 -1.013090854769413163e+01 -1.101093672998529804e+01
1.094704238135589769e+01 -1.066570464102068883e+01 -1.022683480234096542e+01 -1.110457447970041223e+01
1.095555439536387432e+01 -1.076078730140460848e+01 -1.032316815239936503e+01 -1.119840645040985194e+01
1.096406640937184918e+01 -1.085600349602081494e+01 -1.041972521727150180e+01 -1.129228177477012807e+01
1.097257842337982581e+01 -1.095137716180289722e+01 -1.051653962903957584e+01 -1.138621469456621860e+01
1.098109043738780066e+01 -1.104722990098094826e+01 -1.061384813473800826e+01 -1.148061166722388826e+01
1.098960245139577729e+01 -1.114303822058546167e+01 -1.071113910206944375e+01 -1.157493733910147959e+01
1.099811446540375215e+01 -1.123908755835739903e+01 -1.080859217791007509e+01 -1.166958293880472297e+01
1.100662647941172878e+01 -1.133536772954609084e+01 -1.090616993417185832e+01 -1.176456552492032337e+01
1.101513849341970541e+01 -1.143150049797937484e+01 -1.100388136295976871e+01 -1.185911963299898098e+01
1.102365050742768027e+01 -1.152833681330210958e+01 -1.110194444510104184e+01 -1.195472918150317732e+01
1.103216252143565690e+01 -1.162501107733127981e+01 -1.119980067785210842e+01 -1.205022147681045119e+01
1.104067453544363175e+01 -1.172184572882750331e+01 -1.129720558405323416e+01 -1.214648587360177245e+01
1.104918654945160839e+01 -1.181890432888423170e+01 -1.139389615526675215e+01 -1.224391250250171126e+01
1.105769856345958502e+01 -1.191584238092139358e+01 -1.149026985439537185e+01 -1.234141490744741532e+01
1.106621057746755987e+01 -1.201320497216332583e+01 -1.158706622191092350e+01 -1.243934372241572817e+01
1.107472259147553650e+01 -1.211064187124897984e+01 -1.168378210874362466e+01 -1.253750163375433502e+01
1.108323460548351136e+01 -1.220816087872654343e+01 -1.178059918499885761e+01 -1.263572257245422925e+01
1.109174661949148799e+01 -1.230595675163222147e+01 -1.187760588290467467e+01 -1.273430762035976826e+01
1.110025863349946285e+01 -1.240381330078982813e+01 -1.197449592513388872e+01 -1.283313067644576755e+01
1.110877064750743948e+01 -1.250185735396365239e+01 -1.207152808424854484e+01 -1.293218662367875993e+01
1.111728266151541433e+01 -1.260025688592287807e+01 -1.216898562831675257e+01 -1.303152814352900357e+01
1.112579467552339096e+01 -1.269864247515751998e+01 -1.226649781986330190e+01 -1.313078713045173807e+01
1.113430668953136760e+01 -1.279727252195478293e+01 -1.236413607966405159e+01 -1.323040896424551427e+01
1.114281870353934245e+01 -1.289607881519066623e+01 -1.246209901516701635e+01 -1.333005861521431612e+01
1.115133071754731908e+01 -1.299481590571346779e+01 -1.256014213483087261e+01 -1.342948967659606296e+01
1.115984273155529394e+01 -1.309408959811247009e+01 -1.265879959304999325e+01 -1.352937960317494692e+01
1.116835474556327057e+01 -1.319318071878961263e+01 -1.275724283042428908e+01 -1.362911860715493617e+01
1.117686675957124720e+01 -1.329242532843331759e+01 -1.285607949002782391e+01 -1.372877116683881127e+01
1.118537877357922206e+01 -1.339190219090346901e+01 -1.295540354558205109e+01 -1.382840083622488692e+01
1.119389078758719869e+01 -1.349116746237570119e+01 -1.305454933937706485e+01 -1.392778558537433753e+01
1.120240280159517354e+01 -1.359088554677761174e+01 -1.315452747417757529e+01 -1.402724361937764819e+01
1.121091481560315017e+01 -1.369055746572322718e+01 -1.325471772092280176e+01 -1.412639721052365260e+01
1.121942682961112503e+01 -1.379028737849198905e+01 -1.335516811093228817e+01 -1.422540664605168992e+01
1.122793884361910166e+01 -1.389025905933385019e+01 -1.345574614239358091e+01 -1.432477197627411947e+01
1.123645085762707652e+01 -1.399020655578585703e+01 -1.355663120394287802e+01 -1.442378190762883605e+01
1.124496287163505315e+01 -1.409038009534852165e+01 -1.365791915892465447e+01 -1.452284103177238883e+01
1.125347488564302978e+01 -1.419078142961571842e+01 -1.375966816631406786e+01 -1.462189469291736899e+01
1.126198689965100463e+01 -1.429118658740983427e+01 -1.386163437586377434e+01 -1.472073879895589421e+01
1.127049891365898127e+01 -1.439180315276171562e+01 -1.396395922625124264e+01 -1.481964707927218861e+01
1.127901092766695612e+01 -1.449254135883284533e+01 -1.406680794407714608e+01 -1.491827477358854459e+01
1.128752294167493275e+01 -1.459322732592344174e+01 -1.416970822986634992e+01 -1.501674642198053355e+01
1.129603495568290938e+01 -1.469434760521003902e+01 -1.427319343437958743e+01 -1.511550177604049061e+01
1.130454696969088424e+01 -1.479532300157327995e+01 -1.437621774310311196e+01 -1.521442826004344795e+01
1.131305898369886087e+01 -1.489639556905212281e+01 -1.447957371565085261e+01 -1.531321742245339301e+01
1.132157099770683573e+01 -1.499771536177923359e+01 -1.458339050914776003e+01 -1.541204021441070715e+01
1.133008301171481236e+01 -1.509874436981982271e+01 -1.468634748518641864e+01 -1.551114125445322678e+01
1.133859502572278721e+01 -1.520028274495096632e+01 -1.478962591798341819e+01 -1.561093957191851445e+01
1.134710703973076384e+01 -1.530169735322435720e+01 -1.489209005253493423e+01 -1.571130465391378017e+01
1.135561905373873870e+01 -1.540316396459508042e+01 -1.499449380709284974e+01 -1.581183412209731109e+01
1.136413106774671533e+01 -1.550489340502850766e+01 -1.509704018075475318e+01 -1.591274662930226214e+01
1.137264308175469196e+01 -1.560646119523169162e+01 -1.519942216987129235e+01 -1.601350022059209266e+01
1.138115509576266682e+01 -1.570830031696584150e+01 -1.530217328971200885e+01 -1.611442734421967415e+01
1.138966710977064345e+01 -1.581023616360965178e+01 -1.540487595800219545e+01 -1.621559636921710634e+01
1.139817912377861830e+01 -1.591208937450866401e+01 -1.550741490481926910e+01 -1.631676384419805714e+01
1.140669113778659494e+01 -1.601406515245682272e+01 -1.561011113984722343e+01 -1.641801916506642200e+01
1.141520315179457157e+01 -1.611602972308793369e+01 -1.571281797629231214e+01 -1.651924146988355346e+01
1.142371516580254642e+01 -1.621793468582620790e+01 -1.581550207449261869e+01 -1.662036729715979888e+01
1.143222717981052305e+01 -1.632009693425849051e+01 -1.591841398127704110e+01 -1.672177988723993991e+01
1.144073919381849791e+01 -1.642205937622443912e+01 -1.602119447344933789e+01 -1.682292427899954035e+01
1.144925120782647454e+01 -1.652402665493918477e+01 -1.612386345675177779e+01 -1.692418985312659174e+01
1.145776322183444940e+01 -1.662618227285619810e+01 -1.622691556117193912e+01 -1.702544898454045708e+01
1.146627523584242603e+01 -1.672797554355344118e+01 -1.632962630134460724e+01 -1.712632478576227513e+01
1.147478724985040088e+01 -1.683020264116139586e+01 -1.643279313399191466e+01 -1.722761214833087706e+01
1.148329926385837751e+01 -1.693212193116681163e+01 -1.653569923900171545e+01 -1.732854462333190781e+01
1.149181127786635415e+01 -1.703399226319819348e+01 -1.663884329500065107e+01 -1.742914123139573590e+01
1.150032329187432900e+01 -1.713607366828908596e+01 -1.674216387632016279e+01 -1.752998346025800913e+01
1.150883530588230563e+01 -1.723774465123125310e+01 -1.684530773326280340e+01 -1.763018156919970281e+01
1.151734731989028049e+01 -1.733963436020430393e+01 -1.694884374719116948e+01 -1.773042497321743838e+01
1.152585933389825712e+01 -1.744140392084322499e+01 -1.705206530575820878e+01 -1.783074253592824121e+01
1.153437134790623375e+01 -1.754298716106460887e+01 -1.715541397172196980e+01 -1.793056035040724794e+01
1.154288336191420861e+01 -1.764458048841012072e+01 -1.725887526462859611e+01 -1.803028571219164533e+01
1.155139537592218524e+01 -1.774594586221108727e+01 -1.736214545908732987e+01 -1.812974626533484468e+01
1.155990738993016009e+01 -1.784716742587649918e+01 -1.746487960581424659e+01 -1.822945524593875177e+01
1.156841940393813672e+01 -1.794837804338135712e+01 -1.756694679294069061e+01 -1.832980929382202362e+01
1.157693141794611336e+01 -1.804919990599490731e+01 -1.766896333811956055e+01 -1.842943647387025408e+01
1.158544343195408821e+01 -1.814979419977225206e+01 -1.777046551443189770e+01 -1.852912288511260641e+01
1.159395544596206307e+01 -1.825036673404191845e+01 -1.787192101937143107e+01 -1.862881244871240582e+01
1.160246745997003970e+01 -1.835046906763926344e+01 -1.797305726638894541e+01 -1.872788086888958148e+01
1.161097947397801633e+01 -1.845065764475576486e+01 -1.807429165413260819e+01 -1.882702363537892154e+01
1.161949148798599118e+01 -1.855045459734224167e+01 -1.817541617000017595e+01 -1.892549302468430739e+01
1.162800350199396782e+01 -1.864991359531798309e+01 -1.827639003992273459e+01 -1.902343715071323160e+01
1.163651551600194267e+01 -1.874919841298862266e+01 -1.837693128489184602e+01 -1.912146554108539931e+01
1.164502753000991930e+01 -1.884789412604497372e+01 -1.847768824752246175e+01 -1.921810000456748568e+01
1.165353954401789593e+01 -1.894648248305110982e+01 -1.857840080398980120e+01 -1.931456416211241844e+01
1.166205155802587079e+01 -1.904469368995706802e+01 -1.867882093078815586e+01 -1.941056644912598017e+01
1.167056357203384742e+01 -1.914235124627068885e+01 -1.877869950704186053e+01 -1.950600298549951717e+01
1.167907558604182228e+01 -1.923980841788797136e+01 -1.887874038366484086e+01 -1.960087645211110186e+01
1.168758760004979891e+01 -1.933674943449748795e+01 -1.897876282425580996e+01 -1.969473604473916595e+01
1.169609961405777554e+01 -1.943327999724950672e+01 -1.907811743619462064e+01 -1.978844255830439280e+01
1.170461162806575039e+01 -1.952940412934809444e+01 -1.917733601012340117e+01 -1.988147224857278772e+01
1.171312364207372525e+01 -1.962491162007979639e+01 -1.927651382946923420e+01 -1.997330941069035859e+01
1.172163565608170188e+01 -1.971998032952985724e+01 -1.937532401857315989e+01 -2.006463664048655460e+01
1.173014767008967851e+01 -1.981457906742755526e+01 -1.947391812312307380e+01 -2.015524001173203672e+01
1.173865968409765337e+01 -1.990834186376190829e+01 -1.957155464547819079e+01 -2.024512908204562578e+01
1.174717169810563000e+01 -2.000172022291857132e+01 -1.966870816827252000e+01 -2.033473227756462265e+01
1.175568371211360486e+01 -2.009448364015571542e+01 -1.976543662665017109e+01 -2.042353065366125975e+01
1.176419572612158149e+01 -2.018646560154569869e+01 -1.986103907675315483e+01 -2.051189212633824255e+01
1.177270774012955812e+01 -2.027794266937921464e+01 -1.995631693098303572e+01 -2.059956840777539355e+01
1.178121975413753297e+01 -2.036836439084948935e+01 -2.005082680963026220e+01 -2.068590197206871650e+01
1.178973176814550961e+01 -2.045835804348720899e+01 -2.014427182515906978e+01 -2.077244426181534820e+01
1.179824378215348446e+01 -2.054741148093525283e+01 -2.023710803247446322e+01 -2.085771492939604244e+01
1.180675579616146109e+01 -2.063555860206621162e+01 -2.032925575028006193e+01 -2.094186145385236131e+01
1.181526781016943772e+01 -2.072313420124677563e+01 -2.042016740960952603e+01 -2.102610099288402523e+01
1.182377982417741258e+01 -2.080953578291006778e+01 -2.051040893647446239e+01 -2.110866262934567317e+01
1.183229183818538743e+01 -2.089523405092141672e+01 -2.059968289201838942e+01 -2.119078520982444402e+01
1.184080385219336407e+01 -2.098004686601390745e+01 -2.068783160496837681e+01 -2.127226212705943809e+01
1.184931586620134070e+01 -2.106388192516091351e+01 -2.077514062155304941e+01 -2.135262322876877761e+01
1.185782788020931555e+01 -2.114693229724565526e+01 -2.086164024354055258e+01 -2.143222435095075795e+01
1.186633989421729218e+01 -2.122907066214207461e+01 -2.094675984342473640e+01 -2.151138148085941282e+01
1.187485190822526704e+01 -2.131041658715542653e+01 -2.103097994548492977e+01 -2.158985322882592328e+01
1.188336392223324367e+01 -2.139069552144960085e+01 -2.111480068751958683e+01 -2.166659035537961486e+01
1.189187593624122030e+01 -2.146862657247510953e+01 -2.119598019855011373e+01 -2.174127294640010533e+01
1.190038795024919516e+01 -2.154553492902172707e+01 -2.127673205130570366e+01 -2.181433780673775047e+01
1.190889996425717179e+01 -2.162155889875693404e+01 -2.135569167335720309e+01 -2.188742612415666500e+01
1.191741197826514664e+01 -2.169617052609883956e+01 -2.143401714744788578e+01 -2.195832390474979334e+01
1.192592399227312328e+01 -2.176982591436435399e+01 -2.151055637742529569e+01 -2.202909545130341229e+01
1.193443600628109991e+01 -2.184223016145607943e+01 -2.158641080892762787e+01 -2.209804951398453099e+01
1.194294802028907476e+01 -2.191306156619967638e+01 -2.166041472111082911e+01 -2.216570841128852365e+01
1.195146003429704962e+01 -2.198289295764620377e+01 -2.173268753641781359e+01 -2.223309837887459395e+01
1.195997204830502625e+01 -2.205218864970786896e+01 -2.178628988291257684e+01 -2.231808741650316108e+01
1.196848406231300288e+01 -2.211914924943923211e+01 -2.185386119705170671e+01 -2.238443730182675750e+01
1.197699607632097774e+01 -2.218542678103221988e+01 -2.193854927384759890e+01 -2.243230428821684086e+01
1.198550809032895437e+01 -2.224904821750716621e+01 -2.201144672796671387e+01 -2.248664970704761856e+01
1.199402010433692922e+01 -2.231127593268714548e+01 -2.207253056334196728e+01 -2.255002130203232369e+01
1.200253211834490585e+01 -2.237237022117284369e+01 -2.213220934617882918e+01 -2.261253109616685819e+01
1.201104413235288249e+01 -2.243117757833108783e+01 -2.219006933703738582e+01 -2.267228581962478984e+01
1.201955614636085734e+01 -2.248782451021381945e+01 -2.224732541481521864e+01 -2.272832360561242027e+01
1.202806816036883397e+01 -2.254266139796444435e+01 -2.230410735266223554e+01 -2.278121544326665315e+01
1.203658017437680883e+01 -2.259590549089644540e+01 -2.235833858600636503e+01 -2.283347239578652577e+01
1.204509218838478546e+01 -2.264842648366403566e+01 -2.240879549707982221e+01 -2.288805747024824910e+01
1.205360420239276209e+01 -2.269970255586216368e+01 -2.245790553390827426e+01 -2.294149957781605309e+01
1.206211621640073695e+01 -2.274896064306350851e+01 -2.250494983949749894e+01 -2.299297144662951808e+01
1.207062823040871180e+01 -2.279756442206814882e+01 -2.254026414449808513e+01 -2.305486469963821250e+01
1.207914024441668843e+01 -2.284263517706764901e+01 -2.259321249491247485e+01 -2.309205785922282317e+01
1.208765225842466506e+01 -2.288741841999780391e+01 -2.263523152802904903e+01 -2.313960531196655879e+01
1.209616427243263992e+01 -2.293061181470922349e+01 -2.267452565961352917e+01 -2.318669796980491782e+01
1.210467628644061655e+01 -2.297208293267214074e+01 -2.271399684307176514e+01 -2.323016902227251634e+01
1.211318830044859141e+01 -2.301169558822712347e+01 -2.275111877857256459e+01 -2.327227239788168234e+01
1.212170031445656804e+01 -2.304970985314643528e+01 -2.278515820368770051e+01 -2.331426150260517005e+01
1.213021232846454467e+01 -2.308710938239102362e+01 -2.281790113997321967e+01 -2.335631762480882756e+01
1.213872434247251952e+01 -2.312288712722372708e+01 -2.284823040642476144e+01 -2.339754384802269271e+01
1.214723635648049616e+01 -2.315647075669107835e+01 -2.287495737085094660e+01 -2.343798414253121010e+01
1.215574837048847101e+01 -2.318921831851504933e+01 -2.289910382256743659e+01 -2.347933281446266207e+01
1.216426038449644764e+01 -2.322009415125299014e+01 -2.292147300590747960e+01 -2.351871529659850069e+01
1.217277239850442427e+01 -2.324813970880340364e+01 -2.294203685521900482e+01 -2.355424256238780245e+01
1.218128441251239913e+01 -2.327481188651553978e+01 -2.296098411136153317e+01 -2.358863966166954640e+01
1.218979642652037398e+01 -2.329971859351912755e+01 -2.297804624094338877e+01 -2.362139094609486634e+01
1.219830844052835062e+01 -2.332286755299192293e+01 -2.299268011551850321e+01 -2.365305499046534266e+01
1.220682045453632725e+01 -2.334499809848324858e+01 -2.300682268893725890e+01 -2.368317350802923826e+01
1.221533246854430210e+01 -2.336529488901737750e+01 -2.301861343904973367e+01 -2.371197633898502133e+01
1.222384448255227873e+01 -2.338451463301028355e+01 -2.302896613458321440e+01 -2.374006313143735269e+01
1.223235649656025359e+01 -2.340245639519940468e+01 -2.303918767786365152e+01 -2.376572511253515785e+01
1.224086851056823022e+01 -2.341917614033100037e+01 -2.304882746741173349e+01 -2.378952481325026724e+01
1.224938052457620685e+01 -2.343456774924019470e+01 -2.305732275636509598e+01 -2.381181274211529342e+01
1.225789253858418171e+01 -2.344884734232813273e+01 -2.306638800969464498e+01 -2.383130667496162047e+01
1.226640455259215834e+01 -2.346224973285920257e+01 -2.307279931176385190e+01 -2.385170015395455323e+01
1.227491656660013319e+01 -2.347469120684733568e+01 -2.307819932473930535e+01 -2.387118308895536600e+01
1.228342858060810983e+01 -2.348623777168120341e+01 -2.308297049434232662e+01 -2.388950504902008021e+01
1.229194059461608646e+01 -2.349687954825226655e+01 -2.308717084972731115e+01 -2.390658824677722194e+01
1.230045260862406131e+01 -2.350668065750501157e+01 -2.309087418416579141e+01 -2.392248713084423173e+01
1.230896462263203617e+01 -2.351573381250233652e+01 -2.309378035048463218e+01 -2.393768727452004086e+01
1.231747663664001280e+01 -2.352406093982775559e+01 -2.309622002883365255e+01 -2.395190185082185863e+01
1.232598865064798943e+01 -2.353171072570373212e+01 -2.309896567760203467e+01 -2.396445577380542957e+01
1.233450066465596429e+01 -2.353872848578822641e+01 -2.310169309657316461e+01 -2.397576387500328821e+01
1.234301267866394092e+01 -2.354504613008601055e+01 -2.310380109051745023e+01 -2.398629116965457087e+01
1.235152469267191577e+01 -2.355071718020584015e+01 -2.310581241929162033e+01 -2.399562194112005997e+01
1.236003670667989240e+01 -2.355594209794743676e+01 -2.310775682532111119e+01 -2.400412737057376233e+01
1.236854872068786904e+01 -2.356073301654644681e+01 -2.311023427047238599e+01 -2.401123176262050762e+01
1.237706073469584389e+01 -2.356510840642480531e+01 -2.311237666562104209e+01 -2.401784014722856853e+01
1.238557274870382052e+01 -2.356908149977666511e+01 -2.311396385121844688e+01 -2.402419914833488335e+01
1.239408476271179538e+01 -2.357271464988965448e+01 -2.311453123288637101e+01 -2.403089806689293795e+01
1.240259677671977201e+01 -2.357604592894696793e+01 -2.311492471446449315e+01 -2.403716714342944272e+01
1.241110879072774864e+01 -2.357910450101078936e+01 -2.311519457279842982e+01 -2.404301442922314891e+01
1.241962080473572350e+01 -2.358184727046222307e+01 -2.311533620278824230e+01 -2.404835833813620383e+01
1.242813281874369835e+01 -2.358431380834269930e+01 -2.311543968514698832e+01 -2.405318793153841028e+01
1.243664483275167498e+01 -2.358651017887795120e+01 -2.311549095421736055e+01 -2.405752940353854186e+01
1.244515684675965161e+01 -2.358847517125309423e+01 -2.311549316797969666e+01 -2.406145717452649180e+01
1.245366886076762647e+01 -2.359023545283922374e+01 -2.311543484444812790e+01 -2.406503606123031958e+01
1.246218087477560310e+01 -2.359180508783019903e+01 -2.311532988742813188e+01 -2.406828028823226617e+01
1.247069288878357796e+01 -2.359322037132242755e+01 -2.311521200703834467e+01 -2.407122873560651044e+01
1.247920490279155459e+01 -2.359449248487590012e+01 -2.311508032295056481e+01 -2.407390464680123543e+01
1.248771691679953122e+01 -2.359560908112179689e+01 -2.311491911254864462e+01 -2.407629904969494916e+01
1.249622893080750607e+01 -2.359660355075675753e+01 -2.311473634811533984e+01 -2.407847075339817522e+01
1.250474094481548271e+01 -2.359748816909254643e+01 -2.311455439721410698e+01 -2.408042194097098587e+01
1.251325295882345756e+01 -2.359828218382958553e+01 -2.311442669618825363e+01 -2.408213767147091744e+01
1.252176497283143419e+01 -2.359898949583527994e+01 -2.311434196720817269e+01 -2.408363702446238719e+01
1.253027698683941082e+01 -2.359961370392160518e+01 -2.311399811144440264e+01 -2.408522929639880772e+01
1.253878900084738568e+01 -2.360013652222294667e+01 -2.311359648463755079e+01 -2.408667655980834255e+01
1.254730101485536053e+01 -2.360057289459318497e+01 -2.311315637509939336e+01 -2.408798941408697658e+01
1.255581302886333717e+01 -2.360092118130633665e+01 -2.311268226251736024e+01 -2.408916010009531306e+01
1.256432504287131380e+01 -2.360120038985309421e+01 -2.311226437104082621e+01 -2.409013640866536221e+01
1.257283705687928865e+01 -2.360142495175287536e+01 -2.311196712049023105e+01 -2.409088278301551966e+01
1.258134907088726528e+01 -2.360161039729849008e+01 -2.311182477367397681e+01 -2.409139602092300336e+01
1.258986108489524014e+01 -2.360176883220066557e+01 -2.311177962583877843e+01 -2.409175803856255271e+01
1.259837309890321677e+01 -2.360190732690891480e+01 -2.311178247865709778e+01 -2.409203217516073181e+01
1.260688511291119340e+01 -2.360203115135240637e+01 -2.311180070680489251e+01 -2.409226159589992022e+01
1.261539712691916826e+01 -2.360214383406485439e+01 -2.311182824908379985e+01 -2.409245941904590893e+01
1.262390914092714489e+01 -2.360224875454548155e+01 -2.311186673454511720e+01 -2.409263077454584590e+01
1.263242115493511974e+01 -2.360234813874857096e+01 -2.311190748309921261e+01 -2.409278879439792931e+01
1.264093316894309638e+01 -2.360244228636984687e+01 -2.311194831923157977e+01 -2.409293625350811396e+01
1.264944518295107301e+01 -2.360253367391534240e+01 -2.311199025848853239e+01 -2.409307708934215242e+01
1.265795719695904786e+01 -2.360262359550074152e+01 -2.311203438859812920e+01 -2.409321280240335383e+01
1.266646921096702272e+01 -2.360271219489314376e+01 -2.311208171695758296e+01 -2.409334267282870456e+01
1.267498122497499935e+01 -2.360280118213599110e+01 -2.311201533929505203e+01 -2.409358702497693017e+01
1.268349323898297598e+01 -2.360289201751966104e+01 -2.311133420552507545e+01 -2.409444982951424663e+01
1.269200525299095084e+01 -2.360298411552788167e+01 -2.311060493103768110e+01 -2.409536330001808224e+01
1.270051726699892747e+01 -2.360306835800280467e+01 -2.311040808634623289e+01 -2.409572862965937645e+01
1.270902928100690232e+01 -2.360314590552525260e+01 -2.311033347050596376e+01 -2.409595834054454144e+01
1.271754129501487895e+01 -2.360326113576984852e+01 -2.311032875543300236e+01 -2.409619351610669469e+01
1.272605330902285559e+01 -2.360334141841068600e+01 -2.311032461299726393e+01 -2.409635822382410808e+01
1.273456532303083044e+01 -2.360340893861125977e+01 -2.311032244626113652e+01 -2.409649543096138302e+01
1.274307733703880707e+01 -2.360347673203193253e+01 -2.311032740158582754e+01 -2.409662606247803751e+01
1.275158935104678193e+01 -2.360354556645789614e+01 -2.311033922112255468e+01 -2.409675191179323761e+01
1.276010136505475856e+01 -2.360361651123989191e+01 -2.311035841133461233e+01 -2.409687461114517149e+01
1.276861337906273519e+01 -2.360368789065118378e+01 -2.311038319341380998e+01 -2.409699258788855758e+01
1.277712539307071005e+01 -2.360375643597006245e+01 -2.311040997093383709e+01 -2.409710290100628782e+01
1.278563740707868490e+01 -2.360382054004304919e+01 -2.311043575256454830e+01 -2.409720532752155009e+01
1.279414942108666153e+01 -2.360388318593605206e+01 -2.311045857098073242e+01 -2.409730780089137170e+01
1.280266143509463816e+01 -2.360395143998758982e+01 -2.311048175733649757e+01 -2.409742112263868208e+01
1.281117344910261302e+01 -2.360401872985185179e+01 -2.311050847720238011e+01 -2.409752898250132347e+01
1.281968546311058965e+01 -2.360406486539739390e+01 -2.311051839331639357e+01 -2.409761133747839423e+01
1.282819747711856451e+01 -2.360410532656968030e+01 -2.311052642540390423e+01 -2.409768422773545637e+01
1.283670949112654114e+01 -2.360414295198592072e+01 -2.311053496713901367e+01 -2.409775093683282776e+01
1.284522150513451777e+01 -2.360417693071766720e+01 -2.311054323173051017e+01 -2.409781062970482424e+01
1.285373351914249263e+01 -2.360420874310140249e+01 -2.311054353233821956e+01 -2.409787395386458542e+01
1.286224553315046926e+01 -2.360423906586028053e+01 -2.311053834447078614e+01 -2.409793978724977492e+01
1.287075754715844411e+01 -2.360426712943404581e+01 -2.311053379980630496e+01 -2.409800045906178667e+01
1.287926956116642074e+01 -2.360429283122978461e+01 -2.311053033141942947e+01 -2.409805533104013975e+01
1.288778157517439560e+01 -2.360431622700623322e+01 -2.311052777498855448e+01 -2.409810467902391196e+01
1.289629358918237223e+01 -2.360433761034735767e+01 -2.311052597092053418e+01 -2.409814924977418116e+01
1.290480560319034709e+01 -2.360435715622939057e+01 -2.311052485118570488e+01 -2.409818946127307626e+01
1.291331761719832372e+01 -2.360437479211721978e+01 -2.311052411848328347e+01 -2.409822546575115609e+01
1.292182963120630035e+01 -2.360439067477123487e+01 -2.311052363647700858e+01 -2.409825771306546116e+01
1.293034164521427520e+01 -2.360440529265014220e+01 -2.311052370472913964e+01 -2.409828688057114476e+01
1.293885365922225184e+01 -2.360441920542184491e+01 -2.311052470291725314e+01 -2.409831370792643668e+01
1.294736567323022669e+01 -2.360443254024606219e+01 -2.311052194330706300e+01 -2.409834313718506138e+01
1.295587768723820332e+01 -2.360444483743615507e+01 -2.311050728116451225e+01 -2.409838239370779789e+01
1.296438970124617995e+01 -2.360445699726489721e+01 -2.311049071578757363e+01 -2.409842327874222079e+01
1.297290171525415481e+01 -2.360447080064796310e+01 -2.311047900062655813e+01 -2.409846260066936807e+01
1.298141372926213144e+01 -2.360448392522588179e+01 -2.311046961976248326e+01 -2.409849823068928032e+01
1.298992574327010630e+01 -2.360449697155787874e+01 -2.311046264964368646e+01 -2.409853129347207101e+01
1.299843775727808293e+01 -2.360451026560029675e+01 -2.311045840703901177e+01 -2.409856212416158172e+01
1.300694977128605778e+01 -2.360453161286757862e+01 -2.311046424705989111e+01 -2.409859897867526612e+01
1.301546178529403441e+01 -2.360456442584043302e+01 -2.311048330631501102e+01 -2.409864554536585501e+01
1.302397379930200927e+01 -2.360460932421660019e+01 -2.311051609538407803e+01 -2.409870255304912234e+01
1.303248581330998590e+01 -2.360465390651361517e+01 -2.311054995226228925e+01 -2.409875786076494109e+01
1.304099782731796253e+01 -2.360467827655323703e+01 -2.311056486338674887e+01 -2.409879168971972518e+01
1.304950984132593739e+01 -2.360469295044067550e+01 -2.311057120967830869e+01 -2.409881469120304232e+01
1.305802185533391402e+01 -2.360470652586827356e+01 -2.311057743476916926e+01 -2.409883561696737786e+01
1.306653386934188887e+01 -2.360472120100931903e+01 -2.311058564298355833e+01 -2.409885675903507973e+01
1.307504588334986551e+01 -2.360473835564832612e+01 -2.311059710906940268e+01 -2.409887960222724956e+01
1.308355789735784214e+01 -2.360475814523810101e+01 -2.311061188603753180e+01 -2.409890440443867021e+01
1.309206991136581699e+01 -2.360478113959807089e+01 -2.311063048580621526e+01 -2.409893179338992653e+01
1.310058192537379362e+01 -2.360480840893833943e+01 -2.311065389602004672e+01 -2.409896292185663214e+01
1.310909393938176848e+01 -2.360484163981015016e+01 -2.311068373482742899e+01 -2.409899954479287132e+01
1.311760595338974511e+01 -2.360488332665170574e+01 -2.311072245810197501e+01 -2.409904419520143648e+01
1.312611796739771997e+01 -2.360493728327870855e+01 -2.311077380703491002e+01 -2.409910075952250708e+01
1.313462998140569660e+01 -2.360500394751191067e+01 -2.311083819431346953e+01 -2.409916970071035180e+01
1.314314199541367145e+01 -2.360502041156478725e+01 -2.311085267369456275e+01 -2.409918814943501175e+01
1.315165400942164808e+01 -2.360502777888135029e+01 -2.311085830840296396e+01 -2.409919724935973662e+01
1.316016602342962472e+01 -2.360503346375068290e+01 -2.311086248547612954e+01 -2.409920444202523626e+01
1.316867803743759957e+01 -2.360503838387055708e+01 -2.311086608298092315e+01 -2.409921068476019101e+01
1.317719005144557620e+01 -2.360504286976140875e+01 -2.311086941552732554e+01 -2.409921632399549196e+01
1.318570206545355106e+01 -2.360504719128059037e+01 -2.311087273254580765e+01 -2.409922165001537309e+01
1.319421407946152769e+01 -2.360505109433898951e+01 -2.311087575782344317e+01 -2.409922643085453586e+01
1.320272609346950432e+01 -2.360505449751041596e+01 -2.311087839769118091e+01 -2.409923059732965100e+01
1.321123810747747918e+01 -2.360505783197282170e+01 -2.311088106750204574e+01 -2.409923459644359767e+01
1.321975012148545581e+01 -2.360506113257541116e+01 -2.311088378937182242e+01 -2.409923847577899991e+01
1.322826213549343066e+01 -2.360506410898571517e+01 -2.311088626390734291e+01 -2.409924195406408742e+01
1.323677414950140729e+01 -2.360506669460437479e+01 -2.311088841354551704e+01 -2.409924497566323254e+01
1.324528616350938215e+01 -2.360506922719629230e+01 -2.311089056741596792e+01 -2.409924788697661668e+01
1.325379817751735878e+01 -2.360507273221332980e+01 -2.311089374501969829e+01 -2.409925171940696131e+01
1.326231019152533364e+01 -2.360507792661351800e+01 -2.311089865490349027e+01 -2.409925719832354574e+01
1.327082220553331027e+01 -2.360508314913988670e+01 -2.311090363172415252e+01 -2.409926266655562088e+01
1.327933421954128690e+01 -2.360508831111230776e+01 -2.311090858153950123e+01 -2.409926804068511430e+01
1.328784623354926175e+01 -2.360509495423936954e+01 -2.311091504059902135e+01 -2.409927486787971773e+01
1.329635824755723839e+01 -2.360511439841882719e+01 -2.311093432737628106e+01 -2.409929446946137332e+01
1.330487026156521324e+01 -2.360512265733090587e+01 -2.311094245046879081e+01 -2.409930286419302092e+01
1.331338227557318987e+01 -2.360512832472931777e+01 -2.311094800086343781e+01 -2.409930864859519772e+01
1.332189428958116650e+01 -2.360513296349412826e+01 -2.311095253895404511e+01 -2.409931338803421141e+01
1.333040630358914136e+01 -2.360513711741106491e+01 -2.311095660583586309e+01 -2.409931762898626673e+01
1.333891831759711799e+01 -2.360514110489424056e+01 -2.311096051861380474e+01 -2.409932169117467637e+01
1.334743033160509285e+01 -2.360514485514113048e+01 -2.311096420454649092e+01 -2.409932550573577004e+01
1.335594234561306948e+01 -2.360514825876104794e+01 -2.311096755288320637e+01 -2.409932896463888952e+01
1.336445435962104433e+01 -2.360515126672091668e+01 -2.311097051348718878e+01 -2.409933201995464458e+01
1.337296637362902096e+01 -2.360515391039006872e+01 -2.311097311649434261e+01 -2.409933470428579483e+01
1.338147838763699582e+01 -2.360515632067975744e+01 -2.311097549192201939e+01 -2.409933714943749550e+01
1.338999040164497245e+01 -2.360515852223089794e+01 -2.311097766368786210e+01 -2.409933938077393378e+01
1.339850241565294908e+01 -2.360516040954878036e+01 -2.311097952547177670e+01 -2.409934129362578403e+01
1.340701442966092394e+01 -2.360516211586402235e+01 -2.311098121000912187e+01 -2.409934302171892284e+01
1.341552644366890057e+01 -2.360516386222042229e+01 -2.311098293779558333e+01 -2.409934478664526125e+01
1.342403845767687542e+01 -2.360516540563290633e+01 -2.311098446530956352e+01 -2.409934634595624914e+01
1.343255047168485206e+01 -2.360516671444664283e+01 -2.311098576064136978e+01 -2.409934766825191588e+01
1.344106248569282869e+01 -2.360516783515645400e+01 -2.311098686983246608e+01 -2.409934880048044192e+01
1.344957449970080354e+01 -2.360516889592376089e+01 -2.311098792087775422e+01 -2.409934987096976755e+01
1.345808651370878017e+01 -2.360517012252658731e+01 -2.311098913926210585e+01 -2.409935110579106876e+01
1.346659852771675503e+01 -2.360517118405777026e+01 -2.311099019377025598e+01 -2.409935217434528454e+01
1.347511054172473166e+01 -2.360517208206296758e+01 -2.311099108583429995e+01 -2.409935307829163520e+01
1.348362255573270652e+01 -2.360517284545464634e+01 -2.311099184417542318e+01 -2.409935384673386949e+01
1.349213456974068315e+01 -2.360517349260479136e+01 -2.311099248704405795e+01 -2.409935449816552477e+01
1.350064658374865800e+01 -2.360517403934887071e+01 -2.311099303017090634e+01 -2.409935504852683508e+01
1.350915859775663463e+01 -2.360517450290670283e+01 -2.311099349066186548e+01 -2.409935551515154017e+01
1.351767061176461127e+01 -2.360517510728122659e+01 -2.311099409244519265e+01 -2.409935612211726053e+01
1.352618262577258612e+01 -2.360517589900954860e+01 -2.311099488198852825e+01 -2.409935691603056895e+01
1.353469463978056275e+01 -2.360517667692098698e+01 -2.311099565805399791e+01 -2.409935769578797604e+01
1.354320665378853761e+01 -2.360517733117631778e+01 -2.311099631075679284e+01 -2.409935835159584272e+01
1.355171866779651424e+01 -2.360517788148285590e+01 -2.311099685975747065e+01 -2.409935890320824114e+01
1.356023068180449087e+01 -2.360517834565098028e+01 -2.311099732282412944e+01 -2.409935936847783111e+01
1.356874269581246573e+01 -2.360517873392284471e+01 -2.311099771017463667e+01 -2.409935975767105276e+01
1.357725470982044058e+01 -2.360517906060722026e+01 -2.311099803608379588e+01 -2.409936008513064465e+01
1.358576672382841721e+01 -2.360517933411752978e+01 -2.311099830894507079e+01 -2.409936035928998876e+01
1.359427873783639384e+01 -2.360517956232863312e+01 -2.311099853661463399e+01 -2.409936058804263226e+01
1.360279075184437048e+01 -2.360517975279219627e+01 -2.311099872662623156e+01 -2.409936077895816098e+01
1.361130276585234533e+01 -2.360517991099229462e+01 -2.311099888445092176e+01 -2.409936093753366748e+01
1.361981477986032019e+01 -2.360518004361010469e+01 -2.311099901675403245e+01 -2.409936107046617693e+01
1.362832679386829682e+01 -2.360518015436305816e+01 -2.311099912724417038e+01 -2.409936118148194595e+01
1.363683880787627345e+01 -2.360518024649321589e+01 -2.311099921915570832e+01 -2.409936127383072346e+01
1.364535082188424830e+01 -2.360518032354307394e+01 -2.311099929602272951e+01 -2.409936135106341837e+01
1.365386283589222494e+01 -2.360518038758978321e+01 -2.311099935991745724e+01 -2.409936141526210918e+01
1.366237484990019979e+01 -2.360518044081053901e+01 -2.311099941301192118e+01 -2.409936146860915684e+01
1.367088686390817642e+01 -2.360518048506507682e+01 -2.311099945716144433e+01 -2.409936151296870932e+01
1.367939887791615305e+01 -2.360518052170407444e+01 -2.311099949371349638e+01 -2.409936154969465250e+01
1.368791089192412791e+01 -2.360518055206852495e+01 -2.311099952400589430e+01 -2.409936158013115559e+01
1.369642290593210276e+01 -2.360518057726041263e+01 -2.311099954913800403e+01 -2.409936160538282124e+01
1.370493491994007940e+01 -2.360518059801423618e+01 -2.311099956984257631e+01 -2.409936162618589606e+01
1.371344693394805603e+01 -2.360518061518658328e+01 -2.311099958697417378e+01 -2.409936164339899278e+01
1.372195894795603266e+01 -2.360518062933585881e+01 -2.311099960108987617e+01 -2.409936165758184146e+01
1.373047096196400751e+01 -2.360518064095577273e+01 -2.311099961268221392e+01 -2.409936166922933154e+01
1.373898297597198237e+01 -2.360518065057453541e+01 -2.311099962227815396e+01 -2.409936167887091685e+01
1.374749498997995900e+01 -2.360518065843187685e+01 -2.311099963011684721e+01 -2.409936168674690649e+01
1.450000000000000000e+01 -2.360518065843187685e+01 -2.311099963011684721e+01 -2.409936168674690649e+01
