# # logMh LcMh -err(LcMh) +err(LcMh)
9.500000000000000000e+00 3.438347202585163576e+00 3.912710767900528186e+00 2.963983637269798965e+00
9.508801169473214188e+00 3.361704677782406669e+00 3.835785293490189485e+00 2.887624062074623854e+00
9.517602338946430152e+00 3.285083523086409496e+00 3.758890747345205785e+00 2.811276298827613207e+00
9.526403508419644339e+00 3.208349671965241789e+00 3.681759571997158087e+00 2.734939771933325492e+00
9.535204677892860303e+00 3.131447096352284909e+00 3.604408645970152314e+00 2.658485546734417504e+00
9.544005847366074491e+00 3.054605690824698794e+00 3.527008267273195052e+00 2.582203114376202535e+00
9.552807016839290455e+00 2.977627867234187153e+00 3.449225140737210094e+00 2.506030593731164213e+00
9.561608186312504643e+00 2.900655439039486083e+00 3.371598274477009660e+00 2.429712603601962506e+00
9.570409355785720606e+00 2.823649932524803674e+00 3.293671441205370698e+00 2.353628423844236650e+00
9.579210525258934794e+00 2.746680447672758874e+00 3.215978023057560087e+00 2.277382872287957660e+00
9.588011694732148982e+00 2.669817895831414933e+00 3.138494971559417479e+00 2.201140820103412388e+00
9.596812864205364946e+00 2.592796985180432223e+00 3.060872108093744437e+00 2.124721862267120009e+00
9.605614033678579133e+00 2.515760857096330128e+00 2.983368115768224360e+00 2.048153598424435895e+00
9.614415203151795097e+00 2.438681238009166918e+00 2.905583310847493106e+00 1.971779165170840731e+00
9.623216372625009285e+00 2.361474634414335139e+00 2.827580065892716377e+00 1.895369202935953679e+00
9.632017542098225249e+00 2.284297263488805463e+00 2.749755484787300475e+00 1.818839042190310451e+00
9.640818711571439437e+00 2.206979402276842528e+00 2.671848183063540549e+00 1.742110621490144506e+00
9.649619881044653624e+00 2.129623179222115859e+00 2.593892810831554652e+00 1.665353547612677065e+00
9.658421050517869588e+00 2.052230330811463777e+00 2.516120863202759850e+00 1.588339798420167703e+00
9.667222219991083776e+00 1.974642326032095552e+00 2.438265933057706114e+00 1.511018719006484989e+00
9.676023389464299740e+00 1.896964693865363705e+00 2.360384911916129980e+00 1.433544475814597430e+00
9.684824558937513928e+00 1.819155449109731926e+00 2.282537908508650126e+00 1.355772989710813725e+00
9.693625728410729891e+00 1.741222895443257812e+00 2.204537546348864563e+00 1.277908244537651283e+00
9.702426897883944079e+00 1.663230479725203992e+00 2.126382626922815877e+00 1.200078332527592107e+00
9.711228067357160043e+00 1.585035383494291850e+00 2.047987916438299472e+00 1.122082850550284228e+00
9.720029236830374231e+00 1.506721486160629064e+00 1.969444610905823012e+00 1.043998361415435117e+00
9.728830406303588418e+00 1.428289684682928273e+00 1.890866476695113096e+00 9.657128926707434502e-01
9.737631575776804382e+00 1.349623864492522252e+00 1.812052875961917664e+00 8.871948530231269503e-01
9.746432745250018570e+00 1.270904495305666515e+00 1.733151250264961085e+00 8.086577403463720559e-01
9.755233914723234534e+00 1.192008927648455563e+00 1.654094623960347121e+00 7.299232313365641156e-01
9.764035084196448722e+00 1.112966140428333972e+00 1.574770106171331063e+00 6.511621746853368808e-01
9.772836253669664686e+00 1.033906735996025894e+00 1.495218601229838518e+00 5.725948707622132705e-01
9.781637423142878873e+00 9.546179147955452526e-01 1.415473418758580681e+00 4.937624108325099348e-01
9.790438592616093061e+00 8.753386292566039950e-01 1.335585988876085706e+00 4.150912696371222288e-01
9.799239762089309025e+00 7.959973417136736451e-01 1.255364981723602114e+00 3.366297017037452877e-01
9.808040931562523213e+00 7.166418771030735879e-01 1.175242374620466101e+00 2.580413795856811854e-01
9.816842101035739176e+00 6.373882350501993699e-01 1.095065288130453451e+00 1.797111819699453439e-01
9.825643270508953364e+00 5.579575285427014197e-01 1.014649801031723753e+00 1.012652560536790314e-01
9.834444439982169328e+00 4.786512213989636555e-01 9.346232010057886619e-01 2.267924179213864910e-02
9.843245609455383516e+00 3.993023252628816189e-01 8.544941441805539162e-01 -5.588949365479067843e-02
9.852046778928599480e+00 3.198452115219899139e-01 7.743062779886262792e-01 -1.346158549446465069e-01
9.860847948401813667e+00 2.405514485697472782e-01 6.943789169377303505e-01 -2.132760197982357664e-01
9.869649117875027855e+00 1.609080782128448350e-01 6.141559683758545107e-01 -2.923398119501647852e-01
9.878450287348243819e+00 8.131945942296636698e-02 5.340401765179761950e-01 -3.714012576720434611e-01
9.887251456821458007e+00 1.561478469296872238e-03 4.536859271192764664e-01 -4.505629701806826981e-01
9.896052626294673971e+00 -7.840045109714077753e-02 3.734856246376439537e-01 -5.302865268319254533e-01
9.904853795767888158e+00 -1.583379567296464008e-01 2.934039668655423205e-01 -6.100798803248350666e-01
9.913654965241104122e+00 -2.386129788998271606e-01 2.128539923516858112e-01 -6.900799501513401601e-01
9.922456134714318310e+00 -3.189196642028447881e-01 1.324524694873818187e-01 -7.702917978930714504e-01
9.931257304187532498e+00 -3.992880196063983145e-01 5.187213919385535998e-02 -8.504481784066519889e-01
9.940058473660748461e+00 -4.798765297084275350e-01 -2.907118906903094491e-02 -9.306818703478241250e-01
9.948859643133962649e+00 -5.604781943024481627e-01 -1.100017369711506765e-01 -1.010954651633745538e+00
9.957660812607178613e+00 -6.413149813748220129e-01 -1.912012974848689706e-01 -1.091428665264775111e+00
9.966461982080392801e+00 -7.222168711691890897e-01 -2.724789166969411869e-01 -1.171954825641436937e+00
9.975263151553608765e+00 -8.031583877168596564e-01 -3.537127900301930694e-01 -1.252603985403526243e+00
9.984064321026822952e+00 -8.842635793031038416e-01 -4.351868410528579867e-01 -1.333340317553349585e+00
9.992865490500038916e+00 -9.653837159475880947e-01 -5.167465097020973452e-01 -1.414020922193078844e+00
1.000166665997325310e+01 -1.046685968819125678e+00 -5.983658488140577436e-01 -1.495006088824193613e+00
1.001046782944646729e+01 -1.128089645105670336e+00 -6.801123203641028514e-01 -1.576066969847237820e+00
1.001926899891968326e+01 -1.209513762199784903e+00 -7.620037376908297411e-01 -1.657023786708740065e+00
1.002807016839289744e+01 -1.291094286757115350e+00 -8.440707716762113622e-01 -1.738117801838019449e+00
1.003687133786611341e+01 -1.372734180987967845e+00 -9.261950885930252397e-01 -1.819273273382910450e+00
1.004567250733932759e+01 -1.454508360855784277e+00 -1.008402564145723712e+00 -1.900614157565844842e+00
1.005447367681254356e+01 -1.536435542552182509e+00 -1.090759630507525113e+00 -1.982111454596839906e+00
1.006327484628575775e+01 -1.618411270660941925e+00 -1.173237734338052451e+00 -2.063584806983831399e+00
1.007207601575897371e+01 -1.700573145245382056e+00 -1.255921457051919266e+00 -2.145224833438844847e+00
1.008087718523218790e+01 -1.782862777574992785e+00 -1.338704212446522046e+00 -2.227021342703463525e+00
1.008967835470540209e+01 -1.865248496516470400e+00 -1.421518618975376347e+00 -2.308978374057564231e+00
1.009847952417861805e+01 -1.947863372892735034e+00 -1.504549184420579166e+00 -2.391177561364890902e+00
1.010728069365183224e+01 -2.030532175431649211e+00 -1.587637444134257114e+00 -2.473426906729041530e+00
1.011608186312504820e+01 -2.113343622518601528e+00 -1.670831876286927642e+00 -2.555855368750275414e+00
1.012488303259826239e+01 -2.196360210210513308e+00 -1.754243745535890131e+00 -2.638476674885136486e+00
1.013368420207147835e+01 -2.279399080302102032e+00 -1.837678050427649312e+00 -2.721120110176554974e+00
1.014248537154469254e+01 -2.362669545846923569e+00 -1.921515942670011912e+00 -2.803823149023835448e+00
1.015128654101790673e+01 -2.445961140913066600e+00 -2.005235861441189815e+00 -2.886686420384943386e+00
1.016008771049112269e+01 -2.529365774110235776e+00 -2.089118875737459469e+00 -2.969612672483012084e+00
1.016888887996433688e+01 -2.612985183421113078e+00 -2.173097245674662670e+00 -3.052873121167563486e+00
1.017769004943755284e+01 -2.696591539238180513e+00 -2.257152407800312677e+00 -3.136030670676048349e+00
1.018649121891076703e+01 -2.780453981940025354e+00 -2.341482458443849612e+00 -3.219425505436201096e+00
1.019529238838398300e+01 -2.864382667724376219e+00 -2.425866062908441201e+00 -3.302899272540311237e+00
1.020409355785719718e+01 -2.948380391219536545e+00 -2.510383555017033697e+00 -3.386377227422039393e+00
1.021289472733041137e+01 -3.032665882154887971e+00 -2.595126158569654784e+00 -3.470205605740121158e+00
1.022169589680362733e+01 -3.116946732022492839e+00 -2.679700414427276467e+00 -3.554193049617709210e+00
1.023049706627684152e+01 -3.201565558241283860e+00 -2.764828445406099178e+00 -3.638302671076468542e+00
1.023929823575005749e+01 -3.286234293842834830e+00 -2.849858066357159991e+00 -3.722610521328509670e+00
1.024809940522327167e+01 -3.370987105554793750e+00 -2.935121040912302526e+00 -3.806853170197284975e+00
1.025690057469648764e+01 -3.456099231804708793e+00 -3.020687345238088017e+00 -3.891511118371329569e+00
1.026570174416970183e+01 -3.541190781854476999e+00 -3.106298303900298929e+00 -3.976083259808655068e+00
1.027450291364291779e+01 -3.626598530987533042e+00 -3.192293273087371652e+00 -4.060903788887694432e+00
1.028330408311613198e+01 -3.712099814265648945e+00 -3.278244332590278365e+00 -4.145955295941019969e+00
1.029210525258934616e+01 -3.797644456643070487e+00 -3.364317592569504356e+00 -4.230971320716636619e+00
1.030090642206256213e+01 -3.883495340976050425e+00 -3.450760508599727494e+00 -4.316230173352373356e+00
1.030970759153577632e+01 -3.969310833455515386e+00 -3.537306619946718467e+00 -4.401315046964311861e+00
1.031850876100899228e+01 -4.055343365878499640e+00 -3.623994573206513081e+00 -4.486692158550486198e+00
1.032730993048220647e+01 -4.141441972602216026e+00 -3.710773749761243856e+00 -4.572110195443188196e+00
1.033611109995542243e+01 -4.227563359454100222e+00 -3.797578305213125116e+00 -4.657548413695074885e+00
1.034491226942863662e+01 -4.313927125023921505e+00 -3.884654945527814540e+00 -4.743199304520028470e+00
1.035371343890185258e+01 -4.400261411829420766e+00 -3.971840537926325077e+00 -4.828682285732516455e+00
1.036251460837506677e+01 -4.486706404846967366e+00 -4.059034901004145546e+00 -4.914377908689789187e+00
1.037131577784828096e+01 -4.573249733045044785e+00 -4.146163973439284334e+00 -5.000335492650805236e+00
1.038011694732149692e+01 -4.659825055893282553e+00 -4.233332092659246371e+00 -5.086318019127318735e+00
1.038891811679471111e+01 -4.746627700723116128e+00 -4.320752886870217857e+00 -5.172502514576014399e+00
1.039771928626792707e+01 -4.833547402913361601e+00 -4.408194591568668663e+00 -5.258900214258054540e+00
1.040652045574114126e+01 -4.920667299660817839e+00 -4.495761513992283298e+00 -5.345573085329352381e+00
1.041532162521435723e+01 -5.008020190986823827e+00 -4.583436539271374954e+00 -5.432603842702272701e+00
1.042412279468757141e+01 -5.095442315120084942e+00 -4.671105605389532123e+00 -5.519779024850637761e+00
1.043292396416078560e+01 -5.183091718265724346e+00 -4.758874070572726822e+00 -5.607309365958721870e+00
1.044172513363400157e+01 -5.270940966443609099e+00 -4.846723498697188326e+00 -5.695158434190029872e+00
1.045052630310721575e+01 -5.358908518257081255e+00 -4.934989043822497479e+00 -5.782827992691665031e+00
1.045932747258043172e+01 -5.447142701090977646e+00 -5.023730168202478197e+00 -5.870555233979477094e+00
1.046812864205364590e+01 -5.535465197181558494e+00 -5.112316963241233303e+00 -5.958613431121883686e+00
1.047692981152686187e+01 -5.623942043970070692e+00 -5.200945371322973187e+00 -6.046938716617168197e+00
1.048573098100007606e+01 -5.712662412531051004e+00 -5.290183604264663053e+00 -6.135141220797438955e+00
1.049453215047329202e+01 -5.801379477778759508e+00 -5.379569879136694155e+00 -6.223189076420824861e+00
1.050333331994650621e+01 -5.890389736843225421e+00 -5.468886944574665065e+00 -6.311892529111785777e+00
1.051213448941972040e+01 -5.979500980271041044e+00 -5.558328536937180431e+00 -6.400673423604901657e+00
1.052093565889293636e+01 -6.068691311977335801e+00 -5.648265980272451969e+00 -6.489116643682219632e+00
1.052973682836615055e+01 -6.158186691816047720e+00 -5.738429120316739684e+00 -6.577944263315355755e+00
1.053853799783936651e+01 -6.247704482925254155e+00 -5.828196864540041489e+00 -6.667212101310466821e+00
1.054733916731258070e+01 -6.337529087364945468e+00 -5.918549811448414744e+00 -6.756508363281476193e+00
1.055614033678579666e+01 -6.427465026195875453e+00 -6.009078179226674976e+00 -6.845851873165075929e+00
1.056494150625901085e+01 -6.517417169110066411e+00 -6.099751774362770718e+00 -6.935082563857362103e+00
1.057374267573222681e+01 -6.607802606083898134e+00 -6.191101429576418624e+00 -7.024503782591377643e+00
1.058254384520544100e+01 -6.698084360405129445e+00 -6.281963236244779480e+00 -7.114205484565479409e+00
1.059134501467865519e+01 -6.788689962219178753e+00 -6.373143700175727844e+00 -7.204236224262629662e+00
1.060014618415187115e+01 -6.879501645906078267e+00 -6.464635177836447255e+00 -7.294368113975709278e+00
1.060894735362508534e+01 -6.970300051388289120e+00 -6.556261231864453976e+00 -7.384338870912124264e+00
1.061774852309830131e+01 -7.061629114912126859e+00 -6.648701198424530112e+00 -7.474557031399723606e+00
1.062654969257151549e+01 -7.152898475367141629e+00 -6.740116785992910309e+00 -7.565680164741372948e+00
1.063535086204473146e+01 -7.244393668429015776e+00 -6.832064799401701194e+00 -7.656722537456330357e+00
1.064415203151794564e+01 -7.336097624696230390e+00 -6.924757634211990975e+00 -7.747437615180469805e+00
1.065295320099115983e+01 -7.427814876518174181e+00 -7.017542580501939575e+00 -7.838087172534408786e+00
1.066175437046437580e+01 -7.519914033486504223e+00 -7.110601762371056012e+00 -7.929226304601952435e+00
1.067055553993758998e+01 -7.612009139722644591e+00 -7.203690198634659758e+00 -8.020328080810628535e+00
1.067935670941080595e+01 -7.704302751558529394e+00 -7.296821300458505632e+00 -8.111784202658553156e+00
1.068815787888402014e+01 -7.796769415133760539e+00 -7.390379812241647528e+00 -8.203159018025873550e+00
1.069695904835723610e+01 -7.889230683338460892e+00 -7.483306625605401941e+00 -8.295154741071518956e+00
1.070576021783045029e+01 -7.982062486494831965e+00 -7.576257657697754944e+00 -8.387867315291909875e+00
1.071456138730366447e+01 -8.074992335120546372e+00 -7.669752397217264317e+00 -8.480232273023828427e+00
1.072336255677688044e+01 -8.168105712369326810e+00 -7.763586656273442799e+00 -8.572624768465210821e+00
1.073216372625009463e+01 -8.261479183966574880e+00 -7.857691368755187256e+00 -8.665266999177962504e+00
1.074096489572331059e+01 -8.354887130986138999e+00 -7.951815419453248879e+00 -8.757958842519029119e+00
1.074976606519652478e+01 -8.448591083936221935e+00 -8.046176240599626439e+00 -8.851005927272817431e+00
1.075856723466974074e+01 -8.542457966743867814e+00 -8.140684326565759577e+00 -8.944231606921976052e+00
1.076736840414295493e+01 -8.636485444992391791e+00 -8.235213649360607846e+00 -9.037757240624175736e+00
1.077616957361617089e+01 -8.730789855478167993e+00 -8.329795273075843554e+00 -9.131784437880492433e+00
1.078497074308938508e+01 -8.825181129624480647e+00 -8.424390248508814238e+00 -9.225972010740147056e+00
1.079377191256260105e+01 -8.919837432026259449e+00 -8.519187428439083831e+00 -9.320487435613435068e+00
1.080257308203581523e+01 -9.014752786001306362e+00 -8.614156799022753219e+00 -9.415348772979859504e+00
1.081137425150902942e+01 -9.109738940554395370e+00 -8.709228369296967642e+00 -9.510249511811823098e+00
1.082017542098224538e+01 -9.204985115829773079e+00 -8.804584068339861957e+00 -9.605386163319684201e+00
1.082897659045545957e+01 -9.300328301350745619e+00 -8.900031748814942745e+00 -9.700624853886548493e+00
1.083777775992867554e+01 -9.395829826655647921e+00 -8.995656806444799258e+00 -9.796002846866496583e+00
1.084657892940188972e+01 -9.491684556921393678e+00 -9.091739629584191462e+00 -9.891629484258595895e+00
1.085538009887510569e+01 -9.587553461416545630e+00 -9.188002372009291818e+00 -9.987104550823799443e+00
1.086418126834831988e+01 -9.683690132426182373e+00 -9.284491820450519128e+00 -1.008288844440184562e+01
1.087298243782153406e+01 -9.779986605885559570e+00 -9.381227316945105699e+00 -1.017874589482601344e+01
1.088178360729475003e+01 -9.876370619803434892e+00 -9.478082279440167568e+00 -1.027465896016670222e+01
1.089058477676796421e+01 -9.973239587361856451e+00 -9.575531006882144425e+00 -1.037094816784156848e+01
1.089938594624118018e+01 -1.007008439228646068e+01 -9.672981119201049083e+00 -1.046718766537187228e+01
1.090818711571439437e+01 -1.016723827176719119e+01 -9.770775902016284320e+00 -1.056370064151809807e+01
1.091698828518761033e+01 -1.026463882844595688e+01 -9.868985348402198099e+00 -1.066029230848971565e+01
1.092578945466082452e+01 -1.036204668966345288e+01 -9.967214434974586368e+00 -1.075687894435231939e+01
1.093459062413403871e+01 -1.046007337615516519e+01 -1.006626374466739371e+01 -1.085388300764293668e+01
1.094339179360725467e+01 -1.055805814458499015e+01 -1.016510282328500026e+01 -1.095101346588498004e+01
1.095219296308046886e+01 -1.065636623465292843e+01 -1.026479739229660915e+01 -1.104793507700924771e+01
1.096099413255368482e+01 -1.075497951158578935e+01 -1.036455583696567651e+01 -1.114540318620590220e+01
1.096979530202689901e+01 -1.085349551837454740e+01 -1.046447429719385269e+01 -1.124251673955524211e+01
1.097859647150011497e+01 -1.095272632677898628e+01 -1.056512439025687833e+01 -1.134032826330109422e+01
1.098739764097332916e+01 -1.105184732375698253e+01 -1.066570090052571729e+01 -1.143799374698824778e+01
1.099619881044654335e+01 -1.115124235290895705e+01 -1.076644465984292331e+01 -1.153604004597499078e+01
1.100499997991975931e+01 -1.125094507856590909e+01 -1.086751519164213775e+01 -1.163437496548968042e+01
1.101380114939297350e+01 -1.135053706919428862e+01 -1.096858814796507531e+01 -1.173248599042350193e+01
1.102260231886618946e+01 -1.145071904076434066e+01 -1.107010139497815615e+01 -1.183133668655052517e+01
1.103140348833940365e+01 -1.155085004760020517e+01 -1.117151327148282292e+01 -1.193018682371758743e+01
1.104020465781261962e+01 -1.165116856545739488e+01 -1.127282323273775688e+01 -1.202951389817703287e+01
1.104900582728583380e+01 -1.175170266710782130e+01 -1.137299529120793018e+01 -1.213041004300771242e+01
1.105780699675904977e+01 -1.185211785718722766e+01 -1.147281086605480738e+01 -1.223142484831964794e+01
1.106660816623226395e+01 -1.195298915493646064e+01 -1.157315192927327452e+01 -1.233282638059964675e+01
1.107540933570547992e+01 -1.205391353868728288e+01 -1.167335231777339821e+01 -1.243447475960116755e+01
1.108421050517869411e+01 -1.215494242826270010e+01 -1.177357389561501400e+01 -1.253631096091038621e+01
1.109301167465190829e+01 -1.225622598251067963e+01 -1.187397613690643894e+01 -1.263847582811492032e+01
1.110181284412512426e+01 -1.235750467064409541e+01 -1.197424588695417391e+01 -1.274076345433401691e+01
1.111061401359833845e+01 -1.245915298164925389e+01 -1.207480598276067241e+01 -1.284349998053783537e+01
1.111941518307155441e+01 -1.256101243149675817e+01 -1.217563587182541696e+01 -1.294638899116809938e+01
1.112821635254476860e+01 -1.266296311139533515e+01 -1.227658468123150470e+01 -1.304934154155916559e+01
1.113701752201798456e+01 -1.276519383092488802e+01 -1.237767920614753336e+01 -1.315270845570224267e+01
1.114581869149119875e+01 -1.286748563348084140e+01 -1.247888031944702902e+01 -1.325609094751465378e+01
1.115461986096441294e+01 -1.297000100830112856e+01 -1.258051835508755545e+01 -1.335948366151470168e+01
1.116342103043762890e+01 -1.307275324396105987e+01 -1.268251577883723868e+01 -1.346299070908488105e+01
1.117222219991084309e+01 -1.317548299630350073e+01 -1.278455361222289532e+01 -1.356641238038410613e+01
1.118102336938405905e+01 -1.327840657715034212e+01 -1.288684874569568350e+01 -1.366996440860500073e+01
1.118982453885727324e+01 -1.338137420098654040e+01 -1.298939742980954293e+01 -1.377335097216353788e+01
1.119862570833048920e+01 -1.348442374592568704e+01 -1.309225458796707997e+01 -1.387659290388429412e+01
1.120742687780370339e+01 -1.358779059366556652e+01 -1.319558031150941879e+01 -1.398000087582171425e+01
1.121622804727691758e+01 -1.369104013491957517e+01 -1.329919843676799829e+01 -1.408288183307115204e+01
1.122502921675013354e+01 -1.379445296788694364e+01 -1.340297438746509506e+01 -1.418593154830879222e+01
1.123383038622334773e+01 -1.389803738096049557e+01 -1.350698103666631944e+01 -1.428909372525467170e+01
1.124263155569656369e+01 -1.400160437384748491e+01 -1.361124216134552078e+01 -1.439196658634944903e+01
1.125143272516977788e+01 -1.410559557045545098e+01 -1.371625578821424618e+01 -1.449493535269665578e+01
1.126023389464299385e+01 -1.420953032660693083e+01 -1.382129287924620265e+01 -1.459776777396765901e+01
1.126903506411620803e+01 -1.431367750818090023e+01 -1.392700304967501523e+01 -1.470035196668678523e+01
1.127783623358942400e+01 -1.441803937348733555e+01 -1.403300547767332063e+01 -1.480307326930135048e+01
1.128663740306263819e+01 -1.452227614696004032e+01 -1.413902581212192189e+01 -1.490552648179815876e+01
1.129543857253585415e+01 -1.462704636276785486e+01 -1.424596100228011686e+01 -1.500813172325559286e+01
1.130423974200906834e+01 -1.473164580111448174e+01 -1.435297668185476816e+01 -1.511031492037419532e+01
1.131304091148228252e+01 -1.483633812445314781e+01 -1.445985463325954079e+01 -1.521282161564675484e+01
1.132184208095549849e+01 -1.494132034729149794e+01 -1.456682933311869910e+01 -1.531581136146429678e+01
1.133064325042871268e+01 -1.504593986643385684e+01 -1.467379262993674160e+01 -1.541808710293097207e+01
1.133944441990192864e+01 -1.515114596207344988e+01 -1.478081629180393719e+01 -1.552147563234296257e+01
1.134824558937514283e+01 -1.525615148287875300e+01 -1.488738849204618298e+01 -1.562491447371132303e+01
1.135704675884835879e+01 -1.536124315951018104e+01 -1.499323234993704368e+01 -1.572925396908331841e+01
1.136584792832157298e+01 -1.546667798902917212e+01 -1.509939966812804357e+01 -1.583395630993030068e+01
1.137464909779478717e+01 -1.557185327161515254e+01 -1.520529907162252492e+01 -1.593840747160778015e+01
1.138345026726800313e+01 -1.567745758007020918e+01 -1.531163263066988023e+01 -1.604328252947053812e+01
1.139225143674121732e+01 -1.578300915438184227e+01 -1.541794113585078918e+01 -1.614807717291289535e+01
1.140105260621443328e+01 -1.588852646391390522e+01 -1.552401230615118344e+01 -1.625304062167662877e+01
1.140985377568764747e+01 -1.599426128290474658e+01 -1.563023383148851941e+01 -1.635828873432097552e+01
1.141865494516086343e+01 -1.609977520077246282e+01 -1.573621863164486534e+01 -1.646333176990006208e+01
1.142745611463407762e+01 -1.620556647796574268e+01 -1.584260535078077581e+01 -1.656852760515070955e+01
1.143625728410729181e+01 -1.631129962629342600e+01 -1.594912063694990145e+01 -1.667347861563695233e+01
1.144505845358050777e+01 -1.641692163513113201e+01 -1.605538670132457568e+01 -1.677845656893768833e+01
1.145385962305372196e+01 -1.652269800868552352e+01 -1.616175141997763021e+01 -1.688364459739341683e+01
1.146266079252693793e+01 -1.662830240612195709e+01 -1.626793002558767043e+01 -1.698867478665624375e+01
1.147146196200015211e+01 -1.673407828487208704e+01 -1.637453881021636093e+01 -1.709361775952781315e+01
1.148026313147336808e+01 -1.683983131154024449e+01 -1.648124049662662216e+01 -1.719842212645386681e+01
1.148906430094658226e+01 -1.694538320021788635e+01 -1.658776081291768634e+01 -1.730300558751808637e+01
1.149786547041979645e+01 -1.705108111160846462e+01 -1.669455204674332194e+01 -1.740761017647360731e+01
1.150666663989301242e+01 -1.715664627499553774e+01 -1.680151168656643534e+01 -1.751178086342464013e+01
1.151546780936622838e+01 -1.726214936623035712e+01 -1.690827887812577046e+01 -1.761601985433494377e+01
1.152426897883944257e+01 -1.736770330955975794e+01 -1.701493537117203658e+01 -1.772047124794747930e+01
1.153307014831265676e+01 -1.747301735535133815e+01 -1.712182549361612871e+01 -1.782420921708654760e+01
1.154187131778587272e+01 -1.757827902504497075e+01 -1.722910455691920006e+01 -1.792745349317074144e+01
1.155067248725908691e+01 -1.768338520059322505e+01 -1.733611152011330603e+01 -1.803065888107314407e+01
1.155947365673230109e+01 -1.778828645391333652e+01 -1.744257965292510448e+01 -1.813399325490156855e+01
1.156827482620551706e+01 -1.789320232797196297e+01 -1.754806345313313543e+01 -1.823834120281079052e+01
1.157707599567873302e+01 -1.799772069391371332e+01 -1.765324602796436437e+01 -1.834219535986306227e+01
1.158587716515194721e+01 -1.810210374211778372e+01 -1.775860221920147808e+01 -1.844560526503408937e+01
1.159467833462516140e+01 -1.820630952640521016e+01 -1.786371271182553144e+01 -1.854890634098488889e+01
1.160347950409837736e+01 -1.831017532779090118e+01 -1.796806262039606494e+01 -1.865228803518573741e+01
1.161228067357159155e+01 -1.841405008260415599e+01 -1.807280342151792851e+01 -1.875529674369038347e+01
1.162108184304480751e+01 -1.851757546398334853e+01 -1.817776063144440712e+01 -1.885739029652228993e+01
1.162988301251802170e+01 -1.862060151514149453e+01 -1.828157750718468577e+01 -1.895962552309830329e+01
1.163868418199123766e+01 -1.872386410042502192e+01 -1.838666157039480709e+01 -1.906106663045523675e+01
1.164748535146445185e+01 -1.882621308945448746e+01 -1.849033691171256066e+01 -1.916208926719641426e+01
1.165628652093766604e+01 -1.892828308556529038e+01 -1.859479838532654128e+01 -1.926176778580403948e+01
1.166508769041088200e+01 -1.902983273460358404e+01 -1.869799250689997905e+01 -1.936167296230718904e+01
1.167388885988409619e+01 -1.913115382771792738e+01 -1.880155932319815548e+01 -1.946074833223769929e+01
1.168269002935731216e+01 -1.923215229394732972e+01 -1.890464698774419006e+01 -1.955965760015046939e+01
1.169149119883052634e+01 -1.933224802867610137e+01 -1.900800738214800489e+01 -1.965648867520419785e+01
1.170029236830374231e+01 -1.943253596413780571e+01 -1.911077345380205728e+01 -1.975429847447355414e+01
1.170909353777695650e+01 -1.953201527589857278e+01 -1.921315045807578059e+01 -1.985088009372136497e+01
1.171789470725017068e+01 -1.963082716778304260e+01 -1.931517836303784463e+01 -1.994647597252824056e+01
1.172669587672338665e+01 -1.972931527638044713e+01 -1.941789582117428026e+01 -2.004073473158661400e+01
1.173549704619660083e+01 -1.982694492109308371e+01 -1.951863303515619563e+01 -2.013525680702997178e+01
1.174429821566981680e+01 -1.992410152348535135e+01 -1.961961792485657696e+01 -2.022858512211412574e+01
1.175309938514303099e+01 -2.002061219194805375e+01 -1.971949641868802772e+01 -2.032172796520807978e+01
1.176190055461624695e+01 -2.011640826038455998e+01 -1.981945259029813045e+01 -2.041336393047098952e+01
1.177070172408946114e+01 -2.021162568143193994e+01 -1.991769160919631076e+01 -2.050555975366756911e+01
1.177950289356267533e+01 -2.030589555991559436e+01 -2.001511225239896063e+01 -2.059667886743222809e+01
1.178830406303589129e+01 -2.039948599827241082e+01 -2.011305751779318030e+01 -2.068591447875164135e+01
1.179710523250910725e+01 -2.049231302388622566e+01 -2.020887608150665571e+01 -2.077574996626579562e+01
1.180590640198232144e+01 -2.058385937287223655e+01 -2.030387175657691756e+01 -2.086384698916755553e+01
1.181470757145553563e+01 -2.067490377827666848e+01 -2.039849475240551158e+01 -2.095131280414782537e+01
1.182350874092875159e+01 -2.076486853395813270e+01 -2.049204868475386121e+01 -2.103768838316240419e+01
1.183230991040196578e+01 -2.085407640362863901e+01 -2.058460762815257539e+01 -2.112354517910470264e+01
1.184111107987518174e+01 -2.094237828040587601e+01 -2.067612968203061996e+01 -2.120862687878113206e+01
1.184991224934839593e+01 -2.102944308789970407e+01 -2.076604020480547064e+01 -2.129284597099393750e+01
1.185871341882161190e+01 -2.111609964226643399e+01 -2.085592036107357927e+01 -2.137627892345928871e+01
1.186751458829482608e+01 -2.120154296243947556e+01 -2.094471557454631849e+01 -2.145837035033263263e+01
1.187631575776804027e+01 -2.128674057028316113e+01 -2.103334411913579061e+01 -2.154013702143053166e+01
1.188511692724125623e+01 -2.137036221758834031e+01 -2.112005256775539408e+01 -2.162067186742128655e+01
1.189391809671447042e+01 -2.145102320051282518e+01 -2.120384436218320090e+01 -2.169820203884244947e+01
1.190271926618768639e+01 -2.153066754393689308e+01 -2.128683387051749420e+01 -2.177450121735629196e+01
1.191152043566090057e+01 -2.160927369364534911e+01 -2.136862245603040122e+01 -2.184992493126029700e+01
1.192032160513411654e+01 -2.168658588454037783e+01 -2.144952151101984228e+01 -2.192365025806091339e+01
1.192912277460733073e+01 -2.176275688913212036e+01 -2.152920049445953055e+01 -2.199631328380471018e+01
1.193792394408054491e+01 -2.183778839318396336e+01 -2.160772888004940739e+01 -2.206784790631851934e+01
1.194672511355376088e+01 -2.191132356499458567e+01 -2.168453455787288320e+01 -2.213811257211628813e+01
1.195552628302697507e+01 -2.198414236279477407e+01 -2.176080382026174931e+01 -2.220748090532779884e+01
1.196432745250019103e+01 -2.205639258221239984e+01 -2.176821802636188963e+01 -2.234456713806291006e+01
1.197312862197340522e+01 -2.212625528605668990e+01 -2.186084892274910985e+01 -2.239166164936426995e+01
1.198192979144662118e+01 -2.219506589970467303e+01 -2.193320302093944818e+01 -2.245692877846989788e+01
1.199073096091983537e+01 -2.225968658005519529e+01 -2.201702212731888153e+01 -2.250235103279150906e+01
1.199953213039304956e+01 -2.232426184144924264e+01 -2.209658327012986589e+01 -2.255194041276861938e+01
1.200833329986626552e+01 -2.238763536559791589e+01 -2.216173642429087920e+01 -2.261353430690495259e+01
1.201713446933948148e+01 -2.244694422580790771e+01 -2.222102015660226115e+01 -2.267286829501355427e+01
1.202593563881269567e+01 -2.250518519806187001e+01 -2.228101835122811991e+01 -2.272935204489562011e+01
1.203473680828590986e+01 -2.256089560334023858e+01 -2.233777007644083312e+01 -2.278402113023964404e+01
1.204353797775912582e+01 -2.261539090566401811e+01 -2.239122186241707624e+01 -2.283955994891095997e+01
1.205233914723234001e+01 -2.266886334102221667e+01 -2.244175586377103215e+01 -2.289597081827340119e+01
1.206114031670555420e+01 -2.272195411746027105e+01 -2.249230159571679621e+01 -2.295160663920374589e+01
1.206994148617877016e+01 -2.277208228541240231e+01 -2.253896035412387633e+01 -2.300520421670092830e+01
1.207874265565198613e+01 -2.282118244661436535e+01 -2.257152826610055030e+01 -2.307083662712818040e+01
1.208754382512520031e+01 -2.286805328364451029e+01 -2.262672215393241260e+01 -2.310938441335660798e+01
1.209634499459841450e+01 -2.291482909685199942e+01 -2.266391902970728367e+01 -2.316573916399671518e+01
1.210514616407163047e+01 -2.295795691326826216e+01 -2.271558507355646483e+01 -2.320032875298005948e+01
1.211394733354484465e+01 -2.300162826145886541e+01 -2.275976385181773765e+01 -2.324349267109999317e+01
1.212274850301806062e+01 -2.304273416313366241e+01 -2.279871948057768094e+01 -2.328674884568964387e+01
1.213154967249127480e+01 -2.308424539606857451e+01 -2.283590057176555632e+01 -2.333259022037159269e+01
1.214035084196449077e+01 -2.312321489073523750e+01 -2.286847269333595634e+01 -2.337795708813451867e+01
1.214915201143770496e+01 -2.315864304600633616e+01 -2.289327610643189459e+01 -2.342400998558077774e+01
1.215795318091091914e+01 -2.319376547716979431e+01 -2.291826573512639342e+01 -2.346926521921319519e+01
1.216675435038413511e+01 -2.322671137033646360e+01 -2.294250588820484182e+01 -2.351091685246808538e+01
1.217555551985734930e+01 -2.325664708074891251e+01 -2.296375909873425414e+01 -2.354953506276357089e+01
1.218435668933056526e+01 -2.328383691284318502e+01 -2.298209388841755896e+01 -2.358557993726881108e+01
1.219315785880377945e+01 -2.330959581251483570e+01 -2.300003301578506765e+01 -2.361915860924460375e+01
1.220195902827699541e+01 -2.333406194644649645e+01 -2.301378297982914489e+01 -2.365434091306384801e+01
1.221076019775020960e+01 -2.335667374190187928e+01 -2.302429479519069133e+01 -2.368905268861306723e+01
1.221956136722342379e+01 -2.337755533491008464e+01 -2.303403339302336761e+01 -2.372107727679680167e+01
1.222836253669663975e+01 -2.339715963199963866e+01 -2.304404134121378078e+01 -2.375027792278549654e+01
1.223716370616985394e+01 -2.341529765566189170e+01 -2.305319267710395081e+01 -2.377740263421983258e+01
1.224596487564306990e+01 -2.343184394789924241e+01 -2.306165904222349639e+01 -2.380202885357498843e+01
1.225476604511628409e+01 -2.344719120081219899e+01 -2.306957896383222462e+01 -2.382480343779217336e+01
1.226356721458950005e+01 -2.346145441202442328e+01 -2.307694057711394819e+01 -2.384596824693489836e+01
1.227236838406271424e+01 -2.347459872735976560e+01 -2.308248808906472505e+01 -2.386670936565480616e+01
1.228116955353592843e+01 -2.348673292622669351e+01 -2.308707139393623464e+01 -2.388639445851715237e+01
1.228997072300914439e+01 -2.349790133951268345e+01 -2.309113513159960718e+01 -2.390466754742575972e+01
1.229877189248236036e+01 -2.350819206497844149e+01 -2.309475705282433466e+01 -2.392162707713254832e+01
1.230757306195557454e+01 -2.351763763947482744e+01 -2.309742156233995658e+01 -2.393785371660969830e+01
1.231637423142878873e+01 -2.352630668784768986e+01 -2.309945512559534109e+01 -2.395315825010003863e+01
1.232517540090200470e+01 -2.353421283815031018e+01 -2.310240019098604236e+01 -2.396602548531457799e+01
1.233397657037521888e+01 -2.354135494945487750e+01 -2.310518502198764423e+01 -2.397752487692211076e+01
1.234277773984843485e+01 -2.354775908169037280e+01 -2.310730230888991699e+01 -2.398821585449082860e+01
1.235157890932164904e+01 -2.355355328894921740e+01 -2.310937899704855170e+01 -2.399772758084988311e+01
1.236038007879486500e+01 -2.355891058216096212e+01 -2.311176031070756309e+01 -2.400606085361436115e+01
1.236918124826807919e+01 -2.356370970575544277e+01 -2.311368499205332938e+01 -2.401373441945755616e+01
1.237798241774129338e+01 -2.356810248909652827e+01 -2.311445013049896602e+01 -2.402175484769409053e+01
1.238678358721450934e+01 -2.357207879374291792e+01 -2.311504257429293929e+01 -2.402911501319289655e+01
1.239558475668772353e+01 -2.357568556771180823e+01 -2.311516756024060371e+01 -2.403620357518301276e+01
1.240438592616093949e+01 -2.357899641319066575e+01 -2.311533002884318222e+01 -2.404266279753814928e+01
1.241318709563415368e+01 -2.358191679947645270e+01 -2.311548313862680004e+01 -2.404835046032610535e+01
1.242198826510736964e+01 -2.358450947945818754e+01 -2.311545098777340002e+01 -2.405356797114297507e+01
1.243078943458058383e+01 -2.358681103559381143e+01 -2.311536195492018919e+01 -2.405826011626743366e+01
1.243959060405379802e+01 -2.358883239963322609e+01 -2.311529002703536761e+01 -2.406237477223108456e+01
1.244839177352701398e+01 -2.359064515340353552e+01 -2.311513999309811140e+01 -2.406615031370895963e+01
1.245719294300022817e+01 -2.359223748886986272e+01 -2.311499067858082768e+01 -2.406948429915889776e+01
1.246599411247344413e+01 -2.359367432488139116e+01 -2.311483616477751823e+01 -2.407251248498526408e+01
1.247479528194665832e+01 -2.359493217212478555e+01 -2.311466916914979564e+01 -2.407519517509977547e+01
1.248359645141987428e+01 -2.359603088241443913e+01 -2.311449145690529150e+01 -2.407757030792358677e+01
1.249239762089308847e+01 -2.359700814629139387e+01 -2.311432323441106718e+01 -2.407969305817172057e+01
1.250119879036630266e+01 -2.359787827454283970e+01 -2.311418549343407847e+01 -2.408157105565160094e+01
1.250999995983951862e+01 -2.359864998082755960e+01 -2.311430430752271192e+01 -2.408299565413240728e+01
1.251880112931273459e+01 -2.359932537208192116e+01 -2.311395442927230803e+01 -2.408469631489153429e+01
1.252760229878594878e+01 -2.359988979826313482e+01 -2.311350937049799725e+01 -2.408627022602827239e+01
1.253640346825916296e+01 -2.360035978188791717e+01 -2.311302579324333450e+01 -2.408769377053249983e+01
1.254520463773237893e+01 -2.360073355276093210e+01 -2.311251748698075303e+01 -2.408894961854111116e+01
1.255400580720559311e+01 -2.360102941559685519e+01 -2.311207821823218822e+01 -2.408998061296152216e+01
1.256280697667880730e+01 -2.360126741929159166e+01 -2.311176980427229211e+01 -2.409076503431089122e+01
1.257160814615202327e+01 -2.360146118594289888e+01 -2.311161873056212102e+01 -2.409130364132367674e+01
1.258040931562523923e+01 -2.360162527754258122e+01 -2.311157555845697686e+01 -2.409167499662818557e+01
1.258921048509845342e+01 -2.360176728362672094e+01 -2.311158559074517171e+01 -2.409194897650827016e+01
1.259801165457166761e+01 -2.360189337409730470e+01 -2.311161648605858687e+01 -2.409217026213602253e+01
1.260681282404488357e+01 -2.360200889767928345e+01 -2.311165430890355665e+01 -2.409236348645501025e+01
1.261561399351809776e+01 -2.360211644786567220e+01 -2.311170109038449638e+01 -2.409253180534684802e+01
1.262441516299131372e+01 -2.360221791392799773e+01 -2.311175213754026458e+01 -2.409268369031573087e+01
1.263321633246452791e+01 -2.360231461018224763e+01 -2.311180263080082753e+01 -2.409282658956366774e+01
1.264201750193774387e+01 -2.360240830584974603e+01 -2.311185364214193072e+01 -2.409296296955756134e+01
1.265081867141095806e+01 -2.360250040309476560e+01 -2.311190565542561970e+01 -2.409309515076391151e+01
1.265961984088417225e+01 -2.360259156704155714e+01 -2.311195978546362539e+01 -2.409322334861948889e+01
1.266842101035738821e+01 -2.360268390166483599e+01 -2.311168202699336049e+01 -2.409368577633631148e+01
1.267722217983060240e+01 -2.360277948147191296e+01 -2.311098566210790395e+01 -2.409457330083592197e+01
1.268602334930381836e+01 -2.360287344285885069e+01 -2.311039774996726237e+01 -2.409534913575043902e+01
1.269482451877703255e+01 -2.360295897703213086e+01 -2.311022302960151364e+01 -2.409569492446274808e+01
1.270362568825024852e+01 -2.360303500814826805e+01 -2.311014296933603518e+01 -2.409592704696050092e+01
1.271242685772346270e+01 -2.360310250913110508e+01 -2.311009621574397599e+01 -2.409610880251823417e+01
1.272122802719667689e+01 -2.360318046930796498e+01 -2.311009600077454351e+01 -2.409626493784138646e+01
1.273002919666989285e+01 -2.360329485451986287e+01 -2.311015316585495327e+01 -2.409643654318477246e+01
1.273883036614310704e+01 -2.360336509293716034e+01 -2.311017133258533107e+01 -2.409655885328898961e+01
1.274763153561632301e+01 -2.360343803780142835e+01 -2.311019677381855075e+01 -2.409667930178430595e+01
1.275643270508953719e+01 -2.360351296294597390e+01 -2.311022796088715126e+01 -2.409679796500479654e+01
1.276523387456275316e+01 -2.360358579135923662e+01 -2.311026082553461336e+01 -2.409691075718385989e+01
1.277403504403596735e+01 -2.360365440370964407e+01 -2.311029330565588324e+01 -2.409701550176340490e+01
1.278283621350918153e+01 -2.360371839543452666e+01 -2.311032451269299770e+01 -2.409711227817605561e+01
1.279163738298239750e+01 -2.360379126906292058e+01 -2.311036754988768749e+01 -2.409721498823815367e+01
1.280043855245561346e+01 -2.360386482961547472e+01 -2.311040721804820208e+01 -2.409732244118274735e+01
1.280923972192882765e+01 -2.360391578873251106e+01 -2.311042018364399553e+01 -2.409741139382102659e+01
1.281804089140204184e+01 -2.360396149012174405e+01 -2.311043147567865574e+01 -2.409749150456483235e+01
1.282684206087525780e+01 -2.360400375587103383e+01 -2.311044260587134858e+01 -2.409756490587071909e+01
1.283564323034847199e+01 -2.360404276433040138e+01 -2.311045338422206186e+01 -2.409763214443874091e+01
1.284444439982168618e+01 -2.360408008430491833e+01 -2.311046528935610311e+01 -2.409769487925373355e+01
1.285324556929490214e+01 -2.360411545355718843e+01 -2.311047758752675563e+01 -2.409775331958762123e+01
1.286204673876811810e+01 -2.360414890257877119e+01 -2.311049024667410734e+01 -2.409780755848343503e+01
1.287084790824133229e+01 -2.360418101439821115e+01 -2.311049114993375042e+01 -2.409787087886267187e+01
1.287964907771454648e+01 -2.360421160922697581e+01 -2.311049057390367878e+01 -2.409793264455027284e+01
1.288845024718776244e+01 -2.360424068079631255e+01 -2.311049162925515077e+01 -2.409798973233747432e+01
1.289725141666097663e+01 -2.360426782989256012e+01 -2.311049345594206983e+01 -2.409804220384305040e+01
1.290605258613419259e+01 -2.360429309315062341e+01 -2.311049593135038194e+01 -2.409809025495086487e+01
1.291485375560740678e+01 -2.360431626098852931e+01 -2.311049861630108282e+01 -2.409813390567597580e+01
1.292365492508062275e+01 -2.360433722784815203e+01 -2.311050112299854931e+01 -2.409817333269775474e+01
1.293245609455383693e+01 -2.360435618217275788e+01 -2.311050351418840521e+01 -2.409820885015711056e+01
1.294125726402705112e+01 -2.360437362158629426e+01 -2.311050604764680472e+01 -2.409824119552578381e+01
1.295005843350026709e+01 -2.360439011415963151e+01 -2.311050914648610899e+01 -2.409827108183315403e+01
1.295885960297348127e+01 -2.360440661535417206e+01 -2.311051364858676038e+01 -2.409829958212158374e+01
1.296766077244669724e+01 -2.360442339024412206e+01 -2.311051964502993528e+01 -2.409832713545830885e+01
1.297646194191991142e+01 -2.360444015189289146e+01 -2.311051779671338480e+01 -2.409836250707239813e+01
1.298526311139312739e+01 -2.360445737661677512e+01 -2.311050834058368508e+01 -2.409840641264986516e+01
1.299406428086634158e+01 -2.360447735205671194e+01 -2.311050286947024546e+01 -2.409845183464317842e+01
1.300286545033955576e+01 -2.360450539959939675e+01 -2.311050819514012389e+01 -2.409850260405866962e+01
1.301166661981277173e+01 -2.360454496052866347e+01 -2.311052741556276757e+01 -2.409856250549455936e+01
1.302046778928598769e+01 -2.360459437337863875e+01 -2.311055864325087583e+01 -2.409863010350640167e+01
1.302926895875920188e+01 -2.360463642087479741e+01 -2.311058447068550237e+01 -2.409868837106409245e+01
1.303807012823241607e+01 -2.360465480633015289e+01 -2.311058833692874259e+01 -2.409872127573156320e+01
1.304687129770563203e+01 -2.360467022195830467e+01 -2.311059083118183466e+01 -2.409874961273477467e+01
1.305567246717884622e+01 -2.360468538442509612e+01 -2.311059446957083807e+01 -2.409877629927935416e+01
1.306447363665206041e+01 -2.360470247197785909e+01 -2.311060127415329646e+01 -2.409880366980242172e+01
1.307327480612527637e+01 -2.360472284214960581e+01 -2.311061251333868682e+01 -2.409883317096052480e+01
1.308207597559849233e+01 -2.360474667176184127e+01 -2.311062818644816019e+01 -2.409886515707552235e+01
1.309087714507170652e+01 -2.360477461502954100e+01 -2.311064889485724194e+01 -2.409890033520184005e+01
1.309967831454492071e+01 -2.360480754691717920e+01 -2.311067539958314399e+01 -2.409893969425121441e+01
1.310847948401813667e+01 -2.360484783273574294e+01 -2.311070996220827567e+01 -2.409898570326321021e+01
1.311728065349135086e+01 -2.360489840372684611e+01 -2.311075547427896382e+01 -2.409904133317472841e+01
1.312608182296456683e+01 -2.360495932987362622e+01 -2.311081189233645361e+01 -2.409910676741079882e+01
1.313488299243778101e+01 -2.360500278858605228e+01 -2.311085136563469433e+01 -2.409915421153741022e+01
1.314368416191099698e+01 -2.360501282196654671e+01 -2.311085787278097570e+01 -2.409916777115211772e+01
1.315248533138421116e+01 -2.360502035414775435e+01 -2.311086227124028625e+01 -2.409917843705522245e+01
1.316128650085742535e+01 -2.360502633595062960e+01 -2.311086549708794635e+01 -2.409918717481331285e+01
1.317008767033064132e+01 -2.360503147648022093e+01 -2.311086819452171426e+01 -2.409919475843872760e+01
1.317888883980385550e+01 -2.360503619190707525e+01 -2.311087075637033195e+01 -2.409920162744381855e+01
1.318769000927707147e+01 -2.360504072465454684e+01 -2.311087339031502097e+01 -2.409920805899407270e+01
1.319649117875028566e+01 -2.360504519296312864e+01 -2.311087617629700830e+01 -2.409921420962924898e+01
1.320529234822350162e+01 -2.360504915215910415e+01 -2.311087865850610612e+01 -2.409921964581210219e+01
1.321409351769671581e+01 -2.360505265433909017e+01 -2.311088085419004301e+01 -2.409922445448813733e+01
1.322289468716992999e+01 -2.360505596836922848e+01 -2.311088301915556542e+01 -2.409922891758289154e+01
1.323169585664314596e+01 -2.360505929393668012e+01 -2.311088533546851664e+01 -2.409923325240484360e+01
1.324049702611636015e+01 -2.360506238347885954e+01 -2.311088753465580226e+01 -2.409923723230191683e+01
1.324929819558957611e+01 -2.360506510875085340e+01 -2.311088947998185361e+01 -2.409924073751985318e+01
1.325809936506279030e+01 -2.360506937128231897e+01 -2.311089305612002676e+01 -2.409924568644461118e+01
1.326690053453600626e+01 -2.360507401543657835e+01 -2.311089709809877846e+01 -2.409925093277437824e+01
1.327570170400922045e+01 -2.360507930949546562e+01 -2.311090186525175838e+01 -2.409925675373917286e+01
1.328450287348243464e+01 -2.360508496366463405e+01 -2.311090705662966727e+01 -2.409926287069960082e+01
1.329330404295565060e+01 -2.360509233299775644e+01 -2.311091402149167351e+01 -2.409927064450383938e+01
1.330210521242886657e+01 -2.360510894748294675e+01 -2.311093028190036236e+01 -2.409928761306553113e+01
1.331090638190208075e+01 -2.360512196663400530e+01 -2.311094299130035523e+01 -2.409930094196765538e+01
1.331970755137529494e+01 -2.360512836825301974e+01 -2.311094912291804704e+01 -2.409930761358799245e+01
1.332850872084851090e+01 -2.360513360835590646e+01 -2.311095412695486218e+01 -2.409931308975695075e+01
1.333730989032172509e+01 -2.360513807025126809e+01 -2.311095838301616112e+01 -2.409931775748637506e+01
1.334611105979493928e+01 -2.360514189768107940e+01 -2.311096203120451520e+01 -2.409932176415764360e+01
1.335491222926815524e+01 -2.360514526501922816e+01 -2.311096524221751736e+01 -2.409932528782093897e+01
1.336371339874137121e+01 -2.360514838363528511e+01 -2.311096822509869142e+01 -2.409932854217187881e+01
1.337251456821458540e+01 -2.360515129060698314e+01 -2.311097101398142684e+01 -2.409933156723253944e+01
1.338131573768779958e+01 -2.360515390216921006e+01 -2.311097352283993089e+01 -2.409933428149848922e+01
1.339011690716101555e+01 -2.360515625574878484e+01 -2.311097578745625469e+01 -2.409933672404131499e+01
1.339891807663422973e+01 -2.360515830178247754e+01 -2.311097775615166228e+01 -2.409933884741329280e+01
1.340771924610744570e+01 -2.360516012638557726e+01 -2.311097951386368621e+01 -2.409934073890746831e+01
1.341652041558065989e+01 -2.360516188942760607e+01 -2.311098121900694835e+01 -2.409934255984826379e+01
1.342532158505387585e+01 -2.360516358170684370e+01 -2.311098286106275879e+01 -2.409934430235092861e+01
1.343412275452709004e+01 -2.360516503964538515e+01 -2.311098427573262981e+01 -2.409934580355814049e+01
1.344292392400030423e+01 -2.360516630247428083e+01 -2.311098550108331295e+01 -2.409934710386524870e+01
1.345172509347352019e+01 -2.360516740847225847e+01 -2.311098657479430329e+01 -2.409934824215021365e+01
1.346052626294673438e+01 -2.360516849248424620e+01 -2.311098763100688913e+01 -2.409934935396160327e+01
1.346932743241995034e+01 -2.360516970923156777e+01 -2.311098882370409413e+01 -2.409935059475904140e+01
1.347812860189316453e+01 -2.360517075176641200e+01 -2.311098984563229664e+01 -2.409935165790052736e+01
1.348692977136638049e+01 -2.360517165132020523e+01 -2.311099072740559635e+01 -2.409935257523481411e+01
1.349573094083959468e+01 -2.360517242315548003e+01 -2.311099148398484715e+01 -2.409935336232611292e+01
1.350453211031280887e+01 -2.360517308400832093e+01 -2.311099213177533329e+01 -2.409935403624130856e+01
1.351333327978602483e+01 -2.360517365402476742e+01 -2.311099269052488481e+01 -2.409935461752465002e+01
1.352213444925924080e+01 -2.360517413973617451e+01 -2.311099316663576886e+01 -2.409935511283658016e+01
1.353093561873245498e+01 -2.360517455629333483e+01 -2.311099357495929851e+01 -2.409935553762737115e+01
1.353973678820566917e+01 -2.360517527487139233e+01 -2.311099428650989296e+01 -2.409935626323289171e+01
1.354853795767888514e+01 -2.360517607493321890e+01 -2.311099508058229546e+01 -2.409935706928414234e+01
1.355733912715209932e+01 -2.360517676983073443e+01 -2.311099577033377273e+01 -2.409935776932769613e+01
1.356614029662531351e+01 -2.360517736008488043e+01 -2.311099635621682324e+01 -2.409935836395293762e+01
1.357494146609852947e+01 -2.360517786470572332e+01 -2.311099685710071583e+01 -2.409935887231073082e+01
1.358374263557174544e+01 -2.360517829451492489e+01 -2.311099728372698436e+01 -2.409935930530286541e+01
1.359254380504495963e+01 -2.360517865921254455e+01 -2.311099764572385240e+01 -2.409935967270123669e+01
1.360134497451817381e+01 -2.360517897074653604e+01 -2.311099795495078979e+01 -2.409935998654228229e+01
1.361014614399138978e+01 -2.360517923457737766e+01 -2.311099821682784139e+01 -2.409936025232691392e+01
1.361894731346460397e+01 -2.360517945872204848e+01 -2.311099843931262043e+01 -2.409936047813147653e+01
1.362774848293781815e+01 -2.360517964885353237e+01 -2.311099862803609639e+01 -2.409936066967096835e+01
1.363654965241103412e+01 -2.360517980945071770e+01 -2.311099878744398595e+01 -2.409936083145744945e+01
1.364535082188425008e+01 -2.360517994579431544e+01 -2.311099892277789181e+01 -2.409936096881073908e+01
1.365415199135746427e+01 -2.360518006089861487e+01 -2.311099903702979574e+01 -2.409936108476743399e+01
1.366295316083067846e+01 -2.360518015807940628e+01 -2.311099913349092105e+01 -2.409936118266789151e+01
1.367175433030389442e+01 -2.360518024015790672e+01 -2.311099921496159126e+01 -2.409936126535422218e+01
1.368055549977711038e+01 -2.360518030916804832e+01 -2.311099928346068211e+01 -2.409936133487541454e+01
1.368935666925032280e+01 -2.360518036737911629e+01 -2.311099934124066735e+01 -2.409936139351756523e+01
1.369815783872353876e+01 -2.360518041635788578e+01 -2.311099938985672253e+01 -2.409936144285904902e+01
1.370695900819675472e+01 -2.360518045744584725e+01 -2.311099943064041184e+01 -2.409936148425128266e+01
1.371576017766996891e+01 -2.360518049198666901e+01 -2.311099946492544532e+01 -2.409936151904789270e+01
1.372456134714318310e+01 -2.360518052089243568e+01 -2.311099949361715034e+01 -2.409936154816772103e+01
1.373336251661639906e+01 -2.360518054511492636e+01 -2.311099951766026450e+01 -2.409936157256958822e+01
1.374216368608961503e+01 -2.360518056542575849e+01 -2.311099953782068539e+01 -2.409936159303083159e+01
1.375096485556282921e+01 -2.360518058235300032e+01 -2.311099955462256972e+01 -2.409936161008343092e+01
1.375976602503604340e+01 -2.360518059651086631e+01 -2.311099956867559158e+01 -2.409936162434614104e+01
1.376856719450925937e+01 -2.360518060830200682e+01 -2.311099958037941704e+01 -2.409936163622459659e+01
1.377736836398247355e+01 -2.360518061811543689e+01 -2.311099959012017635e+01 -2.409936164611069742e+01
1.378616953345568774e+01 -2.360518062631471281e+01 -2.311099959825872929e+01 -2.409936165437069633e+01
1.379497070292890371e+01 -2.360518063310306758e+01 -2.311099960499681316e+01 -2.409936166120932199e+01
1.380377187240211967e+01 -2.360518063875088046e+01 -2.311099961060279995e+01 -2.409936166689896098e+01
1.381257304187533386e+01 -2.360518064343150613e+01 -2.311099961524876178e+01 -2.409936167161425047e+01
1.382137421134854804e+01 -2.360518064729913590e+01 -2.311099961908774958e+01 -2.409936167551052222e+01
1.383017538082176401e+01 -2.360518065051780212e+01 -2.311099962228258065e+01 -2.409936167875302360e+01
1.383897655029497820e+01 -2.360518065316477276e+01 -2.311099962490995097e+01 -2.409936168141959456e+01
1.384777771976819238e+01 -2.360518065535479693e+01 -2.311099962708376054e+01 -2.409936168362583331e+01
1.385657888924140835e+01 -2.360518065716071945e+01 -2.311099962887630710e+01 -2.409936168544513180e+01
1.386538005871462431e+01 -2.360518065864199144e+01 -2.311099963034660831e+01 -2.409936168693737457e+01
1.387418122818783850e+01 -2.360518065986976666e+01 -2.311099963156528858e+01 -2.409936168817424473e+01
1.388298239766105269e+01 -2.360518066087253786e+01 -2.311099963256063816e+01 -2.409936168918443755e+01
1.389178356713426865e+01 -2.360518066169721862e+01 -2.311099963337921182e+01 -2.409936169001522543e+01
1.450000000000000000e+01 -2.360518066169721862e+01 -2.311099963337921182e+01 -2.409936169001522543e+01
