# # logMh LcMh -err(LcMh) +err(LcMh)
9.869739478957916035e+00 2.828605286833580923e+00 4.302910235945326178e+00 1.354300337721836112e+00
9.877926193067498417e+00 2.756053028120817761e+00 4.231672426365117090e+00 1.280433629876518875e+00
9.886112907177079023e+00 2.683429301545758872e+00 4.160873689410610865e+00 1.205984913680906656e+00
9.894299621286661406e+00 2.610744217469500139e+00 4.089826837321417941e+00 1.131661597617582116e+00
9.902486335396243788e+00 2.538008577494101470e+00 4.018429974804311300e+00 1.057587180183891640e+00
9.910673049505826171e+00 2.465169098890569011e+00 3.947028835343010300e+00 9.833093624381277209e-01
9.918859763615406777e+00 2.392255445141756809e+00 3.875839514337453551e+00 9.086713759460598450e-01
9.927046477724989160e+00 2.319315938971586277e+00 3.804833469730916296e+00 8.337984082122562590e-01
9.935233191834571542e+00 2.246324580001006321e+00 3.733732500864493264e+00 7.589166591375193782e-01
9.943419905944152148e+00 2.173259103620926336e+00 3.662157757873530262e+00 6.843604493683224099e-01
9.951606620053734531e+00 2.100226456143098552e+00 3.590325507180582409e+00 6.101274051056146952e-01
9.959793334163316914e+00 2.027059823527666893e+00 3.518616222001679006e+00 5.355034250536545581e-01
9.967980048272899296e+00 1.953831034515060905e+00 3.446474832080695272e+00 4.611872369494263157e-01
9.976166762382479902e+00 1.880545182897924938e+00 3.374927304442126186e+00 3.861630613537239132e-01
9.984353476492062285e+00 1.807118319419387387e+00 3.302705608008306815e+00 3.115310308304679587e-01
9.992540190601644667e+00 1.733665589873454760e+00 3.229913774309866703e+00 2.374174054370428166e-01
1.000072690471122705e+01 1.660168387018804204e+00 3.157291276969733218e+00 1.630454970678749671e-01
1.000891361882080766e+01 1.586603907780727907e+00 3.084959605317528109e+00 8.824821024392792701e-02
1.001710033293039004e+01 1.512975335250710707e+00 3.012808614037587596e+00 1.314205646383359571e-02
1.002528704703997242e+01 1.439228237491211315e+00 2.940682371618399404e+00 -6.222589663597677401e-02
1.003347376114955303e+01 1.365306596805189621e+00 2.868043210602485793e+00 -1.374300169921067738e-01
1.004166047525913541e+01 1.291406644977458384e+00 2.795449493909627492e+00 -2.126362039547107230e-01
1.004984718936871779e+01 1.217371726279831812e+00 2.723076146706980616e+00 -2.883326941473167704e-01
1.005803390347830018e+01 1.143228615930930836e+00 2.650966330055544162e+00 -3.645090981936822683e-01
1.006622061758788078e+01 1.069033135844791316e+00 2.578812030190603899e+00 -4.407457585010210455e-01
1.007440733169746316e+01 9.947546496747565747e-01 2.506252182467419765e+00 -5.167428831179063931e-01
1.008259404580704555e+01 9.204702314416710607e-01 2.433344083891621157e+00 -5.924036210082790355e-01
1.009078075991662615e+01 8.460929617569354910e-01 2.360545144809463203e+00 -6.683592212955924428e-01
1.009896747402620854e+01 7.715753181629416702e-01 2.287880620691937317e+00 -7.447299843660539764e-01
1.010715418813579092e+01 6.969802891753436036e-01 2.215056458156952068e+00 -8.210958798062648611e-01
1.011534090224537330e+01 6.223483637921338740e-01 2.142047121388635844e+00 -8.973503938043678740e-01
1.012352761635495391e+01 5.476538660212735277e-01 2.068962625215861273e+00 -9.736548931733139955e-01
1.013171433046453629e+01 4.730314568168807465e-01 1.995228395841645019e+00 -1.049165482207883526e+00
1.013990104457411867e+01 3.982453021771625856e-01 1.921855176747232496e+00 -1.125364572392907325e+00
1.014808775868370105e+01 3.232155857090513451e-01 1.848791385236537854e+00 -1.202360213818435275e+00
1.015627447279328166e+01 2.481949780464631772e-01 1.775743958513329002e+00 -1.279354002420402647e+00
1.016446118690286404e+01 1.731635303731729469e-01 1.702008175378651123e+00 -1.355681114632305340e+00
1.017264790101244643e+01 9.806868372256229149e-02 1.628157360613414095e+00 -1.432019993168289318e+00
1.018083461512202703e+01 2.293609677312201736e-02 1.554570179864879664e+00 -1.508697986318635609e+00
1.018902132923160941e+01 -5.228047183392813685e-02 1.481338265136124210e+00 -1.585899208803980276e+00
1.019720804334119180e+01 -1.275914601052255959e-01 1.408015735585376849e+00 -1.663198655795828262e+00
1.020539475745077418e+01 -2.029237625398284672e-01 1.333971984682419176e+00 -1.739819509762076333e+00
1.021358147156035479e+01 -2.783644842373415029e-01 1.259650910775403254e+00 -1.816379879250086482e+00
1.022176818566993717e+01 -3.539265476719968273e-01 1.185627809920300590e+00 -1.893480905264294245e+00
1.022995489977951955e+01 -4.294969576975122827e-01 1.112170913387116933e+00 -1.971164828782141498e+00
1.023814161388910016e+01 -5.052468892005694823e-01 1.038280394124144967e+00 -2.048774172525283710e+00
1.024632832799868254e+01 -5.810653638149975153e-01 9.642874805086979473e-01 -2.126418208138693089e+00
1.025451504210826492e+01 -6.568247393640320730e-01 8.898737303053061432e-01 -2.203523209033370289e+00
1.026270175621784730e+01 -7.326904878463047499e-01 8.152311272107746198e-01 -2.280612102903384120e+00
1.027088847032742791e+01 -8.087441407215849587e-01 7.410450935261314598e-01 -2.358533374969301377e+00
1.027907518443701029e+01 -8.849446106983437366e-01 6.671441153623570708e-01 -2.437033336759044655e+00
1.028726189854659268e+01 -9.612458526655233149e-01 5.927511856863251216e-01 -2.515242891017371640e+00
1.029544861265617506e+01 -1.037606192770766045e+00 5.179170636068668454e-01 -2.593129449148398713e+00
1.030363532676575566e+01 -1.113936729733414843e+00 4.435109618716062130e-01 -2.671384421338435899e+00
1.031182204087533805e+01 -1.190432312576708451e+00 3.689152215519069244e-01 -2.749779846705323827e+00
1.032000875498492043e+01 -1.267130214781982733e+00 2.949625920395397838e-01 -2.829223021603505472e+00
1.032819546909450104e+01 -1.343936120566561199e+00 2.206335021322460843e-01 -2.908505743265368260e+00
1.033638218320408342e+01 -1.420748684173519516e+00 1.454616189419801753e-01 -2.986958987289018985e+00
1.034456889731366580e+01 -1.497595848686088971e+00 7.055535334477647247e-02 -3.065747050716954192e+00
1.035275561142324818e+01 -1.574586146508554663e+00 -4.209197532053954305e-03 -3.144963095485055149e+00
1.036094232553282879e+01 -1.651779081190782872e+00 -7.910743444641377131e-02 -3.224450727935152194e+00
1.036912903964241117e+01 -1.729100867327445279e+00 -1.541247310669013881e-01 -3.304077003587988948e+00
1.037731575375199355e+01 -1.806433430077074354e+00 -2.293818843820114584e-01 -3.383484975772137027e+00
1.038550246786157416e+01 -1.883777342932391408e+00 -3.050341464189592067e-01 -3.462520539445823609e+00
1.039368918197115654e+01 -1.961255038937439688e+00 -3.802735109534509661e-01 -3.542236566921428409e+00
1.040187589608073893e+01 -2.038879156963997019e+00 -4.550156517850010296e-01 -3.622742662142993009e+00
1.041006261019032131e+01 -2.116711291498850400e+00 -5.301650200631309318e-01 -3.703257562934569869e+00
1.041824932429990191e+01 -2.194530804803263457e+00 -6.062023877210909184e-01 -3.782859221885435996e+00
1.042643603840948430e+01 -2.272410698336596369e+00 -6.817657508253149867e-01 -3.863055645847877528e+00
1.043462275251906668e+01 -2.350409392625332661e+00 -7.571713573769547345e-01 -3.943647427873710587e+00
1.044280946662864906e+01 -2.428545347975407775e+00 -8.329109400936927088e-01 -4.024179755857122842e+00
1.045099618073822967e+01 -2.506867234084557694e+00 -9.090306769525597907e-01 -4.104703791216556041e+00
1.045918289484781205e+01 -2.585256752776680322e+00 -9.855441541746992051e-01 -4.184969351378661884e+00
1.046736960895739443e+01 -2.663583272556987680e+00 -1.062248724196729111e+00 -4.264917820917245805e+00
1.047555632306697504e+01 -2.742013102606166264e+00 -1.138599414236021845e+00 -4.345426790976310905e+00
1.048374303717655742e+01 -2.820681005168943489e+00 -1.215229108433849570e+00 -4.426132901904037631e+00
1.049192975128613980e+01 -2.899538290436776578e+00 -1.292680526550898268e+00 -4.506396054322655331e+00
1.050011646539572219e+01 -2.978394253909254275e+00 -1.370242558452686055e+00 -4.586545949365822494e+00
1.050830317950530279e+01 -3.057353867031522565e+00 -1.447052497620482159e+00 -4.667655236442563194e+00
1.051648989361488518e+01 -3.136284515649511384e+00 -1.523278866250902475e+00 -4.749290165048120294e+00
1.052467660772446756e+01 -3.215391193329834696e+00 -1.600333489960010791e+00 -4.830448896699659045e+00
1.053286332183404816e+01 -3.294726255634833123e+00 -1.677699297856349636e+00 -4.911753213413316388e+00
1.054105003594363055e+01 -3.374135492692607485e+00 -1.755249360697304972e+00 -4.993021624687909998e+00
1.054923675005321293e+01 -3.453551418103738335e+00 -1.832743486749943473e+00 -5.074359349457533419e+00
1.055742346416279531e+01 -3.533069202613398740e+00 -1.909630093057780975e+00 -5.156508312169016506e+00
1.056561017827237592e+01 -3.612727325430850733e+00 -1.986563001439220155e+00 -5.238891649422480867e+00
1.057379689238195830e+01 -3.692524155653661211e+00 -2.064475446521205626e+00 -5.320572864786116796e+00
1.058198360649154068e+01 -3.772608936245949174e+00 -2.143444775637262545e+00 -5.401773096854635803e+00
1.059017032060112129e+01 -3.852692842825367503e+00 -2.220570233198632337e+00 -5.484815452452102669e+00
1.059835703471070367e+01 -3.932768729437619015e+00 -2.297416052768340045e+00 -5.568121406106897986e+00
1.060654374882028605e+01 -4.013105650826445547e+00 -2.375518671861023279e+00 -5.650692629791867816e+00
1.061473046292986844e+01 -4.093571977883182278e+00 -2.454663591248769983e+00 -5.732480364517594573e+00
1.062291717703944904e+01 -4.174125851492301642e+00 -2.533653806852340651e+00 -5.814597896132262633e+00
1.063110389114903143e+01 -4.254759919922058486e+00 -2.612212754815216087e+00 -5.897307085028900886e+00
1.063929060525861381e+01 -4.335457350593520331e+00 -2.690293270712289520e+00 -5.980621430474751143e+00
1.064747731936819619e+01 -4.416276741665098982e+00 -2.768388857260117852e+00 -6.064164626070080111e+00
1.065566403347777680e+01 -4.497347793409216088e+00 -2.848496834171309722e+00 -6.146198752647122454e+00
1.066385074758735918e+01 -4.578587085425304792e+00 -2.929055528286284016e+00 -6.228118642564325569e+00
1.067203746169694156e+01 -4.659711608670702887e+00 -3.008203816854716717e+00 -6.311219400486688613e+00
1.068022417580652217e+01 -4.740848183874372346e+00 -3.086345140257860997e+00 -6.395351227490883694e+00
1.068841088991610455e+01 -4.822213882381871208e+00 -3.165682766254158675e+00 -6.478744998509583297e+00
1.069659760402568693e+01 -4.903797224986215397e+00 -3.246471705925916051e+00 -6.561122744046514299e+00
1.070478431813526932e+01 -4.985419733509895757e+00 -3.326740162254498756e+00 -6.644099304765292757e+00
1.071297103224484992e+01 -5.067118512210495140e+00 -3.405273122219476534e+00 -6.728963902201513747e+00
1.072115774635443231e+01 -5.148880501954383959e+00 -3.483455818799889414e+00 -6.814305185108878504e+00
1.072934446046401469e+01 -5.230733864557365109e+00 -3.562948864850241648e+00 -6.898518864264488570e+00
1.073753117457359707e+01 -5.312787599163924845e+00 -3.643451288939906885e+00 -6.982123909387942362e+00
1.074571788868317768e+01 -5.394909646995276198e+00 -3.723894054519809593e+00 -7.065925239470742802e+00
1.075390460279276006e+01 -5.477060325759026682e+00 -3.803187644836198977e+00 -7.150933006681854387e+00
1.076209131690234244e+01 -5.559379139113720392e+00 -3.881347401560208077e+00 -7.237410876667232706e+00
1.077027803101192305e+01 -5.641903828594473147e+00 -3.961647290978461022e+00 -7.322160366210485272e+00
1.077846474512150543e+01 -5.724516328065035964e+00 -4.042930485819965725e+00 -7.406102170310106203e+00
1.078665145923108781e+01 -5.807317321341006533e+00 -4.122859145137516279e+00 -7.491775497544496787e+00
1.079483817334067020e+01 -5.890169440015720070e+00 -4.201218020374827056e+00 -7.579120859656613085e+00
1.080302488745025080e+01 -5.972985469476924436e+00 -4.280232912901323239e+00 -7.665738026052525633e+00
1.081121160155983318e+01 -6.055928172514204455e+00 -4.361919911803688876e+00 -7.749936433224720034e+00
1.081939831566941557e+01 -6.139144139661212307e+00 -4.444688312353637372e+00 -7.833599966968787243e+00
1.082758502977899617e+01 -6.222531634002502088e+00 -4.524916499617787302e+00 -7.920146768387216873e+00
1.083577174388857856e+01 -6.306002474301033445e+00 -4.603622187621827067e+00 -8.008382760980239823e+00
1.084395845799816094e+01 -6.389620891349345300e+00 -4.685274598845859728e+00 -8.093967183852830871e+00
1.085214517210774332e+01 -6.473333492312448811e+00 -4.769722739457316507e+00 -8.176944245167581116e+00
1.086033188621732393e+01 -6.557232923763737453e+00 -4.851554916057264855e+00 -8.262910931470209164e+00
1.086851860032690631e+01 -6.641185199369616043e+00 -4.931300640272011648e+00 -8.351069758467220439e+00
1.087670531443648869e+01 -6.725287998905397302e+00 -5.011737394373717791e+00 -8.438838603437076813e+00
1.088489202854606930e+01 -6.809424313229222037e+00 -5.094729060399975751e+00 -8.524119566058468322e+00
1.089307874265565168e+01 -6.893636798667063026e+00 -5.177940288552250081e+00 -8.609333308781875971e+00
1.090126545676523406e+01 -6.978225077145454591e+00 -5.260593898153805625e+00 -8.695856256137103557e+00
1.090945217087481645e+01 -7.063142220484324163e+00 -5.342555640288288998e+00 -8.783728800680359328e+00
1.091763888498439705e+01 -7.147902906206970997e+00 -5.422731361951536044e+00 -8.873074450462405949e+00
1.092582559909397943e+01 -7.232695688418734115e+00 -5.506179307750237228e+00 -8.959212069087231001e+00
1.093401231320356182e+01 -7.317743466686101428e+00 -5.592469005715201114e+00 -9.043017927657000854e+00
1.094219902731314420e+01 -7.402893510034383340e+00 -5.675563969376442586e+00 -9.130223050692324094e+00
1.095038574142272481e+01 -7.488204134110163501e+00 -5.755576573504971094e+00 -9.220831694715355908e+00
1.095857245553230719e+01 -7.573535210848873156e+00 -5.838957126881998860e+00 -9.308113294815747452e+00
1.096675916964188957e+01 -7.659090608902264563e+00 -5.924239795888174065e+00 -9.393941421916355949e+00
1.097494588375147018e+01 -7.744778802503105020e+00 -6.009209898096986358e+00 -9.480347706909222794e+00
1.098313259786105256e+01 -7.830602223134098594e+00 -6.092539013741019360e+00 -9.568665432527177828e+00
1.099131931197063494e+01 -7.916520226360630019e+00 -6.175001209433538918e+00 -9.658039243287721121e+00
1.099950602608021732e+01 -8.002473030065250015e+00 -6.258961200408563741e+00 -9.745984859721936289e+00
1.100769274018979793e+01 -8.088565374249728990e+00 -6.345282840758892817e+00 -9.831847907740565162e+00
1.101587945429938031e+01 -8.174802047668951133e+00 -6.430475424296082210e+00 -9.919128671041820056e+00
1.102406616840896270e+01 -8.261243737507466989e+00 -6.512072038440297916e+00 -1.001041543657463606e+01
1.103225288251854508e+01 -8.347789660401653933e+00 -6.594942837687377768e+00 -1.010063648311593099e+01
1.104043959662812568e+01 -8.434113150435804229e+00 -6.681170977497867369e+00 -1.018705532337374109e+01
1.104862631073770807e+01 -8.520717924696556977e+00 -6.766442354322215635e+00 -1.027499349507089832e+01
1.105681302484729045e+01 -8.607752271303496627e+00 -6.848587156845528767e+00 -1.036691738576146449e+01
1.106499973895687106e+01 -8.694963132081580781e+00 -6.930441193177529158e+00 -1.045948507098563240e+01
1.107318645306645344e+01 -8.782213935026954132e+00 -7.016255219712157043e+00 -1.054817265034175122e+01
1.108137316717603582e+01 -8.869457869180475740e+00 -7.103785466653537384e+00 -1.063513027170741410e+01
1.108955988128561643e+01 -8.956735676392607814e+00 -7.188055236728013497e+00 -1.072541611605720213e+01
1.109774659539519881e+01 -9.044249664623995599e+00 -7.271069252452716292e+00 -1.081743007679527402e+01
1.110593330950478119e+01 -9.131929492422299788e+00 -7.355669972522165700e+00 -1.090818901232243476e+01
1.111412002361436357e+01 -9.219733708764261237e+00 -7.443151036313780722e+00 -1.099631638121474175e+01
1.112230673772394418e+01 -9.307641703119182708e+00 -7.528034994350649711e+00 -1.108724841188771570e+01
1.113049345183352656e+01 -9.395571310488811889e+00 -7.611880803220172353e+00 -1.117926181775745142e+01
1.113868016594310895e+01 -9.483838335717578616e+00 -7.697661513886531637e+00 -1.127001515754862560e+01
1.114686688005269133e+01 -9.572363020434311309e+00 -7.785769640893857257e+00 -1.135895639997476536e+01
1.115505359416227193e+01 -9.660788237970569625e+00 -7.873662655327744453e+00 -1.144791382061339391e+01
1.116324030827185432e+01 -9.749055970221316869e+00 -7.959363973068034781e+00 -1.153874796737459896e+01
1.117142702238143670e+01 -9.837531768027060863e+00 -8.044516776036820360e+00 -1.163054676001730137e+01
1.117961373649101731e+01 -9.926507093194960163e+00 -8.132001846098695808e+00 -1.172101234029122452e+01
1.118780045060059969e+01 -1.001567217312937963e+01 -8.220630980145919864e+00 -1.181071336611283940e+01
1.119598716471018207e+01 -1.010447617623838390e+01 -8.306547410989386648e+00 -1.190240494148738115e+01
1.120417387881976445e+01 -1.019347312705858855e+01 -8.391115164274351557e+00 -1.199583108984282553e+01
1.121236059292934506e+01 -1.028267024961704124e+01 -8.477430962474469922e+00 -1.208790953675961255e+01
1.122054730703892744e+01 -1.037251492829123123e+01 -8.567659223542026581e+00 -1.217737063304043588e+01
1.122873402114850983e+01 -1.046225114341987172e+01 -8.655977368702950869e+00 -1.226852491813679258e+01
1.123692073525809221e+01 -1.055179232261514777e+01 -8.742212248652611706e+00 -1.236137239657768383e+01
1.124510744936767281e+01 -1.064124737177253088e+01 -8.828901481585177180e+00 -1.245359326195988459e+01
1.125329416347725520e+01 -1.073106173860996115e+01 -8.919392620754106105e+00 -1.254273085646581620e+01
1.126148087758683758e+01 -1.082138463287793329e+01 -9.010891821106220334e+00 -1.263187744464964624e+01
1.126966759169641819e+01 -1.091174126900799024e+01 -9.097316607840577163e+00 -1.272616593017540332e+01
1.127785430580600057e+01 -1.100181165538598194e+01 -9.182195718252959438e+00 -1.282142759251900443e+01
1.128604101991558295e+01 -1.109192489357526945e+01 -9.272437037483891586e+00 -1.291141274966664731e+01
1.129422773402516533e+01 -1.118315802439538231e+01 -9.368912845626880426e+00 -1.299740320316388420e+01
1.130241444813474594e+01 -1.127451315076563176e+01 -9.454296846680328770e+00 -1.309472945485093476e+01
1.131060116224432832e+01 -1.136489882183580136e+01 -9.535298393394537442e+00 -1.319449925027706527e+01
1.131878787635391070e+01 -1.145538164111332868e+01 -9.622263417186982082e+00 -1.328849986503967529e+01
1.132697459046349309e+01 -1.154668309223958289e+01 -9.717187739988951023e+00 -1.337617844449021476e+01
1.133516130457307369e+01 -1.163854316731332617e+01 -9.809658762361671336e+00 -1.346742757226498099e+01
1.134334801868265608e+01 -1.172986975079286687e+01 -9.894771791360032154e+00 -1.356496771022570158e+01
1.135153473279223846e+01 -1.182060769847316450e+01 -9.980631297656513468e+00 -1.366058409928981554e+01
1.135972144690181906e+01 -1.191222356431433127e+01 -1.007597269084515723e+01 -1.374847443778350531e+01
1.136790816101140145e+01 -1.200501413455214461e+01 -1.017438028852206955e+01 -1.383564798058221967e+01
1.137609487512098383e+01 -1.209680392198153243e+01 -1.026226731742046816e+01 -1.393134052654259669e+01
1.138428158923056444e+01 -1.218715775312033678e+01 -1.034285246415387860e+01 -1.403146304208679496e+01
1.139246830334014682e+01 -1.227862351849601197e+01 -1.043581424994873430e+01 -1.412143278704328964e+01
1.140065501744972920e+01 -1.237207123137329745e+01 -1.053592781872174378e+01 -1.420821464402485113e+01
1.140884173155931158e+01 -1.246465219248697132e+01 -1.062710399861165200e+01 -1.430220038636229063e+01
1.141702844566889219e+01 -1.255585608892637417e+01 -1.071113905922205234e+01 -1.440057311863069600e+01
1.142521515977847457e+01 -1.264783039821495869e+01 -1.079942611263276042e+01 -1.449623468379715696e+01
1.143340187388805695e+01 -1.274153129236744242e+01 -1.089784123670604821e+01 -1.458522134802883663e+01
1.144158858799763934e+01 -1.283522073514793682e+01 -1.099664802600752722e+01 -1.467379344428834642e+01
1.144977530210721994e+01 -1.292688748603733551e+01 -1.108218613015120368e+01 -1.477158884192346733e+01
1.145796201621680233e+01 -1.301740063942744108e+01 -1.116438772772085564e+01 -1.487041355113402652e+01
1.146614873032638471e+01 -1.311029306437791675e+01 -1.126319902668528172e+01 -1.495738710207055178e+01
1.147433544443596531e+01 -1.320487333260778229e+01 -1.136961743911298406e+01 -1.504012922610258052e+01
1.148252215854554770e+01 -1.329767293766184899e+01 -1.146106908687979953e+01 -1.513427678844389845e+01
1.149070887265513008e+01 -1.338882314686420827e+01 -1.154295338230197920e+01 -1.523469291142643733e+01
1.149889558676471246e+01 -1.348124501225367133e+01 -1.163458117436137940e+01 -1.532790885014596327e+01
1.150708230087429307e+01 -1.357531391495907336e+01 -1.173628079897013698e+01 -1.541434703094800973e+01
1.151526901498387545e+01 -1.366881013833453018e+01 -1.183116370299031850e+01 -1.550645657367874186e+01
1.152345572909345783e+01 -1.376051257324382959e+01 -1.191408360788225096e+01 -1.560694153860540823e+01
1.153164244320304022e+01 -1.385223317171270097e+01 -1.199923435180559039e+01 -1.570523199161981154e+01
1.153982915731262082e+01 -1.394643056982209472e+01 -1.209912373253033024e+01 -1.579373740711385921e+01
1.154801587142220320e+01 -1.404161695105704588e+01 -1.220599429989450257e+01 -1.587723960221958919e+01
1.155620258553178559e+01 -1.413330556964783646e+01 -1.229541639556190802e+01 -1.597119474373376491e+01
1.156438929964136619e+01 -1.422385909893727707e+01 -1.237450645392378057e+01 -1.607321174395077534e+01
1.157257601375094858e+01 -1.431775388577013786e+01 -1.247151032070194177e+01 -1.616399745083833395e+01
1.158076272786053096e+01 -1.441247450152951082e+01 -1.257582836000360693e+01 -1.624912064305541293e+01
1.158894944197011156e+01 -1.450491452570262396e+01 -1.266968081172039007e+01 -1.634014823968485786e+01
1.159713615607969395e+01 -1.459650130571587567e+01 -1.275474108950608887e+01 -1.643826152192566070e+01
1.160532287018927633e+01 -1.468972915736645746e+01 -1.284557127842177593e+01 -1.653388703631113898e+01
1.161350958429885871e+01 -1.478432545008912058e+01 -1.294563755502884206e+01 -1.662301334514939910e+01
1.162169629840844109e+01 -1.487766570206654215e+01 -1.304388619766444180e+01 -1.671144520646864251e+01
1.162988301251802170e+01 -1.496887743286178107e+01 -1.313347086057557078e+01 -1.680428400514799137e+01
1.163806972662760408e+01 -1.506141130707629472e+01 -1.322125936643261213e+01 -1.690156324771997731e+01
1.164625644073718647e+01 -1.515691214240708895e+01 -1.332425493600118216e+01 -1.698956934881299574e+01
1.165444315484676707e+01 -1.525013209100032974e+01 -1.342554165533878852e+01 -1.707472252666186918e+01
1.166262986895634945e+01 -1.534143476741363266e+01 -1.351763109999962076e+01 -1.716523843482764633e+01
1.167081658306593184e+01 -1.543403608842031538e+01 -1.360100212760831973e+01 -1.726707004923231281e+01
1.167900329717551244e+01 -1.552892471511943917e+01 -1.370156889301791736e+01 -1.735628053722096098e+01
1.168719001128509483e+01 -1.562308847310997173e+01 -1.380412588876394331e+01 -1.744205105745600193e+01
1.169537672539467721e+01 -1.571464036918991170e+01 -1.389879670134489764e+01 -1.753048403703492397e+01
1.170356343950425959e+01 -1.580569323077572008e+01 -1.398767004444663975e+01 -1.762371641710479864e+01
1.171175015361384020e+01 -1.589946066579303618e+01 -1.407808434524822516e+01 -1.772083698633784721e+01
1.171993686772342258e+01 -1.599509612554813565e+01 -1.418075503301899865e+01 -1.780943721807727087e+01
1.172812358183300496e+01 -1.608784671330930394e+01 -1.427854567452573598e+01 -1.789714775209287367e+01
1.173631029594258735e+01 -1.617725621922774693e+01 -1.436938986923908956e+01 -1.798512256921640429e+01
1.174449701005216795e+01 -1.627050881544588634e+01 -1.445523791920388845e+01 -1.808577971168788423e+01
1.175268372416175033e+01 -1.636623447655547636e+01 -1.455864054252039708e+01 -1.817382841059055565e+01
1.176087043827133272e+01 -1.645906944872415778e+01 -1.465944704560455314e+01 -1.825869185184376065e+01
1.176905715238091332e+01 -1.654845924582779304e+01 -1.475319811745661625e+01 -1.834372037419896984e+01
1.177724386649049571e+01 -1.663992483431388791e+01 -1.483971869255703524e+01 -1.844013097607074059e+01
1.178543058060007809e+01 -1.673475336654142964e+01 -1.493134290572255196e+01 -1.853816382736030732e+01
1.179361729470966047e+01 -1.682893530373114643e+01 -1.503513503790113148e+01 -1.862273556956116138e+01
1.180180400881924108e+01 -1.691959022481189834e+01 -1.514020827119690971e+01 -1.869897217842688519e+01
1.180999072292882346e+01 -1.700909662137905087e+01 -1.523264810003999870e+01 -1.878554514271810305e+01
1.181817743703840584e+01 -1.710218112042185368e+01 -1.530805290414535946e+01 -1.889630933669834789e+01
1.182636415114798822e+01 -1.719680378787520780e+01 -1.539816786276113980e+01 -1.899543971298927758e+01
1.183455086525756883e+01 -1.728733314779028518e+01 -1.551575761355435290e+01 -1.905890868202621746e+01
1.184273757936715121e+01 -1.737648944549973251e+01 -1.561769105875591457e+01 -1.913528783224354868e+01
1.185092429347673360e+01 -1.746823937879093336e+01 -1.569829476988186912e+01 -1.923818398769999760e+01
1.185911100758631420e+01 -1.756166682522233202e+01 -1.578342565058105684e+01 -1.933990799986360543e+01
1.186729772169589658e+01 -1.765293732393386961e+01 -1.588948215520483132e+01 -1.941639249266290790e+01
1.187548443580547897e+01 -1.774249394033834548e+01 -1.600000237940332681e+01 -1.948498550127336415e+01
1.188367114991505957e+01 -1.783287686266059779e+01 -1.608999722958090572e+01 -1.957575649574028986e+01
1.189185786402464196e+01 -1.792757943529353426e+01 -1.616873567157551150e+01 -1.968642319901155702e+01
1.190004457813422434e+01 -1.803025240423382414e+01 -1.627531620672355572e+01 -1.978518860174409255e+01
1.190823129224380672e+01 -1.811979667935197469e+01 -1.638860550157514240e+01 -1.985098785712880698e+01
1.191641800635338910e+01 -1.820748919350265282e+01 -1.649594547638211495e+01 -1.991903291062319070e+01
1.192460472046296971e+01 -1.829640744337818958e+01 -1.658826091969386596e+01 -2.000455396706251321e+01
1.193279143457255209e+01 -1.838479113786113572e+01 -1.667737642906439177e+01 -2.009220584665787968e+01
1.194097814868213447e+01 -1.847178146480435856e+01 -1.676987305274287721e+01 -2.017368987686583992e+01
1.194916486279171508e+01 -1.855911387156528747e+01 -1.686727322643488236e+01 -2.025095451669569258e+01
1.195735157690129746e+01 -1.864742527900218505e+01 -1.696673266122753176e+01 -2.032811789677683834e+01
1.196553829101087985e+01 -1.873652599770995764e+01 -1.706157714440243467e+01 -2.041147485101748060e+01
1.197372500512046045e+01 -1.882349840808290153e+01 -1.714830909455095664e+01 -2.049868772161484642e+01
1.198191171923004283e+01 -1.890630466915430219e+01 -1.723672684018006862e+01 -2.057588249812853576e+01
1.199009843333962522e+01 -1.899186224606513562e+01 -1.734346613909477952e+01 -2.064025835303549172e+01
1.199828514744920760e+01 -1.907921964563974626e+01 -1.744500595566632839e+01 -2.071343333561316413e+01
1.200647186155878821e+01 -1.916529272254074101e+01 -1.752593873137888636e+01 -2.080464671370259566e+01
1.201465857566837059e+01 -1.924869639878998129e+01 -1.761798183360467362e+01 -2.087941096397528895e+01
1.202284528977795297e+01 -1.933478749137449881e+01 -1.772201350789462992e+01 -2.094756147485436770e+01
1.203103200388753535e+01 -1.942004257211942075e+01 -1.781641302489254386e+01 -2.102367211934629765e+01
1.203921871799711596e+01 -1.950314984799607387e+01 -1.790279538844459850e+01 -2.110350430754754925e+01
1.204740543210669834e+01 -1.958832660105341006e+01 -1.799482882999102173e+01 -2.118182437211579838e+01
1.205559214621628072e+01 -1.967692476463197337e+01 -1.791694433028239430e+01 -2.143690519898155245e+01
1.206377886032586133e+01 -1.976462750951863256e+01 -1.775523805421304147e+01 -2.177401696482422366e+01
1.207196557443544371e+01 -1.984803646588307302e+01 -1.787648040301960961e+01 -2.181959252874653643e+01
1.208015228854502610e+01 -1.992993481497429897e+01 -1.798824384222653450e+01 -2.187162578772206345e+01
1.208833900265460670e+01 -2.001185714868446652e+01 -1.810997910512384479e+01 -2.191373519224508826e+01
1.209652571676418908e+01 -2.008905048979184471e+01 -1.823522920783839041e+01 -2.194287177174529901e+01
1.210471243087377147e+01 -2.016704836373010323e+01 -1.835383787770587460e+01 -2.198025884975433186e+01
1.211289914498335385e+01 -2.024537313173317443e+01 -1.846022170637926507e+01 -2.203052455708708379e+01
1.212108585909293623e+01 -2.032474181314655937e+01 -1.857726723196880414e+01 -2.207221639432431459e+01
1.212927257320251684e+01 -2.040400400954984761e+01 -1.870345235866559719e+01 -2.210455566043409803e+01
1.213745928731209922e+01 -2.048288702026209052e+01 -1.882439874208617425e+01 -2.214137529843800678e+01
1.214564600142168160e+01 -2.056560772259853564e+01 -1.893684659029371176e+01 -2.219436885490335953e+01
1.215383271553126221e+01 -2.065181710353877520e+01 -1.905105606241721716e+01 -2.225257814466033324e+01
1.216201942964084459e+01 -2.073164470332041631e+01 -1.917358021982192184e+01 -2.228970918681891078e+01
1.217020614375042697e+01 -2.080506955588887763e+01 -1.929663633112155097e+01 -2.231350278065620429e+01
1.217839285786000758e+01 -2.087817924849352380e+01 -1.940680689693698113e+01 -2.234955160005006647e+01
1.218657957196958996e+01 -2.095115287204257015e+01 -1.950296164383719244e+01 -2.239934410024794786e+01
1.219476628607917235e+01 -2.103031301504217510e+01 -1.961519478056543520e+01 -2.244543124951891500e+01
1.220295300018875473e+01 -2.110229794613172416e+01 -1.973502813122549782e+01 -2.246956776103795050e+01
1.221113971429833711e+01 -2.117218145522219430e+01 -1.984218434211566162e+01 -2.250217856832872698e+01
1.221932642840791772e+01 -2.124250261868995793e+01 -1.992063882441046019e+01 -2.256436641296945567e+01
1.222751314251750010e+01 -2.131601613823345076e+01 -1.989060775162558059e+01 -2.274142452484132093e+01
1.223569985662708248e+01 -2.139342243511897834e+01 -1.981984471483544752e+01 -2.296700015540250917e+01
1.224388657073666309e+01 -2.146864519578461383e+01 -1.992278246103073158e+01 -2.301450793053849608e+01
1.225207328484624547e+01 -2.153597683568740351e+01 -2.002069585984707345e+01 -2.305125781152773357e+01
1.226025999895582785e+01 -2.160765298040711357e+01 -2.001563300750942176e+01 -2.319967295330480539e+01
1.226844671306540846e+01 -2.167853150204130586e+01 -2.008665953376934254e+01 -2.327040347031326917e+01
1.227663342717499084e+01 -2.174201779919894761e+01 -2.018330623963885628e+01 -2.330072935875903894e+01
1.228482014128457322e+01 -2.184123930294455818e+01 -2.031899356389138234e+01 -2.336348504199773402e+01
1.229300685539415383e+01 -2.191555698930249818e+01 -2.041846091371052907e+01 -2.341265306489446729e+01
1.230119356950373621e+01 -2.198059765119803899e+01 -2.051894867611805040e+01 -2.344224662627802758e+01
1.230938028361331860e+01 -2.206277534000556173e+01 -2.063697773501463573e+01 -2.348857294499648773e+01
1.231756699772290098e+01 -2.213733978902670074e+01 -2.074576115058770043e+01 -2.352891842746570106e+01
1.232575371183248336e+01 -2.219484467530526217e+01 -2.083862629508779918e+01 -2.355106305552272516e+01
1.233394042594206397e+01 -2.226420964322891649e+01 -2.094642201195940956e+01 -2.358199727449842342e+01
1.234212714005164635e+01 -2.234150287333638119e+01 -2.101160050301418991e+01 -2.367140524365857246e+01
1.235031385416122873e+01 -2.240761435186922412e+01 -2.111016582062484304e+01 -2.370506288311360521e+01
1.235850056827080934e+01 -2.247498777743330578e+01 -2.121129542138658763e+01 -2.373868013348002393e+01
1.236668728238039172e+01 -2.253186642340427426e+01 -2.129295392235006190e+01 -2.377077892445848661e+01
1.237487399648997410e+01 -2.260579887867762849e+01 -2.139473359157993571e+01 -2.381686416577532128e+01
1.238306071059955471e+01 -2.265933304827160555e+01 -2.147942546915819761e+01 -2.383924062738501348e+01
1.239124742470913709e+01 -2.272615213635136300e+01 -2.157460566562379967e+01 -2.387769860707892633e+01
1.239943413881871948e+01 -2.278019538599929206e+01 -2.165198223996962668e+01 -2.390840853202895744e+01
1.240762085292830186e+01 -2.283455013058521743e+01 -2.173195385002823343e+01 -2.393714641114220143e+01
1.241580756703788424e+01 -2.290507357324907645e+01 -2.183327942169320224e+01 -2.397686772480495065e+01
1.242399428114746485e+01 -2.296945531026259957e+01 -2.192656981021288942e+01 -2.401234081031230971e+01
1.243218099525704723e+01 -2.303450389294916079e+01 -2.198210314883327143e+01 -2.408690463706505014e+01
1.244036770936662961e+01 -2.308895253193697172e+01 -2.205956237385164798e+01 -2.411834269002229547e+01
1.244855442347621022e+01 -2.314593032143997675e+01 -2.213919300766250231e+01 -2.415266763521745119e+01
1.245674113758579260e+01 -2.319422081792103185e+01 -2.220193406233764577e+01 -2.418650757350441793e+01
1.246492785169537498e+01 -2.322318880457406109e+01 -2.225956201825623637e+01 -2.418681559089188582e+01
1.247311456580495559e+01 -2.324770871690427398e+01 -2.230442664989562118e+01 -2.419099078391292679e+01
1.248130127991453797e+01 -2.328468637808201791e+01 -2.236346373751511862e+01 -2.420590901864891720e+01
1.248948799402412035e+01 -2.331982612407084332e+01 -2.242467768311071907e+01 -2.421497456503096757e+01
1.249767470813370274e+01 -2.335850672104287185e+01 -2.248688922383193756e+01 -2.423012421825380613e+01
1.250586142224328512e+01 -2.339945063638774414e+01 -2.255068227056415964e+01 -2.424821900221132864e+01
1.251404813635286573e+01 -2.342453236614898060e+01 -2.259712591390946557e+01 -2.425193881838849563e+01
1.252223485046244811e+01 -2.346136138106241731e+01 -2.265589670174157177e+01 -2.426682606038326284e+01
1.253042156457203049e+01 -2.349464184439824521e+01 -2.271236874080347690e+01 -2.427691494799301353e+01
1.253860827868161110e+01 -2.351205883940397712e+01 -2.274942656279888809e+01 -2.427469111600906615e+01
1.254679499279119348e+01 -2.352439771083458808e+01 -2.278332299427095009e+01 -2.426547242739822607e+01
1.255498170690077586e+01 -2.353628483681829664e+01 -2.281594632471691497e+01 -2.425662334891967831e+01
1.256316842101035647e+01 -2.354291507263161520e+01 -2.284309430870041879e+01 -2.424273583656281161e+01
1.257135513511993885e+01 -2.354694740638421635e+01 -2.286686516052522222e+01 -2.422702965224321048e+01
1.257954184922952123e+01 -2.355066507698836986e+01 -2.289031989257604494e+01 -2.421101026140069479e+01
1.258772856333910184e+01 -2.356037258640009568e+01 -2.291067898050382112e+01 -2.421006619229637025e+01
1.259591527744868422e+01 -2.357265925875198675e+01 -2.292379447276148596e+01 -2.422152404474248755e+01
1.260410199155826660e+01 -2.357479821536503550e+01 -2.292712761571204183e+01 -2.422246881501802918e+01
1.261228870566784899e+01 -2.357692242284659301e+01 -2.293046169873200313e+01 -2.422338314696118289e+01
1.262047541977743137e+01 -2.357883084495335169e+01 -2.293361259704588662e+01 -2.422404909286081676e+01
1.262866213388701198e+01 -2.358051536960479311e+01 -2.293687241138399813e+01 -2.422415832782558809e+01
1.263684884799659436e+01 -2.358206450360250983e+01 -2.294066585834823613e+01 -2.422346314885678353e+01
1.264503556210617674e+01 -2.358348324875351310e+01 -2.294750748079777836e+01 -2.421945901670924783e+01
1.265322227621575735e+01 -2.358477958747316805e+01 -2.295462836415848429e+01 -2.421493081078785181e+01
1.266140899032533973e+01 -2.358592224568512563e+01 -2.296151196233256542e+01 -2.421033252903768584e+01
1.266959570443492211e+01 -2.358694548503201815e+01 -2.296836912774977790e+01 -2.420552184231425841e+01
1.267778241854450272e+01 -2.359108453841347597e+01 -2.310494601711802076e+01 -2.407722305970893117e+01
1.268596913265408510e+01 -2.359708645569441643e+01 -2.311037717499792166e+01 -2.408379573639091120e+01
1.269415584676366748e+01 -2.359767842494466095e+01 -2.311025146904633587e+01 -2.408510538084298602e+01
1.270234256087324987e+01 -2.359819179643178089e+01 -2.311012070946180685e+01 -2.408626288340175492e+01
1.271052927498283225e+01 -2.359864524313760370e+01 -2.311000639107544075e+01 -2.408728409519976665e+01
1.271871598909241285e+01 -2.359908448670529069e+01 -2.310995821380583237e+01 -2.408821075960474900e+01
1.272690270320199524e+01 -2.359944388506442081e+01 -2.310994995809767971e+01 -2.408893781203116191e+01
1.273508941731157762e+01 -2.359976005334796412e+01 -2.310997504614383047e+01 -2.408954506055209777e+01
1.274327613142115823e+01 -2.360004320832389979e+01 -2.311003162808697198e+01 -2.409005478856082760e+01
1.275146284553074061e+01 -2.360029332243891531e+01 -2.311013554677239057e+01 -2.409045109810544005e+01
1.275964955964032299e+01 -2.360051277242577683e+01 -2.311025251809140002e+01 -2.409077302676015364e+01
1.276783627374990360e+01 -2.360070287300208491e+01 -2.311036568381888756e+01 -2.409104006218528227e+01
1.277602298785948598e+01 -2.360086357135914170e+01 -2.311031247730660354e+01 -2.409141466541167986e+01
1.278420970196906836e+01 -2.360099937990519336e+01 -2.311012394683416460e+01 -2.409187481297622213e+01
1.279239641607865074e+01 -2.360111746039585867e+01 -2.310991098959901180e+01 -2.409232393119270554e+01
1.280058313018823135e+01 -2.360122582214461318e+01 -2.310968201923646248e+01 -2.409276962505276387e+01
1.280876984429781373e+01 -2.360132413218734015e+01 -2.310942741494569219e+01 -2.409322084942898812e+01
1.281695655840739612e+01 -2.360141526457743311e+01 -2.310915585939216044e+01 -2.409367466976270578e+01
1.282514327251697850e+01 -2.360150109248293404e+01 -2.310886623495686720e+01 -2.409413595000900088e+01
1.283332998662655910e+01 -2.360157497981909458e+01 -2.310870083153035992e+01 -2.409444912810782924e+01
1.284151670073614149e+01 -2.360164056643357711e+01 -2.310861871970294601e+01 -2.409466241316420820e+01
1.284970341484572387e+01 -2.360170172223994811e+01 -2.310858856712610532e+01 -2.409481487735379091e+01
1.285789012895530448e+01 -2.360175997148126115e+01 -2.310859316325852220e+01 -2.409492677970400010e+01
1.286607684306488686e+01 -2.360181626552214595e+01 -2.310859696014987108e+01 -2.409503557089442083e+01
1.287426355717446924e+01 -2.360187079712386193e+01 -2.310860003978162425e+01 -2.409514155446609962e+01
1.288245027128404985e+01 -2.360192449183130847e+01 -2.310860497179392326e+01 -2.409524401186869369e+01
1.289063698539363223e+01 -2.360197613561690844e+01 -2.310862774289357802e+01 -2.409532452834023886e+01
1.289882369950321461e+01 -2.360202599841348103e+01 -2.310865118278837471e+01 -2.409540081403858736e+01
1.290701041361279700e+01 -2.360207461559617315e+01 -2.310867553255949502e+01 -2.409547369863285127e+01
1.291519712772237938e+01 -2.360212230319278603e+01 -2.310869966766840378e+01 -2.409554493871716829e+01
1.292338384183195998e+01 -2.360216979489329248e+01 -2.310872405886411585e+01 -2.409561553092246911e+01
1.293157055594154237e+01 -2.360221443400753571e+01 -2.310874610002366225e+01 -2.409568276799140918e+01
1.293975727005112475e+01 -2.360225713900179656e+01 -2.310876666295881421e+01 -2.409574761504477891e+01
1.294794398416070536e+01 -2.360229980652801984e+01 -2.310878970541984856e+01 -2.409580990763619113e+01
1.295613069827028774e+01 -2.360234185618424618e+01 -2.310881683232684836e+01 -2.409586688004164401e+01
1.296431741237987012e+01 -2.360238315164104961e+01 -2.310884552508599654e+01 -2.409592077819610267e+01
1.297250412648945073e+01 -2.360242382203164269e+01 -2.310887383519749250e+01 -2.409597380886579288e+01
1.298069084059903311e+01 -2.360246410121160210e+01 -2.310890206072660291e+01 -2.409602614169660129e+01
1.298887755470861549e+01 -2.360250243602651565e+01 -2.310892856839402754e+01 -2.409607630365900377e+01
1.299706426881819787e+01 -2.360253902065782938e+01 -2.310895359360223722e+01 -2.409612444771342155e+01
1.300525098292778026e+01 -2.360257376538950780e+01 -2.310897702949314336e+01 -2.409617050128587223e+01
1.301343769703736086e+01 -2.360260670101931524e+01 -2.310899887769591743e+01 -2.409621452434271305e+01
1.302162441114694325e+01 -2.360263830783651073e+01 -2.310901964386653873e+01 -2.409625697180648274e+01
1.302981112525652563e+01 -2.360266902780250575e+01 -2.310903975148877265e+01 -2.409629830411623885e+01
1.303799783936610623e+01 -2.360269909405285205e+01 -2.310905941677536646e+01 -2.409633877133033764e+01
1.304618455347568862e+01 -2.360274327061697264e+01 -2.310909342987305592e+01 -2.409639311136088935e+01
1.305437126758527100e+01 -2.360282063274548037e+01 -2.310916084728903996e+01 -2.409648041820192077e+01
1.306255798169485161e+01 -2.360284914666930689e+01 -2.310917961019959677e+01 -2.409651868313901701e+01
1.307074469580443399e+01 -2.360287708391978612e+01 -2.310919805253754689e+01 -2.409655611530202535e+01
1.307893140991401637e+01 -2.360290479363438720e+01 -2.310921644862395397e+01 -2.409659313864482044e+01
1.308711812402359698e+01 -2.360293211462603935e+01 -2.310923467094590222e+01 -2.409662955830617648e+01
1.309530483813317936e+01 -2.360295916238017710e+01 -2.310925282618372023e+01 -2.409666549857663398e+01
1.310349155224276174e+01 -2.360298618106095603e+01 -2.310927113224074247e+01 -2.409670122988116958e+01
1.311167826635234412e+01 -2.360301334882498736e+01 -2.310928978680462365e+01 -2.409673691084535108e+01
1.311986498046192651e+01 -2.360304060703682794e+01 -2.310930871867874714e+01 -2.409677249539490873e+01
1.312805169457150711e+01 -2.360306787510550564e+01 -2.310932783047695338e+01 -2.409680791973405789e+01
1.313623840868108950e+01 -2.360309517546659208e+01 -2.310934731870085912e+01 -2.409684303223232504e+01
1.314442512279067188e+01 -2.360312250968564740e+01 -2.310936794409125739e+01 -2.409687707528003742e+01
1.315261183690025248e+01 -2.360315056097547171e+01 -2.310939218459494526e+01 -2.409690893735599815e+01
1.316079855100983487e+01 -2.360317961229545958e+01 -2.310941753027640644e+01 -2.409694169431451272e+01
1.316898526511941725e+01 -2.360321389703312178e+01 -2.310944818239355314e+01 -2.409697961167269042e+01
1.317717197922899786e+01 -2.360325140752997797e+01 -2.310948214615993379e+01 -2.409702066890002214e+01
1.318535869333858024e+01 -2.360329070326325507e+01 -2.310951797908287730e+01 -2.409706342744363283e+01
1.319354540744816262e+01 -2.360333127733943215e+01 -2.310955516238346164e+01 -2.409710739229540266e+01
1.320173212155774500e+01 -2.360337290327576909e+01 -2.310959347722733170e+01 -2.409715232932420648e+01
1.320991883566732739e+01 -2.360341540054886522e+01 -2.310963273965695919e+01 -2.409719806144077126e+01
1.321810554977690799e+01 -2.360345774300161281e+01 -2.310967163062782603e+01 -2.409724385537539959e+01
1.322629226388649037e+01 -2.360349734635636665e+01 -2.310970658306393233e+01 -2.409728810964880097e+01
1.323447897799607276e+01 -2.360353198528476071e+01 -2.310973428336009761e+01 -2.409732968720942381e+01
1.324266569210565336e+01 -2.360356565293887954e+01 -2.310976115168214662e+01 -2.409737015419561246e+01
1.325085240621523575e+01 -2.360360185387852994e+01 -2.310979075178171271e+01 -2.409741295597534716e+01
1.325903912032481813e+01 -2.360363940330951849e+01 -2.310982183395980627e+01 -2.409745697265923070e+01
1.326722583443439873e+01 -2.360367810112044751e+01 -2.310985422124686295e+01 -2.409750198099403207e+01
1.327541254854398112e+01 -2.360371826939149287e+01 -2.310988823553568494e+01 -2.409754830324730079e+01
1.328359926265356350e+01 -2.360376008080668697e+01 -2.310992402586491679e+01 -2.409759613574845716e+01
1.329178597676314588e+01 -2.360380261829466519e+01 -2.310996068815516580e+01 -2.409764454843416459e+01
1.329997269087272826e+01 -2.360384565730156936e+01 -2.310999799452046233e+01 -2.409769332008267639e+01
1.330815940498230887e+01 -2.360388917133860431e+01 -2.311003590216644810e+01 -2.409774244051076053e+01
1.331634611909189125e+01 -2.360393176941396476e+01 -2.311007303528288404e+01 -2.409779050354504548e+01
1.332453283320147364e+01 -2.360397155799080693e+01 -2.311010749500888650e+01 -2.409783562097272736e+01
1.333271954731105424e+01 -2.360400080285381108e+01 -2.311013151907054208e+01 -2.409787008663708008e+01
1.334090626142063662e+01 -2.360402269881400628e+01 -2.311014835587292637e+01 -2.409789704175508618e+01
1.334909297553021901e+01 -2.360404340889629538e+01 -2.311016411356884248e+01 -2.409792270422374827e+01
1.335727968963979961e+01 -2.360406372837316269e+01 -2.311017960449102304e+01 -2.409794785225530234e+01
1.336546640374938200e+01 -2.360408353878601062e+01 -2.311019471219593768e+01 -2.409797236537608356e+01
1.337365311785896438e+01 -2.360410281206053185e+01 -2.311020938843926587e+01 -2.409799623568179783e+01
1.338183983196854498e+01 -2.360412165953224317e+01 -2.311022375385394412e+01 -2.409801956521054223e+01
1.339002654607812737e+01 -2.360414032621244473e+01 -2.311023805311494073e+01 -2.409804259930994874e+01
1.339821326018770975e+01 -2.360415901400419614e+01 -2.311025247370335833e+01 -2.409806555430503394e+01
1.340639997429729213e+01 -2.360417761701547334e+01 -2.311026692119229864e+01 -2.409808831283864805e+01
1.341458668840687452e+01 -2.360419582236070113e+01 -2.311028107179873459e+01 -2.409811057292266767e+01
1.342277340251645512e+01 -2.360421358680383364e+01 -2.311029477876994420e+01 -2.409813239483772307e+01
1.343096011662603750e+01 -2.360423116207909544e+01 -2.311030399955020087e+01 -2.409815832460799001e+01
1.343914683073561989e+01 -2.360424887628725799e+01 -2.311031350553859909e+01 -2.409818424703591688e+01
1.344733354484520049e+01 -2.360426642686890730e+01 -2.311032306009950332e+01 -2.409820979363831128e+01
1.345552025895478288e+01 -2.360428360750485410e+01 -2.311033246401272478e+01 -2.409823475099698342e+01
1.346370697306436526e+01 -2.360430087633417529e+01 -2.311034213843815976e+01 -2.409825961423019081e+01
1.347189368717394586e+01 -2.360431825964271013e+01 -2.311035212362723357e+01 -2.409828439565818670e+01
1.348008040128352825e+01 -2.360433601419241256e+01 -2.311036332206989385e+01 -2.409830870631493127e+01
1.348826711539311063e+01 -2.360436293180014999e+01 -2.311038599305508967e+01 -2.409833987054521032e+01
1.349645382950269301e+01 -2.360440580346085682e+01 -2.311042759474836927e+01 -2.409838401217334436e+01
1.350464054361227539e+01 -2.360442207471080422e+01 -2.311044263170772339e+01 -2.409840151771388506e+01
1.351282725772185600e+01 -2.360443840076509048e+01 -2.311045775076048514e+01 -2.409841905076969582e+01
1.352101397183143838e+01 -2.360445402629494538e+01 -2.311047220961958715e+01 -2.409843584297030361e+01
1.352920068594102077e+01 -2.360446949764475022e+01 -2.311048654195987240e+01 -2.409845245332962804e+01
1.353738740005060137e+01 -2.360448487694372943e+01 -2.311050081272439627e+01 -2.409846894116306260e+01
1.354557411416018375e+01 -2.360450006729516659e+01 -2.311051492663970208e+01 -2.409848520795063109e+01
1.355376082826976614e+01 -2.360451505561496077e+01 -2.311052886521224892e+01 -2.409850124601767263e+01
1.356194754237934674e+01 -2.360452960520606780e+01 -2.311054239331051008e+01 -2.409851681710162552e+01
1.357013425648892913e+01 -2.360454377151999239e+01 -2.311055556747969675e+01 -2.409853197556028803e+01
1.357832097059851151e+01 -2.360455802408969816e+01 -2.311056885310060593e+01 -2.409854719507879039e+01
1.358650768470809389e+01 -2.360457245150761452e+01 -2.311058234100630315e+01 -2.409856256200892588e+01
1.359469439881767450e+01 -2.360458686286339969e+01 -2.311059584101078812e+01 -2.409857788471601125e+01
1.360288111292725688e+01 -2.360460139022803361e+01 -2.311060947822340594e+01 -2.409859330223266127e+01
1.361106782703683926e+01 -2.360461599120728593e+01 -2.311062321985661328e+01 -2.409860876255795858e+01
1.361925454114642164e+01 -2.360463080992452589e+01 -2.311063720117654441e+01 -2.409862441867250737e+01
1.362744125525600225e+01 -2.360464592463442202e+01 -2.311065150187926065e+01 -2.409864034738958338e+01
1.363562796936558463e+01 -2.360466116176431228e+01 -2.311066594992456658e+01 -2.409865637360405799e+01
1.364381468347516702e+01 -2.360467663489535184e+01 -2.311068065461074994e+01 -2.409867261517995374e+01
1.365200139758474762e+01 -2.360469219260927787e+01 -2.311069546538536557e+01 -2.409868891983319017e+01
1.366018811169433000e+01 -2.360470766767989304e+01 -2.311071021634085554e+01 -2.409870511901893053e+01
1.366837482580391239e+01 -2.360472316315357943e+01 -2.311072500716801414e+01 -2.409872131913914473e+01
1.367656153991349299e+01 -2.360473859924724493e+01 -2.311073975949880577e+01 -2.409873743899568410e+01
1.368474825402307538e+01 -2.360475414512128722e+01 -2.311075450449893154e+01 -2.409875378574364291e+01
1.369293496813265776e+01 -2.360476981340286784e+01 -2.311076652740702286e+01 -2.409877309939871282e+01
1.370112168224224014e+01 -2.360478516621855505e+01 -2.311077513792440641e+01 -2.409879519451270369e+01
1.370930839635182252e+01 -2.360480034379196468e+01 -2.311078356747231055e+01 -2.409881712011161881e+01
1.371749511046140313e+01 -2.360481518676707324e+01 -2.311079185932334212e+01 -2.409883851421080436e+01
1.372568182457098551e+01 -2.360482964599676237e+01 -2.311079997983757295e+01 -2.409885931215595178e+01
1.373386853868056789e+01 -2.360484381624947758e+01 -2.311080798745777898e+01 -2.409887964504117619e+01
1.374205525279014850e+01 -2.360485772528980419e+01 -2.311081591395186763e+01 -2.409889953662774076e+01
1.375024196689973088e+01 -2.360487131039920428e+01 -2.311082371167312388e+01 -2.409891890912528467e+01
1.375842868100931327e+01 -2.360488454887899579e+01 -2.311083132890291836e+01 -2.409893776885507322e+01
1.376661539511889387e+01 -2.360489745702529518e+01 -2.311083879056409529e+01 -2.409895612348649507e+01
1.377480210922847625e+01 -2.360490992043402159e+01 -2.311084599514102678e+01 -2.409897384572701640e+01
1.378298882333805864e+01 -2.360492205865637771e+01 -2.311085301174127693e+01 -2.409899110557147850e+01
1.379117553744764102e+01 -2.360493382983198529e+01 -2.311085985265093967e+01 -2.409900780701303091e+01
1.379936225155722340e+01 -2.360494529232603966e+01 -2.311086653107189548e+01 -2.409902405358018385e+01
1.380754896566680401e+01 -2.360495640976564147e+01 -2.311087301138470451e+01 -2.409903980814657842e+01
1.381573567977638639e+01 -2.360496714446112421e+01 -2.311087926859743291e+01 -2.409905502032481550e+01
1.382392239388596877e+01 -2.360497756085688792e+01 -2.311088534027448205e+01 -2.409906978143929379e+01
1.383210910799554938e+01 -2.360498765827686896e+01 -2.311089122602177781e+01 -2.409908409053196010e+01
1.384029582210513176e+01 -2.360499740400455693e+01 -2.311089690676897845e+01 -2.409909790124013540e+01
1.384848253621471414e+01 -2.360500686106383839e+01 -2.311090242331357558e+01 -2.409911129881410119e+01
1.385666925032429475e+01 -2.360501605195042885e+01 -2.311090780216832741e+01 -2.409912430173253028e+01
1.386485596443387713e+01 -2.360502495810350609e+01 -2.311091303772933969e+01 -2.409913687847767250e+01
1.387304267854345952e+01 -2.360503369302174193e+01 -2.311091820468560343e+01 -2.409914918135788042e+01
1.388122939265304012e+01 -2.360504218280782496e+01 -2.311092326545753295e+01 -2.409916110015811697e+01
1.388941610676262428e+01 -2.360505047425296965e+01 -2.311092823793120132e+01 -2.409917271057473798e+01
1.389760282087220489e+01 -2.360505851164999314e+01 -2.311093306408006143e+01 -2.409918395921992484e+01
1.390578953498178727e+01 -2.360506625481027854e+01 -2.311093771355103499e+01 -2.409919479606952208e+01
1.391397624909136965e+01 -2.360507380899614205e+01 -2.311094227204661067e+01 -2.409920534594567343e+01
1.392216296320095026e+01 -2.360508117760751290e+01 -2.311094674112486658e+01 -2.409921561409015922e+01
1.393034967731053264e+01 -2.360508827494106399e+01 -2.311095104710996750e+01 -2.409922550277216047e+01
1.393853639142011502e+01 -2.360509513865829234e+01 -2.311095521135896647e+01 -2.409923506595761822e+01
1.394672310552969563e+01 -2.360510176645291125e+01 -2.311095923247262718e+01 -2.409924430043319532e+01
1.395490981963927801e+01 -2.360510812892498222e+01 -2.311096309261386494e+01 -2.409925316523609951e+01
1.450000000000000000e+01 -2.360510812892498222e+01 -2.311096309261386494e+01 -2.409925316523609951e+01
