# # Muv, logPhi, -err(logPhi), +err(logPhi)
-3.000000000000000000e+01 -1.643521294214214734e+01 -1.696124140737054020e+01 -1.590918447691375448e+01
-2.989898989898989967e+01 -1.630846625340934253e+01 -1.682014126122862763e+01 -1.579679124559005743e+01
-2.979797979797979579e+01 -1.618052319326624300e+01 -1.667749703236351166e+01 -1.568354935416897611e+01
-2.969696969696969546e+01 -1.605709245817327613e+01 -1.654037506946746561e+01 -1.557380984687908843e+01
-2.959595959595959869e+01 -1.593233070216130542e+01 -1.640156892574212577e+01 -1.546309247858048508e+01
-2.949494949494949481e+01 -1.581134911372223151e+01 -1.626735606627921982e+01 -1.535534216116524497e+01
-2.939393939393939448e+01 -1.569061537812944174e+01 -1.613341702542388489e+01 -1.524781373083499680e+01
-2.929292929292929060e+01 -1.557217589706298888e+01 -1.600223173298613588e+01 -1.514212006113984010e+01
-2.919191919191919027e+01 -1.545535572117871936e+01 -1.587300022055386606e+01 -1.503771122180357267e+01
-2.909090909090909349e+01 -1.533954008281274284e+01 -1.574494475772599245e+01 -1.493413540789949323e+01
-2.898989898989898961e+01 -1.522652802789226989e+01 -1.562027526279945633e+01 -1.483278079298508345e+01
-2.888888888888888928e+01 -1.511340745885618375e+01 -1.549543703975511200e+01 -1.473137787795725551e+01
-2.878787878787878896e+01 -1.500410563026101940e+01 -1.537519573884213209e+01 -1.463301552167990671e+01
-2.868686868686868507e+01 -1.489374141150406139e+01 -1.525364837503093263e+01 -1.453383444797719015e+01
-2.858585858585858475e+01 -1.478707494929004618e+01 -1.513653121656074596e+01 -1.443761868201934639e+01
-2.848484848484848442e+01 -1.468050206482197595e+01 -1.501951524401177451e+01 -1.434148888563217739e+01
-2.838383838383838054e+01 -1.457648565030203613e+01 -1.490554147813482366e+01 -1.424742982246924861e+01
-2.828282828282828376e+01 -1.447364546482836900e+01 -1.479296968049663263e+01 -1.415432124916010537e+01
-2.818181818181818343e+01 -1.437233350121566211e+01 -1.468220462635556700e+01 -1.406246237607575722e+01
-2.808080808080807955e+01 -1.427312280155264723e+01 -1.457393820590698752e+01 -1.397230739719830694e+01
-2.797979797979797922e+01 -1.417455900007816716e+01 -1.446643268976599117e+01 -1.388268531039034315e+01
-2.787878787878788245e+01 -1.407887966395884938e+01 -1.436234081805467966e+01 -1.379541850986301910e+01
-2.777777777777777857e+01 -1.398309744084317074e+01 -1.425813190588537971e+01 -1.370806297580096178e+01
-2.767676767676767824e+01 -1.389043926517061855e+01 -1.415760275512452715e+01 -1.362327577521670996e+01
-2.757575757575757791e+01 -1.379787810597558106e+01 -1.405720159305859518e+01 -1.353855461889256695e+01
-2.747474747474747403e+01 -1.370789233347059799e+01 -1.395982240627748006e+01 -1.345596226066371592e+01
-2.737373737373737370e+01 -1.361882350602273029e+01 -1.386353310152070861e+01 -1.337411391052475196e+01
-2.727272727272726982e+01 -1.353153177550007413e+01 -1.376932618995910396e+01 -1.329373736104104431e+01
-2.717171717171716949e+01 -1.344584866488498953e+01 -1.367700883991349059e+01 -1.321468848985648847e+01
-2.707070707070707272e+01 -1.336126169670326291e+01 -1.358598216358248223e+01 -1.313654122982404360e+01
-2.696969696969696884e+01 -1.327886045247647218e+01 -1.349750137907756020e+01 -1.306021952587538415e+01
-2.686868686868686851e+01 -1.319697835467293601e+01 -1.340964908987528048e+01 -1.298430761947059153e+01
-2.676767676767676818e+01 -1.311768554389762720e+01 -1.332479135028170525e+01 -1.291057973751354915e+01
-2.666666666666666430e+01 -1.303856949453601999e+01 -1.324017553977863493e+01 -1.283696344929340505e+01
-2.656565656565656752e+01 -1.296185776092894848e+01 -1.315833011782141782e+01 -1.276538540403647914e+01
-2.646464646464646364e+01 -1.288591376383583587e+01 -1.307739912669521587e+01 -1.269442840097645586e+01
-2.636363636363636331e+01 -1.281176752749399306e+01 -1.299854046584079015e+01 -1.262499458914719597e+01
-2.626262626262626299e+01 -1.273888021765082890e+01 -1.292114588843758760e+01 -1.255661454686407019e+01
-2.616161616161615910e+01 -1.266727306096463401e+01 -1.284523460047447330e+01 -1.248931152145479473e+01
-2.606060606060605878e+01 -1.259732792849813166e+01 -1.277122983916414256e+01 -1.242342601783212075e+01
-2.595959595959595845e+01 -1.252822296790268908e+01 -1.269854289461502006e+01 -1.235790304119035810e+01
-2.585858585858585457e+01 -1.246110571910107367e+01 -1.262859510552436504e+01 -1.229361633267778231e+01
-2.575757575757575779e+01 -1.239445599255844321e+01 -1.255920401007232279e+01 -1.222970797504456364e+01
-2.565656565656565746e+01 -1.232980156479083078e+01 -1.249201033356894008e+01 -1.216759279601272148e+01
-2.555555555555555358e+01 -1.226580093166602836e+01 -1.242557091775480593e+01 -1.210603094557725079e+01
-2.545454545454545325e+01 -1.220344731383286430e+01 -1.236094472186915638e+01 -1.204594990579657221e+01
-2.535353535353535648e+01 -1.214207673775558938e+01 -1.229741917999168166e+01 -1.198673429551949710e+01
-2.525252525252525260e+01 -1.208196026706382042e+01 -1.223559810441753548e+01 -1.192832242971010537e+01
-2.515151515151515227e+01 -1.202309283360540704e+01 -1.217568385287771626e+01 -1.187050181433309781e+01
-2.505050505050505194e+01 -1.196514090755192683e+01 -1.211674070649916324e+01 -1.181354110860469042e+01
-2.494949494949494806e+01 -1.190864965886046534e+01 -1.205932809160150576e+01 -1.175797122611942491e+01
-2.484848484848484773e+01 -1.185278152858694867e+01 -1.200258297953216413e+01 -1.170298007764173320e+01
-2.474747474747474740e+01 -1.179846588892501735e+01 -1.194745778003542469e+01 -1.164947399781461002e+01
-2.464646464646464352e+01 -1.174466713134196638e+01 -1.189288855703310688e+01 -1.159644570565082589e+01
-2.454545454545454675e+01 -1.169225832887488359e+01 -1.183976766846873474e+01 -1.154474898928103244e+01
-2.444444444444444642e+01 -1.164057658868736489e+01 -1.178741483869220552e+01 -1.149373833868252426e+01
-2.434343434343434254e+01 -1.158998221751945579e+01 -1.173619624472881995e+01 -1.144376819031009163e+01
-2.424242424242424221e+01 -1.154028406801722006e+01 -1.168591461333780224e+01 -1.139465352269663789e+01
-2.414141414141414543e+01 -1.149140670630223404e+01 -1.163649111766116029e+01 -1.134632229494330780e+01
-2.404040404040404155e+01 -1.144356069234028439e+01 -1.158813793732167596e+01 -1.129898344735889282e+01
-2.393939393939394122e+01 -1.139629920829177046e+01 -1.154039863291155932e+01 -1.125219978367198159e+01
-2.383838383838383734e+01 -1.135017640353206048e+01 -1.149383422206222960e+01 -1.120651858500189135e+01
-2.373737373737373701e+01 -1.130442731996005357e+01 -1.144766601289721386e+01 -1.116118862702289327e+01
-2.363636363636363313e+01 -1.125975786374012344e+01 -1.140260837598537158e+01 -1.111690735149487530e+01
-2.353535353535353281e+01 -1.121556086201165137e+01 -1.135804360533220425e+01 -1.107307811869109848e+01
-2.343434343434343248e+01 -1.117222477806657288e+01 -1.131436356157563949e+01 -1.103008599455750627e+01
-2.333333333333332860e+01 -1.112947396515068732e+01 -1.127128715462893638e+01 -1.098766077567243826e+01
-2.323232323232323182e+01 -1.108737051933515971e+01 -1.122887549586019951e+01 -1.094586554281011992e+01
-2.313131313131313149e+01 -1.104594711762447545e+01 -1.118716000344239347e+01 -1.090473423180655743e+01
-2.303030303030302761e+01 -1.100497765777822501e+01 -1.114591015429336096e+01 -1.086404516126308906e+01
-2.292929292929292728e+01 -1.096476908806828732e+01 -1.110543513178313546e+01 -1.082410304435343917e+01
-2.282828282828283051e+01 -1.092483823603311777e+01 -1.106524441422641303e+01 -1.078443205783982251e+01
-2.272727272727272663e+01 -1.088567724734948250e+01 -1.102583479521722687e+01 -1.074551969948173813e+01
-2.262626262626262630e+01 -1.084675531954326999e+01 -1.098666765867647754e+01 -1.070684298041006244e+01
-2.252525252525252597e+01 -1.080848529480141629e+01 -1.094815976927938195e+01 -1.066881082032345063e+01
-2.242424242424242209e+01 -1.077054423682971418e+01 -1.090998303876289910e+01 -1.063110543489652926e+01
-2.232323232323232176e+01 -1.073308343958635369e+01 -1.087228962834547552e+01 -1.059387725082723186e+01
-2.222222222222222143e+01 -1.069603346610395711e+01 -1.083500836163358727e+01 -1.055705857057432695e+01
-2.212121212121211755e+01 -1.065930595175647255e+01 -1.079804868283605046e+01 -1.052056322067689464e+01
-2.202020202020202078e+01 -1.062306514861100837e+01 -1.076157659681851264e+01 -1.048455370040350410e+01
-2.191919191919192045e+01 -1.058700107639729993e+01 -1.072527673054157660e+01 -1.044872542225302325e+01
-2.181818181818181657e+01 -1.055148772080558395e+01 -1.068952838258229754e+01 -1.041344705902887036e+01
-2.171717171717171624e+01 -1.051603097127208386e+01 -1.065382899486921886e+01 -1.037823294767494886e+01
-2.161616161616161946e+01 -1.048107999107675958e+01 -1.061863475160209269e+01 -1.034352523055142647e+01
-2.151515151515151558e+01 -1.044627132922355450e+01 -1.058357576425559188e+01 -1.030896689419151713e+01
-2.141414141414141525e+01 -1.041182890914682169e+01 -1.054887963033699272e+01 -1.027477818795665065e+01
-2.131313131313131493e+01 -1.037761073997328864e+01 -1.051440178745124676e+01 -1.024081969249533053e+01
-2.121212121212121104e+01 -1.034362871154382901e+01 -1.048015421903219213e+01 -1.020710320405546589e+01
-2.111111111111111072e+01 -1.030994985516702123e+01 -1.044620548146163230e+01 -1.017369422887241015e+01
-2.101010101010100684e+01 -1.027638532326004928e+01 -1.041236304493891751e+01 -1.014040760158118104e+01
-2.090909090909090651e+01 -1.024320042305965117e+01 -1.037889800499968374e+01 -1.010750284111961861e+01
-2.080808080808080973e+01 -1.021001533093379621e+01 -1.034542296424698193e+01 -1.007460769762061048e+01
-2.070707070707070585e+01 -1.017722090656991618e+01 -1.031233752910990376e+01 -1.004210428402992861e+01
-2.060606060606060552e+01 -1.014444492131379505e+01 -1.027926209679929137e+01 -1.000962774582829873e+01
-2.050505050505050164e+01 -1.011197575790638936e+01 -1.024649190527511955e+01 -9.977459610537659174e+00
-2.040404040404040131e+01 -1.007960883444716949e+01 -1.021381872396818657e+01 -9.945398944926152396e+00
-2.030303030303030454e+01 -1.004743727331593561e+01 -1.018133848639701178e+01 -9.913536060234859448e+00
-2.020202020202020066e+01 -1.001544936930090302e+01 -1.014904017209698495e+01 -9.881858566504821084e+00
-2.010101010101010033e+01 -9.983550965989886450e+00 -1.011682852904282903e+01 -9.850273402936943867e+00
-2.000000000000000000e+01 -9.951915467444649721e+00 -1.008488169839261239e+01 -9.818949236496687050e+00
