# # Muv, logPhi, -err(logPhi), +err(logPhi)
-3.000000000000000000e+01 -1.477352349170657320e+01 -1.602387077005822746e+01 -1.352317621335491893e+01
-2.989898989898989967e+01 -1.453129180756323180e+01 -1.572938093476695798e+01 -1.333320268035950562e+01
-2.979797979797979579e+01 -1.428124164675568863e+01 -1.542265758163411071e+01 -1.313982571187726656e+01
-2.969696969696969546e+01 -1.404539496991731440e+01 -1.513690304407710485e+01 -1.295388689575752394e+01
-2.959595959595959869e+01 -1.380164856399941620e+01 -1.483922823650684997e+01 -1.276406889149198243e+01
-2.949494949494949481e+01 -1.356900023282841694e+01 -1.455752468395499122e+01 -1.258047578170184266e+01
-2.939393939393939448e+01 -1.333476495761430058e+01 -1.427351828551990742e+01 -1.239601162970869375e+01
-2.929292929292929060e+01 -1.310584572903227141e+01 -1.399677004204789021e+01 -1.221492141601665260e+01
-2.919191919191919027e+01 -1.288065152135304281e+01 -1.372552120963024436e+01 -1.203578183307584126e+01
-2.909090909090909349e+01 -1.265594161927937300e+01 -1.345449731288629991e+01 -1.185738592567244609e+01
-2.898989898989898961e+01 -1.243940792908970039e+01 -1.319528288556220907e+01 -1.168353297261719170e+01
-2.888888888888888928e+01 -1.221935030787735954e+01 -1.293065294823470524e+01 -1.150804766752001385e+01
-2.878787878787878896e+01 -1.201117197082985477e+01 -1.268289747765730091e+01 -1.133944646400240863e+01
-2.868686868686868507e+01 -1.179618234190624015e+01 -1.242525732302338071e+01 -1.116710736078909960e+01
-2.858585858585858475e+01 -1.159241760680047229e+01 -1.218329720491935220e+01 -1.100153800868159237e+01
-2.848484848484848442e+01 -1.138659242330636445e+01 -1.193839378671436791e+01 -1.083479105989836100e+01
-2.838383838383838054e+01 -1.118757445259595684e+01 -1.170275036297237214e+01 -1.067239854221954154e+01
-2.828282828282828376e+01 -1.099077491605165946e+01 -1.147019930214710648e+01 -1.051135052995621244e+01
-2.818181818181818343e+01 -1.079699411178020974e+01 -1.124157574421509054e+01 -1.035241247934532893e+01
-2.808080808080807955e+01 -1.060895845218179545e+01 -1.102085555488842950e+01 -1.019706134947516141e+01
-2.797979797979797922e+01 -1.042087386850645991e+01 -1.079987892658201964e+01 -1.004186881043090018e+01
-2.787878787878788245e+01 -1.024139946988974970e+01 -1.059057991069763993e+01 -9.892219029081859460e+00
-2.777777777777777857e+01 -1.005944271402173662e+01 -1.037781551657496770e+01 -9.741069911468505538e+00
-2.767676767676767824e+01 -9.886882969053152337e+00 -1.017762218338757130e+01 -9.596143754718733376e+00
-2.757575757575757791e+01 -9.712951559539188651e+00 -9.975576423759100919e+00 -9.450326695319276382e+00
-2.747474747474747403e+01 -9.546395270204905970e+00 -9.783255399073990333e+00 -9.309535141335821606e+00
-2.737373737373737370e+01 -9.381663258067602484e+00 -9.593374269122273645e+00 -9.169952247012931323e+00
-2.727272727272726982e+01 -9.221566216340937316e+00 -9.412220524047642201e+00 -9.030911908634232432e+00
-2.717171717171716949e+01 -9.065842709360019569e+00 -9.240883029491383738e+00 -8.890802389228655400e+00
-2.707070707070707272e+01 -8.912618010625998011e+00 -9.074725160323550810e+00 -8.750510860928445211e+00
-2.696969696969696884e+01 -8.765747351426320222e+00 -8.925177004957747684e+00 -8.606317697894892760e+00
-2.686868686868686851e+01 -8.619765937670081257e+00 -8.777341004903576049e+00 -8.462190870436586465e+00
-2.676767676767676818e+01 -8.481398333411554802e+00 -8.637310384116920758e+00 -8.325486282706188845e+00
-2.666666666666666430e+01 -8.343208705028041905e+00 -8.497468955034641169e+00 -8.188948455021442641e+00
-2.656565656565656752e+01 -8.212026926531702742e+00 -8.366849631670500997e+00 -8.057204221392904486e+00
-2.646464646464646364e+01 -8.083119981898958528e+00 -8.243457083370000049e+00 -7.922782880427916119e+00
-2.636363636363636331e+01 -7.959454119629690183e+00 -8.124807870669291887e+00 -7.794100368590089367e+00
-2.626262626262626299e+01 -7.839641067640405581e+00 -8.010848667174165882e+00 -7.668433468106646167e+00
-2.616161616161615910e+01 -7.723766344979337006e+00 -7.905633761258695102e+00 -7.541898928699978910e+00
-2.606060606060605878e+01 -7.612874546553324961e+00 -7.804124937843535115e+00 -7.421624155263114808e+00
-2.595959595959595845e+01 -7.505012285013886064e+00 -7.704664243442404192e+00 -7.305360326585367936e+00
-2.585858585858585457e+01 -7.402878723906473724e+00 -7.609613358570413766e+00 -7.196144089242533681e+00
-2.575757575757575779e+01 -7.303196874030668972e+00 -7.516057520034790329e+00 -7.090336228026547616e+00
-2.565656565656565746e+01 -7.209193468814217631e+00 -7.426939734464080622e+00 -6.991447203164354640e+00
-2.555555555555555358e+01 -7.118275882103429097e+00 -7.339851228135510830e+00 -6.896700536071347365e+00
-2.545454545454545325e+01 -7.032305959196792244e+00 -7.256582892322898992e+00 -6.808029026070685497e+00
-2.535353535353535648e+01 -6.950150751605630894e+00 -7.176040894075471854e+00 -6.724260609135789934e+00
-2.525252525252525260e+01 -6.872288022187660772e+00 -7.098709653004132036e+00 -6.645866391371189508e+00
-2.515151515151515227e+01 -6.798663363109661795e+00 -7.024581030833047635e+00 -6.572745695386275955e+00
-2.505050505050505194e+01 -6.728921392699184878e+00 -6.953239919488888532e+00 -6.504602865909481224e+00
-2.494949494949494806e+01 -6.663590412967573151e+00 -6.885387570176080274e+00 -6.441793255759066028e+00
-2.484848484848484773e+01 -6.601922247760108498e+00 -6.820057917154343841e+00 -6.383786578365873154e+00
-2.474747474747474740e+01 -6.544596343176482200e+00 -6.758273073470055792e+00 -6.330919612882908609e+00
-2.464646464646464352e+01 -6.490934060745602530e+00 -6.701115908693844325e+00 -6.280752212797360734e+00
-2.454545454545454675e+01 -6.441349153601028554e+00 -6.647638986270193229e+00 -6.235059320931863880e+00
-2.444444444444444642e+01 -6.395519392020487359e+00 -6.597143937038255856e+00 -6.193894847002718862e+00
-2.434343434343434254e+01 -6.353496092928953232e+00 -6.549829278764530471e+00 -6.157162907093375992e+00
-2.424242424242424221e+01 -6.315150311042553533e+00 -6.505546085015353697e+00 -6.124754537069753368e+00
-2.414141414141414543e+01 -6.280437668454070810e+00 -6.464267898204108853e+00 -6.096607438704032766e+00
-2.404040404040404155e+01 -6.249197213017112951e+00 -6.425958791210776511e+00 -6.072435634823449391e+00
-2.393939393939394122e+01 -6.221469047059496660e+00 -6.393264803626095727e+00 -6.049673290492897593e+00
-2.383838383838383734e+01 -6.196915954248741087e+00 -6.365255762717528576e+00 -6.028576145779953599e+00
-2.373737373737373701e+01 -6.175766344437032096e+00 -6.340334814139754194e+00 -6.011197874734309998e+00
-2.363636363636363313e+01 -6.157520483829184599e+00 -6.318152819808437570e+00 -5.996888147849931627e+00
-2.353535353535353281e+01 -6.142371963088900877e+00 -6.298831143364393093e+00 -5.985912782813408661e+00
-2.343434343434343248e+01 -6.129923028505220195e+00 -6.286713254544371132e+00 -5.973132802466069258e+00
-2.333333333333332860e+01 -6.120180323478204620e+00 -6.278324315480623419e+00 -5.962036331475785822e+00
-2.323232323232323182e+01 -6.112916642095721720e+00 -6.274772423792218667e+00 -5.951060860399224772e+00
-2.313131313131313149e+01 -6.107926607132277752e+00 -6.275346434181722444e+00 -5.940506780082833060e+00
-2.303030303030302761e+01 -6.105144177566333319e+00 -6.278025657023708739e+00 -5.932262698108957899e+00
-2.292929292929292728e+01 -6.104182860736351302e+00 -6.282127618212915543e+00 -5.926238103259787060e+00
-2.282828282828283051e+01 -6.105091476095815040e+00 -6.287543664006670419e+00 -5.922639288184959661e+00
-2.272727272727272663e+01 -6.107393948867549049e+00 -6.294368066718495136e+00 -5.920419831016602963e+00
-2.262626262626262630e+01 -6.111106922478461989e+00 -6.304787703325862580e+00 -5.917426141631061398e+00
-2.252525252525252597e+01 -6.115828549676665560e+00 -6.315430860217615461e+00 -5.916226239135715659e+00
-2.242424242424242209e+01 -6.121445576992611493e+00 -6.326014085515713425e+00 -5.916877068469509560e+00
-2.232323232323232176e+01 -6.127681007544997449e+00 -6.336266476580678209e+00 -5.919095538509316690e+00
-2.222222222222222143e+01 -6.134342601029339370e+00 -6.345946448009178731e+00 -5.922738754049500010e+00
-2.212121212121211755e+01 -6.141214572709098540e+00 -6.354811264740781063e+00 -5.927617880677416018e+00
-2.202020202020202078e+01 -6.148113846529031257e+00 -6.362766518495136303e+00 -5.933461174562926210e+00
-2.191919191919192045e+01 -6.154832935431089780e+00 -6.369553523382790239e+00 -5.940112347479389321e+00
-2.181818181818181657e+01 -6.161269304151621995e+00 -6.375270988418868967e+00 -5.947267619884375023e+00
-2.171717171717171624e+01 -6.167193094059792990e+00 -6.379640819592943046e+00 -5.954745368526642935e+00
-2.161616161616161946e+01 -6.172594919810600267e+00 -6.382889083798039209e+00 -5.962300755823161325e+00
-2.151515151515151558e+01 -6.177295515733882247e+00 -6.384872012401200614e+00 -5.969719019066563881e+00
-2.141414141414141525e+01 -6.181299889151697258e+00 -6.385764568146398368e+00 -5.976835210156996148e+00
-2.131313131313131493e+01 -6.184527115936751862e+00 -6.385582622621190474e+00 -5.983471609252313250e+00
-2.121212121212121104e+01 -6.186967585056631691e+00 -6.384440175913332460e+00 -5.989494994199930922e+00
-2.111111111111111072e+01 -6.188645613020677061e+00 -6.382462938604760438e+00 -5.994828287436593683e+00
-2.101010101010100684e+01 -6.189522383756177248e+00 -6.379709443355489284e+00 -5.999335324156865212e+00
-2.090909090909090651e+01 -6.189712681199403654e+00 -6.376359657523698488e+00 -6.003065704875108821e+00
-2.080808080808080973e+01 -6.189144778220459386e+00 -6.372428902276736196e+00 -6.005860654164182577e+00
-2.070707070707070585e+01 -6.187981326306313257e+00 -6.368095354125517638e+00 -6.007867298487108876e+00
-2.060606060606060552e+01 -6.186171550110933559e+00 -6.363375202021569699e+00 -6.008967898200297419e+00
-2.050505050505050164e+01 -6.183845725938520665e+00 -6.358387739055269883e+00 -6.009303712821771448e+00
-2.040404040404040131e+01 -6.181004886682995192e+00 -6.353163800950171414e+00 -6.008845972415818970e+00
-2.030303030303030454e+01 -6.177723866417893284e+00 -6.347764964477066840e+00 -6.007682768358719727e+00
-2.020202020202020066e+01 -6.174044804787008900e+00 -6.342225952625573093e+00 -6.005863656948444707e+00
-2.010101010101010033e+01 -6.169997181192237612e+00 -6.336569122627460082e+00 -6.003425239757015142e+00
-2.000000000000000000e+01 -6.165648463638016885e+00 -6.330827289242646927e+00 -6.000469638033386843e+00
