# # Muv, logPhi, -err(logPhi), +err(logPhi)
-3.000000000000000000e+01 -1.085515420241411455e+01 -1.112009236992344618e+01 -1.059021603490478292e+01
-2.989898989898989967e+01 -1.073297934369373330e+01 -1.098455290124692496e+01 -1.048140578614054164e+01
-2.979797979797979579e+01 -1.060997050093712879e+01 -1.084793527691426895e+01 -1.037200572495998863e+01
-2.969696969696969546e+01 -1.049136809513223589e+01 -1.071666937602258685e+01 -1.026606681424188494e+01
-2.959595959595959869e+01 -1.037182970877647392e+01 -1.058424681660053501e+01 -1.015941260095241283e+01
-2.949494949494949481e+01 -1.025602620234164775e+01 -1.045634387555352873e+01 -1.005570852912976676e+01
-2.939393939393939448e+01 -1.014074120695582160e+01 -1.032904828182154588e+01 -9.952434132090097307e+00
-2.929292929292929060e+01 -1.002784479815938390e+01 -1.020460707507425901e+01 -9.851082521244508783e+00
-2.919191919191919027e+01 -9.916713998170628486e+00 -1.008228473762876831e+01 -9.751143258712488660e+00
-2.909090909090909349e+01 -9.806822404456090325e+00 -9.961425470073097088e+00 -9.652219338839083562e+00
-2.898989898989898961e+01 -9.699755995684663290e+00 -9.843951486764437320e+00 -9.555560504604889260e+00
-2.888888888888888928e+01 -9.592957177656613155e+00 -9.726780737151068834e+00 -9.459133618162157475e+00
-2.878787878787878896e+01 -9.489873351251308264e+00 -9.614042304761916569e+00 -9.365704397740699960e+00
-2.868686868686868507e+01 -9.386246090357278860e+00 -9.500654066740878534e+00 -9.271838113973679185e+00
-2.858585858585858475e+01 -9.286223125662045774e+00 -9.391547254866258854e+00 -9.180898996457832695e+00
-2.848484848484848442e+01 -9.186684167491980801e+00 -9.283025070880361440e+00 -9.090343264103600163e+00
-2.838383838383838054e+01 -9.089761056137664497e+00 -9.177598154704087463e+00 -9.001923957571241530e+00
-2.828282828282828376e+01 -8.994263763721232152e+00 -9.073870756481204225e+00 -8.914656770961260079e+00
-2.818181818181818343e+01 -8.900513580994973140e+00 -8.972210848214924539e+00 -8.828816313775021740e+00
-2.808080808080807955e+01 -8.808973869844205495e+00 -8.873164540664824074e+00 -8.744783199023586917e+00
-2.797979797979797922e+01 -8.718459906034881968e+00 -8.775345590833046217e+00 -8.661574221236717719e+00
-2.787878787878788245e+01 -8.630799436747285114e+00 -8.680875287044418798e+00 -8.580723586450151430e+00
-2.777777777777777857e+01 -8.543575587164815133e+00 -8.586958745705933538e+00 -8.500192428623696728e+00
-2.767676767676767824e+01 -8.459390823752009680e+00 -8.496589438998528365e+00 -8.422192208505490996e+00
-2.757575757575757791e+01 -8.375831755324160355e+00 -8.407308365129759764e+00 -8.344355145518560946e+00
-2.747474747474747403e+01 -8.294867718260825029e+00 -8.321469518314881242e+00 -8.268265918206768816e+00
-2.737373737373737370e+01 -8.215194348580700634e+00 -8.237142408732522014e+00 -8.193246288428879254e+00
-2.727272727272726982e+01 -8.137494419914396815e+00 -8.156416849080052600e+00 -8.118571990748741030e+00
-2.717171717171716949e+01 -8.061623337685146495e+00 -8.078129009315460962e+00 -8.045117666054832029e+00
-2.707070707070707272e+01 -7.987220788381834247e+00 -8.001441524813348138e+00 -7.973000051950320355e+00
-2.696969696969696884e+01 -7.915071932111406916e+00 -7.928658975699173439e+00 -7.901484888523640393e+00
-2.686868686868686851e+01 -7.843990090825896822e+00 -7.858444745026237577e+00 -7.829535436625556066e+00
-2.676767676767676818e+01 -7.775436538254229646e+00 -7.791478788225044916e+00 -7.759394288283414376e+00
-2.666666666666666430e+01 -7.707738076409934358e+00 -7.725808837523309158e+00 -7.689667315296559558e+00
-2.656565656565656752e+01 -7.642425125692159149e+00 -7.662835923264863958e+00 -7.622014328119454341e+00
-2.646464646464646364e+01 -7.578392015073903032e+00 -7.601129736616171861e+00 -7.555654293531634202e+00
-2.636363636363636331e+01 -7.516327233557165144e+00 -7.541537293438133283e+00 -7.491117173676197005e+00
-2.626262626262626299e+01 -7.455869688811119111e+00 -7.483281288740250226e+00 -7.428458088881987997e+00
-2.616161616161615910e+01 -7.397049616442272324e+00 -7.426391786694211739e+00 -7.367707446190332909e+00
-2.606060606060605878e+01 -7.340078325960970318e+00 -7.371079594188831408e+00 -7.309077057733109228e+00
-2.595959595959595845e+01 -7.284488378277177212e+00 -7.316893256040148508e+00 -7.252083500514205916e+00
-2.585858585858585457e+01 -7.230913472062431069e+00 -7.264463391866685882e+00 -7.197363552258176256e+00
-2.575757575757575779e+01 -7.178527754019786933e+00 -7.212973161797207489e+00 -7.144082346242366377e+00
-2.565656565656565746e+01 -7.128133364513919545e+00 -7.163235850414678474e+00 -7.093030878613160617e+00
-2.555555555555555358e+01 -7.079038837144823404e+00 -7.114555134714675155e+00 -7.043522539574971653e+00
-2.545454545454545325e+01 -7.031730386968519042e+00 -7.067439279194354107e+00 -6.996021494742683977e+00
-2.535353535353535648e+01 -6.985878258703586141e+00 -7.021554361115451393e+00 -6.950202156291720890e+00
-2.525252525252525260e+01 -6.941606297854128194e+00 -6.977038771768702574e+00 -6.906173823939553813e+00
-2.515151515151515227e+01 -6.898886832896399035e+00 -6.933876910391434834e+00 -6.863896755401363237e+00
-2.505050505050505194e+01 -6.857588894195656870e+00 -6.891932287679838787e+00 -6.823245500711474953e+00
-2.494949494949494806e+01 -6.817888195925776884e+00 -6.851418989380265501e+00 -6.784357402471288268e+00
-2.484848484848484773e+01 -6.779488476629445870e+00 -6.812007719752893209e+00 -6.746969233505998531e+00
-2.474747474747474740e+01 -6.742666548362464596e+00 -6.774040581266997485e+00 -6.711292515457931707e+00
-2.464646464646464352e+01 -6.707096540451280120e+00 -6.737141985438432457e+00 -6.677051095464127783e+00
-2.454545454545454675e+01 -6.673001329721988562e+00 -6.701603683877628725e+00 -6.644398975566348398e+00
-2.444444444444444642e+01 -6.640184608663703081e+00 -6.667200000622591993e+00 -6.613169216704814168e+00
-2.434343434343434254e+01 -6.608710155953106735e+00 -6.634615671961967109e+00 -6.582804639944246361e+00
-2.424242424242424221e+01 -6.578503299298319007e+00 -6.603267373751558367e+00 -6.553739224845079647e+00
-2.414141414141414543e+01 -6.549529292894109567e+00 -6.573069839514850798e+00 -6.525988746273368335e+00
-2.404040404040404155e+01 -6.521781743349574612e+00 -6.544037842537117733e+00 -6.499525644162031490e+00
-2.393939393939394122e+01 -6.495173766372769109e+00 -6.516072042359073890e+00 -6.474275490386464327e+00
-2.383838383838383734e+01 -6.469727492640141797e+00 -6.489233988975755096e+00 -6.450220996304528498e+00
-2.373737373737373701e+01 -6.445337576020166992e+00 -6.463390380225686016e+00 -6.427284771814647968e+00
-2.363636363636363313e+01 -6.422019690666462388e+00 -6.439108262998677112e+00 -6.404931118334247664e+00
-2.353535353535353281e+01 -6.399694644686149125e+00 -6.416375385119502894e+00 -6.383013904252795356e+00
-2.343434343434343248e+01 -6.378340035423739174e+00 -6.395422795899246893e+00 -6.361257274948231455e+00
-2.333333333333332860e+01 -6.357900663771825833e+00 -6.375371261744875895e+00 -6.340430065798775772e+00
-2.323232323232323182e+01 -6.338335184510637710e+00 -6.356175494328758724e+00 -6.320494874692516696e+00
-2.313131313131313149e+01 -6.319595973359782626e+00 -6.337785078784778925e+00 -6.301406867934786327e+00
-2.303030303030302761e+01 -6.301637188325087457e+00 -6.320222593323986615e+00 -6.283051783326188300e+00
-2.292929292929292728e+01 -6.284409567160292198e+00 -6.303888766902502994e+00 -6.264930367418081403e+00
-2.282828282828283051e+01 -6.267869602070456736e+00 -6.288173703022923000e+00 -6.247565501117990472e+00
-2.272727272727272663e+01 -6.251964848240829653e+00 -6.273022469825900949e+00 -6.230907226655758357e+00
-2.262626262626262630e+01 -6.236653157482700216e+00 -6.258386339416974309e+00 -6.214919975548426123e+00
-2.252525252525252597e+01 -6.221883579699142963e+00 -6.244216063309056430e+00 -6.199551096089229496e+00
-2.242424242424242209e+01 -6.207612355334352294e+00 -6.230955279701438698e+00 -6.184269430967265890e+00
-2.232323232323232176e+01 -6.193793110100000554e+00 -6.218131227832343733e+00 -6.169454992367657375e+00
-2.222222222222222143e+01 -6.180382669365015680e+00 -6.205601650259896296e+00 -6.155163688470135064e+00
-2.212121212121211755e+01 -6.167336498371954079e+00 -6.193319261849977941e+00 -6.141353734893930216e+00
-2.202020202020202078e+01 -6.154617921442483208e+00 -6.181253008463756693e+00 -6.127982834421209724e+00
-2.191919191919192045e+01 -6.142179079229941330e+00 -6.169348490141860708e+00 -6.115009668318021951e+00
-2.181818181818181657e+01 -6.129996933552506633e+00 -6.157597766256715843e+00 -6.102396100848297422e+00
-2.171717171717171624e+01 -6.118015018959730433e+00 -6.145933270411522820e+00 -6.090096767507938047e+00
-2.161616161616161946e+01 -6.106223917239756993e+00 -6.134366152940667227e+00 -6.078081681538846759e+00
-2.151515151515151558e+01 -6.094572656516419329e+00 -6.122839869325186868e+00 -6.066305443707651790e+00
-2.141414141414141525e+01 -6.083049006254561242e+00 -6.111357176179392781e+00 -6.054740836329729703e+00
-2.131313131313131493e+01 -6.071618172018690807e+00 -6.099886242458141261e+00 -6.043350101579240352e+00
-2.121212121212121104e+01 -6.060258281301879713e+00 -6.088414145175942593e+00 -6.032102417427816832e+00
-2.111111111111111072e+01 -6.048957295430469117e+00 -6.076938994418346063e+00 -6.020975596442592170e+00
-2.101010101010100684e+01 -6.037677561068490739e+00 -6.065426575375161278e+00 -6.009928546761820201e+00
-2.090909090909090651e+01 -6.026434988236283097e+00 -6.053908012498911084e+00 -5.998961963973655109e+00
-2.080808080808080973e+01 -6.015171055586716164e+00 -6.042323866749639727e+00 -5.988018244423792602e+00
-2.070707070707070585e+01 -6.003924686895389939e+00 -6.030729725547865350e+00 -5.977119648242914529e+00
-2.060606060606060552e+01 -5.992638323479602569e+00 -6.019067827521511482e+00 -5.966208819437693656e+00
-2.050505050505050164e+01 -5.981344753115124924e+00 -6.007383282374625821e+00 -5.955306223855624026e+00
-2.040404040404040131e+01 -5.970009962701618988e+00 -5.995644875892706338e+00 -5.944375049510531639e+00
-2.030303030303030454e+01 -5.958643937214929132e+00 -5.983869848282181714e+00 -5.933418026147676549e+00
-2.020202020202020066e+01 -5.947242546290629761e+00 -5.972058651853301647e+00 -5.922426440727957875e+00
-2.010101010101010033e+01 -5.935790068636856986e+00 -5.960199365322459641e+00 -5.911380771951254331e+00
-2.000000000000000000e+01 -5.924313313815681603e+00 -5.948323579987492060e+00 -5.900303047643871146e+00
