# # Muv, logPhi, -err(logPhi), +err(logPhi)
-3.000000000000000000e+01 -1.158674635584985602e+01 -1.189514979428030372e+01 -1.127834291741940831e+01
-2.989898989898989967e+01 -1.146387641066486829e+01 -1.175870003693002452e+01 -1.116905278439971205e+01
-2.979797979797979579e+01 -1.134011736501705592e+01 -1.162109844386433366e+01 -1.105913628616977817e+01
-2.969696969696969546e+01 -1.122077979062207831e+01 -1.148887429377093028e+01 -1.095268528747322634e+01
-2.959595959595959869e+01 -1.110044613486821774e+01 -1.135539067752721998e+01 -1.084550159220921550e+01
-2.949494949494949481e+01 -1.098385329246463549e+01 -1.122642653154309400e+01 -1.074128005338617697e+01
-2.939393939393939448e+01 -1.086773741158005713e+01 -1.109801628010550267e+01 -1.063745854305461158e+01
-2.929292929292929060e+01 -1.075399507957424916e+01 -1.097244456959813697e+01 -1.053554558955036136e+01
-2.919191919191919027e+01 -1.064199535397193053e+01 -1.084896509856674562e+01 -1.043502560937711543e+01
-2.909090909090909349e+01 -1.053119868950026472e+01 -1.072690307717166824e+01 -1.033549430182886120e+01
-2.898989898989898961e+01 -1.042322279786410455e+01 -1.060822603309671841e+01 -1.023821956263149069e+01
-2.888888888888888928e+01 -1.031545705202059615e+01 -1.048977708421696597e+01 -1.014113701982422633e+01
-2.878787878787878896e+01 -1.021142055645998958e+01 -1.037578608697142357e+01 -1.004705502594855560e+01
-2.868686868686868507e+01 -1.010676164097420582e+01 -1.026104075519731218e+01 -9.952482526751099456e+00
-2.858585858585858475e+01 -1.000571963444201451e+01 -1.015059988018295734e+01 -9.860839388701071684e+00
-2.848484848484848442e+01 -9.905101678040333368e+00 -1.004066625300997195e+01 -9.769537103070694783e+00
-2.838383838383838054e+01 -9.807089177099246768e+00 -9.933818828493730990e+00 -9.680359525704762547e+00
-2.828282828282828376e+01 -9.710463375405645081e+00 -9.828622666589962975e+00 -9.592304084221327187e+00
-2.818181818181818343e+01 -9.615550251091192990e+00 -9.725451903593286929e+00 -9.505648598589099052e+00
-2.808080808080807955e+01 -9.522829205526791796e+00 -9.624874979493686311e+00 -9.420783431559897281e+00
-2.797979797979797922e+01 -9.431075321187174509e+00 -9.525450595704125334e+00 -9.336700046670223685e+00
-2.787878787878788245e+01 -9.342177187081247780e+00 -9.429383059437355996e+00 -9.254971314725139564e+00
-2.777777777777777857e+01 -9.253632773172249415e+00 -9.333761928243996309e+00 -9.173503618100502521e+00
-2.767676767676767824e+01 -9.168137451310080621e+00 -9.241706448762597503e+00 -9.094568453857563739e+00
-2.757575757575757791e+01 -9.083186100081984904e+00 -9.150327264219916046e+00 -9.016044935944053762e+00
-2.747474747474747403e+01 -9.000823836894797481e+00 -9.061969897205788271e+00 -8.939677776583806690e+00
-2.737373737373737370e+01 -8.919693097014667060e+00 -8.975081123128118676e+00 -8.864305070901215444e+00
-2.727272727272726982e+01 -8.840503082358102560e+00 -8.890464527781405835e+00 -8.790541636934799286e+00
-2.717171717171716949e+01 -8.763105052458071142e+00 -8.807949987652543555e+00 -8.718260117263598730e+00
-2.707070707070707272e+01 -8.687116067432258504e+00 -8.727118899143855302e+00 -8.647113235720661706e+00
-2.696969696969696884e+01 -8.613365925336347928e+00 -8.649628869037945478e+00 -8.577102981634750378e+00
-2.686868686868686851e+01 -8.540596505138100980e+00 -8.573755732130663887e+00 -8.507437278145538073e+00
-2.676767676767676818e+01 -8.470358986334035833e+00 -8.501864360111939689e+00 -8.438853612556131978e+00
-2.666666666666666430e+01 -8.400870001078031279e+00 -8.430794355955686825e+00 -8.370945646200375734e+00
-2.656565656565656752e+01 -8.333763090479211044e+00 -8.362244138752846112e+00 -8.305282042205575976e+00
-2.646464646464646364e+01 -8.267853091218352546e+00 -8.295329974264278761e+00 -8.240376208172426331e+00
-2.636363636363636331e+01 -8.203878947009503264e+00 -8.232451791694517240e+00 -8.175306102324489288e+00
-2.626262626262626299e+01 -8.141452251638982673e+00 -8.171022586091657658e+00 -8.111881917186307689e+00
-2.616161616161615910e+01 -8.080601729027492297e+00 -8.111287698984941841e+00 -8.049915759070042753e+00
-2.606060606060605878e+01 -8.021562877298839211e+00 -8.053594233483373444e+00 -7.989531521114304091e+00
-2.595959595959595845e+01 -7.963815475650130260e+00 -7.997044887315439610e+00 -7.930586063984820910e+00
-2.585858585858585457e+01 -7.908068231343206911e+00 -7.942334210227574687e+00 -7.873802252458839135e+00
-2.575757575757575779e+01 -7.853391973715914354e+00 -7.888555033016166007e+00 -7.818228914415662700e+00
-2.565656565656565746e+01 -7.800695304417271103e+00 -7.836606087212065752e+00 -7.764784521622476454e+00
-2.555555555555555358e+01 -7.749189634386466352e+00 -7.785710606956308233e+00 -7.712668661816624471e+00
-2.545454545454545325e+01 -7.699435500384836040e+00 -7.736431477972785409e+00 -7.662439522796886671e+00
-2.535353535353535648e+01 -7.651052382091568127e+00 -7.688393011541606370e+00 -7.613711752641529884e+00
-2.525252525252525260e+01 -7.604185393862565867e+00 -7.641746015596178943e+00 -7.566624772128952792e+00
-2.515151515151515227e+01 -7.558808583459322605e+00 -7.596471790401169599e+00 -7.521145376517475611e+00
-2.505050505050505194e+01 -7.514760636228964508e+00 -7.552409273199005568e+00 -7.477111999258923447e+00
-2.494949494949494806e+01 -7.472270055943050160e+00 -7.509803845041039594e+00 -7.434736266845060726e+00
-2.484848484848484773e+01 -7.430960248978967009e+00 -7.468268068447174279e+00 -7.393652429510759738e+00
-2.474747474747474740e+01 -7.391202558706110537e+00 -7.428202059389761303e+00 -7.354203058022459771e+00
-2.464646464646464352e+01 -7.352565836318851744e+00 -7.389155706247851008e+00 -7.315975966389852481e+00
-2.454545454545454675e+01 -7.315367371758440207e+00 -7.351477838427515010e+00 -7.279256905089365404e+00
-2.444444444444444642e+01 -7.279341048484905485e+00 -7.314891289864634771e+00 -7.243790807105176199e+00
-2.434343434343434254e+01 -7.244593504482465640e+00 -7.279521974865756917e+00 -7.209665034099174363e+00
-2.424242424242424221e+01 -7.211031386143593735e+00 -7.245279138527287444e+00 -7.176783633759900027e+00
-2.414141414141414543e+01 -7.178613876037069907e+00 -7.212128153794692409e+00 -7.145099598279447406e+00
-2.404040404040404155e+01 -7.147364448476373866e+00 -7.180108362212319406e+00 -7.114620534740428326e+00
-2.393939393939394122e+01 -7.117144207049536320e+00 -7.149074982874771500e+00 -7.085213431224301139e+00
-2.383838383838383734e+01 -7.088050734250182394e+00 -7.119152659345769685e+00 -7.056948809154595104e+00
-2.373737373737373701e+01 -7.059884136353533179e+00 -7.090125927002500106e+00 -7.029642345704566253e+00
-2.363636363636363313e+01 -7.032758362216967818e+00 -7.062461900438275819e+00 -7.003054823995659817e+00
-2.353535353535353281e+01 -7.006519049809544875e+00 -7.036195740762664741e+00 -6.976842358856425008e+00
-2.343434343434343248e+01 -6.981202582417439295e+00 -7.010845207984508498e+00 -6.951559956850370092e+00
-2.333333333333332860e+01 -6.956722695943505563e+00 -6.986323643930247407e+00 -6.927121747956763720e+00
-2.323232323232323182e+01 -6.933054151338783555e+00 -6.962606472288328519e+00 -6.903501830389238592e+00
-2.313131313131313149e+01 -6.910160621100156497e+00 -6.939658010004676747e+00 -6.880663232195636247e+00
-2.303030303030302761e+01 -6.887974096939877278e+00 -6.917409974859833000e+00 -6.858538219019921556e+00
-2.292929292929292728e+01 -6.866494395810510909e+00 -6.895863885504894597e+00 -6.837124906116127221e+00
-2.282828282828283051e+01 -6.845622248162453793e+00 -6.874919258547903311e+00 -6.816325237777004276e+00
-2.272727272727272663e+01 -6.825379155376328555e+00 -6.854889188596358096e+00 -6.795869122156299014e+00
-2.262626262626262630e+01 -6.805662406844444234e+00 -6.835715548986708967e+00 -6.775609264702179502e+00
-2.252525252525252597e+01 -6.786484000844688502e+00 -6.817050025703031757e+00 -6.755917975986345247e+00
-2.242424242424242209e+01 -6.767767874502506942e+00 -6.798815891483126705e+00 -6.736719857521887178e+00
-2.232323232323232176e+01 -6.749496644862362338e+00 -6.780992467250802846e+00 -6.718000822473921829e+00
-2.222222222222222143e+01 -6.731627019210781881e+00 -6.763534962939334427e+00 -6.699719075482229336e+00
-2.212121212121211755e+01 -6.714114268911473893e+00 -6.746396752885219783e+00 -6.681831784937728003e+00
-2.202020202020202078e+01 -6.696948517223869857e+00 -6.729567621020701829e+00 -6.664329413427037885e+00
-2.191919191919192045e+01 -6.680057035710539104e+00 -6.712972649898275357e+00 -6.647141421522802851e+00
-2.181818181818181657e+01 -6.663464766738449008e+00 -6.696638999532088299e+00 -6.630290533944809717e+00
-2.171717171717171624e+01 -6.647072095077489529e+00 -6.680463514657971835e+00 -6.613680675497007222e+00
-2.161616161616161946e+01 -6.630922653729104610e+00 -6.664494265495517489e+00 -6.597351041962691731e+00
-2.151515151515151558e+01 -6.614936410735724692e+00 -6.648648746346483840e+00 -6.581224075124965545e+00
-2.141414141414141525e+01 -6.599129184876312948e+00 -6.632946398571364810e+00 -6.565311971181261086e+00
-2.131313131313131493e+01 -6.583458222865183451e+00 -6.617344478643764738e+00 -6.549571967086602164e+00
-2.121212121212121104e+01 -6.567908374347387834e+00 -6.601829756800655424e+00 -6.533986991894120244e+00
-2.111111111111111072e+01 -6.552477098382668785e+00 -6.586402548725279971e+00 -6.518551648040057600e+00
-2.101010101010100684e+01 -6.537115173520201772e+00 -6.571013371248308310e+00 -6.503216975792095234e+00
-2.090909090909090651e+01 -6.521862662809327027e+00 -6.555707967920769264e+00 -6.488017357697884790e+00
-2.080808080808080973e+01 -6.506633572364443729e+00 -6.540397749950691342e+00 -6.472869394778196117e+00
-2.070707070707070585e+01 -6.491498875979027972e+00 -6.525161101243011075e+00 -6.457836650715044868e+00
-2.060606060606060552e+01 -6.476373751912966270e+00 -6.509910781170444416e+00 -6.442836722655488124e+00
-2.050505050505050164e+01 -6.461313399806402735e+00 -6.494707979848384660e+00 -6.427918819764420810e+00
-2.040404040404040131e+01 -6.446268613384205537e+00 -6.479503188652548040e+00 -6.413034038115863034e+00
-2.030303030303030454e+01 -6.431256098741823024e+00 -6.464316496922521971e+00 -6.398195700561124077e+00
-2.020202020202020066e+01 -6.416270019856572304e+00 -6.449143959123695424e+00 -6.383396080589449184e+00
-2.010101010101010033e+01 -6.401287047903355898e+00 -6.433963304020688945e+00 -6.368610791786022851e+00
-2.000000000000000000e+01 -6.386345053819806772e+00 -6.418816077067725168e+00 -6.353874030571888376e+00
