# # Muv, logPhi, -err(logPhi), +err(logPhi)
-3.000000000000000000e+01 -1.242563339078564866e+01 -1.278099898822288161e+01 -1.207026779334841571e+01
-2.989898989898989967e+01 -1.230203505888677462e+01 -1.264366351637231389e+01 -1.196040660140123535e+01
-2.979797979797979579e+01 -1.217748956954480910e+01 -1.250510159292571188e+01 -1.184987754616390632e+01
-2.969696969696969546e+01 -1.205738147247338254e+01 -1.237194322437304450e+01 -1.174281972057372059e+01
-2.959595959595959869e+01 -1.193621397038440080e+01 -1.223744451351969253e+01 -1.163498342724910906e+01
-2.949494949494949481e+01 -1.181879360793842615e+01 -1.210747802343199453e+01 -1.153010919244485777e+01
-2.939393939393939448e+01 -1.170180646044252448e+01 -1.197801153843962574e+01 -1.142560138244542323e+01
-2.929292929292929060e+01 -1.158717706031822559e+01 -1.185136649133495013e+01 -1.132298762930150104e+01
-2.919191919191919027e+01 -1.147426612093579479e+01 -1.172678623545243148e+01 -1.122174600641915809e+01
-2.909090909090909349e+01 -1.136252015384753200e+01 -1.160357678519534019e+01 -1.112146352249972381e+01
-2.898989898989898961e+01 -1.125359049051125915e+01 -1.148375091250598068e+01 -1.102343006851653762e+01
-2.888888888888888928e+01 -1.114481037922440443e+01 -1.136407710793467274e+01 -1.092554365051413612e+01
-2.878787878787878896e+01 -1.103977484235725548e+01 -1.124888563529414398e+01 -1.083066404942036698e+01
-2.868686868686868507e+01 -1.093403352031710973e+01 -1.113283444637701436e+01 -1.073523259425720511e+01
-2.858585858585858475e+01 -1.083192273518411675e+01 -1.102110947661292961e+01 -1.064273599375530388e+01
-2.848484848484848442e+01 -1.073017283124333332e+01 -1.090981339877881418e+01 -1.055053226370785247e+01
-2.838383838383838054e+01 -1.063101770081977193e+01 -1.080159322562893820e+01 -1.046044217601060566e+01
-2.828282828282828376e+01 -1.053320825126119331e+01 -1.069497506604927217e+01 -1.037144143647311445e+01
-2.818181818181818343e+01 -1.043707538069078389e+01 -1.059033893319979747e+01 -1.028381182818177031e+01
-2.808080808080807955e+01 -1.034311564636241343e+01 -1.048827598503166492e+01 -1.019795530769316194e+01
-2.797979797979797922e+01 -1.025006143520898405e+01 -1.038728934421325967e+01 -1.011283352620470843e+01
-2.787878787878788245e+01 -1.015986606756214528e+01 -1.028966708531665475e+01 -1.003006504980763580e+01
-2.777777777777777857e+01 -1.006993707590530285e+01 -1.019238224214973876e+01 -9.947491909660866938e+00
-2.767676767676767824e+01 -9.983068636736774693e+00 -1.009868097803238740e+01 -9.867456295441161984e+00
-2.757575757575757791e+01 -9.896658226808694891e+00 -1.000554922956554016e+01 -9.787767224051849624e+00
-2.747474747474747403e+01 -9.812831568398477700e+00 -9.915435396329403517e+00 -9.710227740467551882e+00
-2.737373737373737370e+01 -9.730174698685059909e+00 -9.826714528440531282e+00 -9.633634868929588535e+00
-2.727272727272726982e+01 -9.649424933101633073e+00 -9.740225701316054696e+00 -9.558624164887211450e+00
-2.717171717171716949e+01 -9.570429366186255393e+00 -9.655793783459257540e+00 -9.485064948913253247e+00
-2.707070707070707272e+01 -9.492780963865310895e+00 -9.572953412271722584e+00 -9.412608515458899205e+00
-2.696969696969696884e+01 -9.417357339764400592e+00 -9.492692855233798355e+00 -9.342021824295002830e+00
-2.686868686868686851e+01 -9.342824300600817367e+00 -9.413511947750441422e+00 -9.272136653451193311e+00
-2.676767676767676818e+01 -9.270829098666617085e+00 -9.338008790389679348e+00 -9.203649406943554823e+00
-2.666666666666666430e+01 -9.199471064574160195e+00 -9.263625342939331375e+00 -9.135316786208989015e+00
-2.656565656565656752e+01 -9.130493893839943809e+00 -9.193048153934663347e+00 -9.067939633745224270e+00
-2.646464646464646364e+01 -9.062627930297775691e+00 -9.123666331116355721e+00 -9.001589529479195662e+00
-2.636363636363636331e+01 -8.996666075301698484e+00 -9.056303283960629003e+00 -8.937028866642767966e+00
-2.626262626262626299e+01 -8.932191193619027914e+00 -8.990524511366963623e+00 -8.873857875871092205e+00
-2.616161616161615910e+01 -8.869230505911332330e+00 -8.926357306066941888e+00 -8.812103705755722771e+00
-2.606060606060605878e+01 -8.808045839252756082e+00 -8.864069725952884227e+00 -8.752021952552627937e+00
-2.595959595959595845e+01 -8.748060752772918391e+00 -8.803067366570413554e+00 -8.693054138975423228e+00
-2.585858585858585457e+01 -8.690064616356876215e+00 -8.744158230123188602e+00 -8.635971002590563828e+00
-2.575757575757575779e+01 -8.633018117756730447e+00 -8.686276987461782895e+00 -8.579759248051678000e+00
-2.565656565656565746e+01 -8.577944135438849926e+00 -8.630466024246610246e+00 -8.525422246631089607e+00
-2.555555555555555358e+01 -8.523950712415359732e+00 -8.576498301993289886e+00 -8.471403122837429578e+00
-2.545454545454545325e+01 -8.471678251509805690e+00 -8.524696184715834235e+00 -8.418660318303777146e+00
-2.535353535353535648e+01 -8.420692602802198223e+00 -8.474108844702975318e+00 -8.367276360901421128e+00
-2.525252525252525260e+01 -8.371161969830986038e+00 -8.424906114088637210e+00 -8.317417825573334866e+00
-2.515151515151515227e+01 -8.323063059235895622e+00 -8.377068981733719610e+00 -8.269057136738071634e+00
-2.505050505050505194e+01 -8.276202410199266168e+00 -8.330406628620636411e+00 -8.221998191777895926e+00
-2.494949494949494806e+01 -8.230865956346159251e+00 -8.285210868091919423e+00 -8.176521044600399080e+00
-2.484848484848484773e+01 -8.186591454265309764e+00 -8.241019309076985877e+00 -8.132163599453633651e+00
-2.474747474747474740e+01 -8.143852439404634325e+00 -8.198315278274932894e+00 -8.089389600534335756e+00
-2.464646464646464352e+01 -8.102105458028596274e+00 -8.156551990798735829e+00 -8.047658925258456719e+00
-2.454545454545454675e+01 -8.061769815048521082e+00 -8.116160326217826793e+00 -8.007379303879215371e+00
-2.444444444444444642e+01 -8.022505279876982698e+00 -8.076798510902074568e+00 -7.968212048851890827e+00
-2.434343434343434254e+01 -7.984465055574456294e+00 -8.038627885840719856e+00 -7.930302225308192732e+00
-2.424242424242424221e+01 -7.947536698726502813e+00 -8.001538689643346913e+00 -7.893534707809658713e+00
-2.414141414141414543e+01 -7.911673210607818696e+00 -7.965487648887388694e+00 -7.857858772328248698e+00
-2.404040404040404155e+01 -7.876931297699321100e+00 -7.930538606148012981e+00 -7.823323989250629218e+00
-2.393939393939394122e+01 -7.843116160598136766e+00 -7.896496149220418204e+00 -7.789736171975855328e+00
-2.383838383838383734e+01 -7.810407882282215830e+00 -7.863551234667786716e+00 -7.757264529896644945e+00
-2.373737373737373701e+01 -7.778504316991825540e+00 -7.831397599338484561e+00 -7.725611034645166519e+00
-2.363636363636363313e+01 -7.747626627446821068e+00 -7.800268263902208510e+00 -7.694984990991433627e+00
-2.353535353535353281e+01 -7.717538928559629419e+00 -7.769925192941857794e+00 -7.665152664177401043e+00
-2.343434343434343248e+01 -7.688341722400189759e+00 -7.740623666710513717e+00 -7.636059778089865802e+00
-2.333333333333332860e+01 -7.659914998287701060e+00 -7.712576533781677846e+00 -7.607253462793724275e+00
-2.323232323232323182e+01 -7.632250614733204763e+00 -7.685293793526720485e+00 -7.579207435939689042e+00
-2.313131313131313149e+01 -7.605324769998020429e+00 -7.658747413369531465e+00 -7.551902126626509393e+00
-2.303030303030302761e+01 -7.579043734052833159e+00 -7.632842608747238522e+00 -7.525244859358427796e+00
-2.292929292929292728e+01 -7.553461689808539603e+00 -7.607626551594883324e+00 -7.499296828022195882e+00
-2.282828282828283051e+01 -7.528415198762260729e+00 -7.582937456429792888e+00 -7.473892941094728570e+00
-2.272727272727272663e+01 -7.504008174426497035e+00 -7.558871685998695966e+00 -7.449144662854298105e+00
-2.262626262626262630e+01 -7.480067163196217450e+00 -7.535257224801737763e+00 -7.424877101590697137e+00
-2.252525252525252597e+01 -7.456674294034417727e+00 -7.512170999463632093e+00 -7.401177588605203361e+00
-2.242424242424242209e+01 -7.433714155136183166e+00 -7.489497292578620957e+00 -7.377931017693745375e+00
-2.232323232323232176e+01 -7.411200338763769935e+00 -7.467247211841189447e+00 -7.355153465686350422e+00
-2.222222222222222143e+01 -7.389087146398910733e+00 -7.445374021270374953e+00 -7.332800271527446512e+00
-2.212121212121211755e+01 -7.367326099211894963e+00 -7.423827923630295089e+00 -7.310824274793494837e+00
-2.202020202020202078e+01 -7.345937097465180088e+00 -7.402628484408021237e+00 -7.289245710522338939e+00
-2.191919191919192045e+01 -7.324813113645268103e+00 -7.381667214122819232e+00 -7.267959013167716975e+00
-2.181818181818181657e+01 -7.304035642648806004e+00 -7.361027031935355680e+00 -7.247044253362256327e+00
-2.171717171717171624e+01 -7.283446961527205943e+00 -7.340547715096437109e+00 -7.226346207957974777e+00
-2.161616161616161946e+01 -7.263154884620023566e+00 -7.320340106054576523e+00 -7.205969663185470608e+00
-2.151515151515151558e+01 -7.243038574637906457e+00 -7.300281462608575467e+00 -7.185795686667237447e+00
-2.141414141414141525e+01 -7.223147141105095592e+00 -7.280423363298798911e+00 -7.165870918911392273e+00
-2.131313131313131493e+01 -7.203424526261170691e+00 -7.260709542245563419e+00 -7.146139510276777962e+00
-2.121212121212121104e+01 -7.183861492538700766e+00 -7.241131894997329788e+00 -7.126591090080071744e+00
-2.111111111111111072e+01 -7.164466351694128932e+00 -7.221700658663825934e+00 -7.107232044724431930e+00
-2.101010101010100684e+01 -7.145171406848952245e+00 -7.202347435653704721e+00 -7.087995378044199768e+00
-2.090909090909090651e+01 -7.126049035209315541e+00 -7.183148851416666147e+00 -7.068949219001964934e+00
-2.080808080808080973e+01 -7.106972843883688107e+00 -7.163975716963375540e+00 -7.049969970804000674e+00
-2.070707070707070585e+01 -7.088058610630673329e+00 -7.144949657898407303e+00 -7.031167563362939354e+00
-2.060606060606060552e+01 -7.069181839479697693e+00 -7.125943398107404292e+00 -7.012420280851991095e+00
-2.050505050505050164e+01 -7.050429878199691913e+00 -7.107049073228344227e+00 -6.993810683171039599e+00
-2.040404040404040131e+01 -7.031731797574223286e+00 -7.088194847448521685e+00 -6.975268747699924887e+00
-2.030303030303030454e+01 -7.013114542327067547e+00 -7.069410207068570706e+00 -6.956818877585564387e+00
-2.020202020202020066e+01 -6.994570704949442330e+00 -7.050689006515689528e+00 -6.938452403383195133e+00
-2.010101010101010033e+01 -6.976066914441430455e+00 -7.031998261997718380e+00 -6.920135566885142531e+00
-2.000000000000000000e+01 -6.957658448289371300e+00 -7.013396503126841708e+00 -6.901920393451900893e+00
