# # Muv, logPhi, -err(logPhi), +err(logPhi)
-3.000000000000000000e+01 -1.334654499600478950e+01 -1.374710738953046985e+01 -1.294598260247910915e+01
-2.989898989898989967e+01 -1.322219108179858793e+01 -1.360885913519285140e+01 -1.283552302840432446e+01
-2.979797979797979579e+01 -1.309682981441117278e+01 -1.346930731405593384e+01 -1.272435231476641171e+01
-2.969696969696969546e+01 -1.297592291381469565e+01 -1.333518657290916032e+01 -1.261665925472023098e+01
-2.959595959595959869e+01 -1.285389095881756205e+01 -1.319964193096505589e+01 -1.250813998667006821e+01
-2.949494949494949481e+01 -1.273561311828426312e+01 -1.306864317220692939e+01 -1.240258306436159685e+01
-2.939393939393939448e+01 -1.261772329984507302e+01 -1.293808895503490497e+01 -1.229735764465524106e+01
-2.929292929292929060e+01 -1.250217514491727577e+01 -1.281033885927721272e+01 -1.219401143055733883e+01
-2.919191919191919027e+01 -1.238832073834907099e+01 -1.268462562436763363e+01 -1.209201585233050835e+01
-2.909090909090909349e+01 -1.227559200828658170e+01 -1.256023524086672616e+01 -1.199094877570643725e+01
-2.898989898989898961e+01 -1.216567543220411096e+01 -1.243922763803885267e+01 -1.189212322636936925e+01
-2.888888888888888928e+01 -1.205584568594833428e+01 -1.231829369351852321e+01 -1.179339767837814534e+01
-2.878787878787878896e+01 -1.194977705542910407e+01 -1.220186814978802659e+01 -1.169768596107018155e+01
-2.868686868686868507e+01 -1.184291622574663805e+01 -1.208447407509616767e+01 -1.160135837639710843e+01
-2.858585858585858475e+01 -1.173970074980326217e+01 -1.197142963850641628e+01 -1.150797186110010806e+01
-2.848484848484848442e+01 -1.163678090300550849e+01 -1.185873352684421178e+01 -1.141482827916680520e+01
-2.838383838383838054e+01 -1.153644533684553863e+01 -1.174910349544918020e+01 -1.132378717824189707e+01
-2.828282828282828376e+01 -1.143741341572880188e+01 -1.164102534123026444e+01 -1.123380149022733931e+01
-2.818181818181818343e+01 -1.134002113315769122e+01 -1.153488512418905643e+01 -1.114515714212632602e+01
-2.808080808080807955e+01 -1.124478310759119992e+01 -1.143129787532459751e+01 -1.105826833985780233e+01
-2.797979797979797922e+01 -1.115038710854578774e+01 -1.132870884062201711e+01 -1.097206537646955837e+01
-2.787878787878788245e+01 -1.105885420985010015e+01 -1.122949349302053967e+01 -1.088821492667966062e+01
-2.777777777777777857e+01 -1.096749748478057640e+01 -1.113050362138685578e+01 -1.080449134817429702e+01
-2.767676767676767824e+01 -1.087921444375634472e+01 -1.103511765496829966e+01 -1.072331123254438978e+01
-2.757575757575757791e+01 -1.079130088643857377e+01 -1.094019188124083541e+01 -1.064240989163631212e+01
-2.747474747474747403e+01 -1.070596681543771567e+01 -1.084828186481585455e+01 -1.056365176605957679e+01
-2.737373737373737370e+01 -1.062173951124040450e+01 -1.075768828316745562e+01 -1.048579073931335337e+01
-2.727272727272726982e+01 -1.053938567818162753e+01 -1.066928716875538008e+01 -1.040948418760787497e+01
-2.717171717171716949e+01 -1.045874831227068036e+01 -1.058289856821120090e+01 -1.033459805633015982e+01
-2.707070707070707272e+01 -1.037939517981388349e+01 -1.049802498720933208e+01 -1.026076537241843489e+01
-2.696969696969696884e+01 -1.030225418674234916e+01 -1.041571839678994671e+01 -1.018878997669475162e+01
-2.686868686868686851e+01 -1.022591160430567570e+01 -1.033437699423958556e+01 -1.011744621437176583e+01
-2.676767676767676818e+01 -1.015211546063513204e+01 -1.025596543861876420e+01 -1.004826548265149988e+01
-2.666666666666666430e+01 -1.007884248746496425e+01 -1.017821384126777673e+01 -9.979471133662151772e+00
-2.656565656565656752e+01 -1.000795185059369174e+01 -1.010375720959149959e+01 -9.912146491595883901e+00
-2.646464646464646364e+01 -9.938085751437261806e+00 -1.003070347208710089e+01 -9.845468030787422720e+00
-2.636363636363636331e+01 -9.870093687504335023e+00 -9.960514881102341178e+00 -9.779672493906328867e+00
-2.626262626262626299e+01 -9.803528861450057974e+00 -9.892483798387498695e+00 -9.714573924512617253e+00
-2.616161616161615910e+01 -9.738417007391609204e+00 -9.825998742564413746e+00 -9.650835272218804661e+00
-2.606060606060605878e+01 -9.675048013146781756e+00 -9.761358468956432333e+00 -9.588737557337131179e+00
-2.595959595959595845e+01 -9.612786675913307377e+00 -9.697904507096758664e+00 -9.527668844729856090e+00
-2.585858585858585457e+01 -9.552507364440410598e+00 -9.636537527186463947e+00 -9.468477201694357248e+00
-2.575757575757575779e+01 -9.493055596030432142e+00 -9.576066903154687893e+00 -9.410044288906176391e+00
-2.565656565656565746e+01 -9.435574432370190223e+00 -9.517665778478567873e+00 -9.353483086261812574e+00
-2.555555555555555358e+01 -9.379064004235251772e+00 -9.460306667672822911e+00 -9.297821340797680634e+00
-2.545454545454545325e+01 -9.324248744152871637e+00 -9.404728894529172933e+00 -9.243768593776570341e+00
-2.535353535353535648e+01 -9.270638884744800023e+00 -9.350429890008284062e+00 -9.190847879481315985e+00
-2.525252525252525260e+01 -9.218427075331911524e+00 -9.297603870649307822e+00 -9.139250280014515226e+00
-2.515151515151515227e+01 -9.167593538741567016e+00 -9.246227544934834341e+00 -9.088959532548299691e+00
-2.505050505050505194e+01 -9.117911309530377650e+00 -9.196069081488015939e+00 -9.039753537572739361e+00
-2.494949494949494806e+01 -9.069727353059505504e+00 -9.147475268458416409e+00 -8.991979437660594598e+00
-2.484848484848484773e+01 -9.022489788325534832e+00 -9.099888016105282418e+00 -8.945091560545787246e+00
-2.474747474747474740e+01 -8.976780161300066396e+00 -9.053887787915980923e+00 -8.899672534684151870e+00
-2.464646464646464352e+01 -8.931937453667663007e+00 -9.008809508641295594e+00 -8.855065398694030421e+00
-2.454545454545454675e+01 -8.888488693091844084e+00 -8.965176349805654255e+00 -8.811801036378033913e+00
-2.444444444444444642e+01 -8.846016329826071001e+00 -8.922568378634940345e+00 -8.769464281017201657e+00
-2.434343434343434254e+01 -8.804722832459612292e+00 -8.881183411605000799e+00 -8.728262253314223784e+00
-2.424242424242424221e+01 -8.764476397040354527e+00 -8.840886541102568330e+00 -8.688066252978140724e+00
-2.414141414141414543e+01 -8.725223580327586603e+00 -8.801621294732665746e+00 -8.648825865922507461e+00
-2.404040404040404155e+01 -8.687056901543311227e+00 -8.763474635615946084e+00 -8.610639167470676369e+00
-2.393939393939394122e+01 -8.649722426403368303e+00 -8.726192514956700563e+00 -8.573252337850036042e+00
-2.383838383838383734e+01 -8.613488132071395853e+00 -8.690034203827305959e+00 -8.536942060315485747e+00
-2.373737373737373701e+01 -8.577943352074704819e+00 -8.654592222793429102e+00 -8.501294481355980537e+00
-2.363636363636363313e+01 -8.543423293730070256e+00 -8.620191413870950115e+00 -8.466655173589190397e+00
-2.353535353535353281e+01 -8.509605301604903360e+00 -8.586511178937215050e+00 -8.432699424272591671e+00
-2.343434343434343248e+01 -8.476657933040455006e+00 -8.553712767051850463e+00 -8.399603099029059550e+00
-2.333333333333332860e+01 -8.444425079516213017e+00 -8.521639201119338480e+00 -8.367210957913087555e+00
-2.323232323232323182e+01 -8.412916123150438352e+00 -8.490295867385727391e+00 -8.335536378915149314e+00
-2.313131313131313149e+01 -8.382120593673146658e+00 -8.459668971394821213e+00 -8.304572215951472103e+00
-2.303030303030302761e+01 -8.351915758254802924e+00 -8.429634396173273814e+00 -8.274197120336332034e+00
-2.292929292929292728e+01 -8.322414324184581602e+00 -8.400300045992887377e+00 -8.244528602376275828e+00
-2.282828282828283051e+01 -8.293381428263149502e+00 -8.371431322039640577e+00 -8.215331534486658427e+00
-2.272727272727272663e+01 -8.265010237685467942e+00 -8.343216475625244044e+00 -8.186803999745691840e+00
-2.262626262626262630e+01 -8.237047898944652502e+00 -8.315402800682702988e+00 -8.158692997206602016e+00
-2.252525252525252597e+01 -8.209652510045433615e+00 -8.288145043983256244e+00 -8.131159976107610987e+00
-2.242424242424242209e+01 -8.182663382869861834e+00 -8.261281739677265534e+00 -8.104045026062458135e+00
-2.232323232323232176e+01 -8.156126657805335967e+00 -8.234857293788881094e+00 -8.077396021821790839e+00
-2.222222222222222143e+01 -8.129992414638270048e+00 -8.208820814045694192e+00 -8.051164015230845905e+00
-2.212121212121211755e+01 -8.104205452831456213e+00 -8.183115892624215348e+00 -8.025295013038697078e+00
-2.202020202020202078e+01 -8.078818165117969130e+00 -8.157794755395331165e+00 -7.999841574840607983e+00
-2.191919191919192045e+01 -8.053681442175522065e+00 -8.132706641995740782e+00 -7.974656242355303348e+00
-2.181818181818181657e+01 -8.028940814949528715e+00 -8.107998499076350285e+00 -7.949883130822707145e+00
-2.171717171717171624e+01 -8.004368160418499301e+00 -8.083439429024004141e+00 -7.925296891812994460e+00
-2.161616161616161946e+01 -7.980145123598042289e+00 -8.059213817197186103e+00 -7.901076429998897588e+00
-2.151515151515151558e+01 -7.956100577829094078e+00 -8.035148303427298799e+00 -7.877052852230889357e+00
-2.141414141414141525e+01 -7.932321616084303528e+00 -8.011331974097354092e+00 -7.853311258071252965e+00
-2.131313131313131493e+01 -7.908734812137150350e+00 -7.987690755112720531e+00 -7.829778869161580168e+00
-2.121212121212121104e+01 -7.885336433367325704e+00 -7.964221506970795339e+00 -7.806451359763856068e+00
-2.111111111111111072e+01 -7.862147189098360300e+00 -7.940946328963779166e+00 -7.783348049232941435e+00
-2.101010101010100684e+01 -7.839075339308929635e+00 -7.917772205981452593e+00 -7.760378472636406677e+00
-2.090909090909090651e+01 -7.816232780726403817e+00 -7.894814752015419934e+00 -7.737650809437387700e+00
-2.080808080808080973e+01 -7.793442025153691333e+00 -7.871893038722659774e+00 -7.714991011584722891e+00
-2.070707070707070585e+01 -7.770874644958717603e+00 -7.849184068602744091e+00 -7.692565221314691115e+00
-2.060606060606060552e+01 -7.748356132950348751e+00 -7.826509872974868998e+00 -7.670202392925828505e+00
-2.050505050505050164e+01 -7.726014330303166311e+00 -7.804002757992880568e+00 -7.648025902613452054e+00
-2.040404040404040131e+01 -7.703751153752819825e+00 -7.781563159097291127e+00 -7.625939148408348522e+00
-2.030303030303030454e+01 -7.681606753009271316e+00 -7.759233426783847420e+00 -7.603980079234695211e+00
-2.020202020202020066e+01 -7.659572337276268073e+00 -7.737005696605456784e+00 -7.582138977947079361e+00
-2.010101010101010033e+01 -7.637602264197897561e+00 -7.714834265796506330e+00 -7.560370262599288793e+00
-2.000000000000000000e+01 -7.615774720612757065e+00 -7.692800567376552046e+00 -7.538748873848962084e+00
