# # Muv, logPhi, -err(logPhi), +err(logPhi)
-3.000000000000000000e+01 -1.433067358640678002e+01 -1.477468965910882659e+01 -1.388665751370473345e+01
-2.989898989898989967e+01 -1.420554111329924396e+01 -1.463550714085790183e+01 -1.377557508574058609e+01
-2.979797979797979579e+01 -1.407933946985492035e+01 -1.449494212154837314e+01 -1.366373681816146757e+01
-2.969696969696969546e+01 -1.395761031386297191e+01 -1.435983714684493151e+01 -1.355538348088101230e+01
-2.959595959595959869e+01 -1.383468870819590535e+01 -1.422322278807323315e+01 -1.344615462831857755e+01
-2.949494949494949481e+01 -1.371552899312050755e+01 -1.409116900632268532e+01 -1.333988897991832978e+01
-2.939393939393939448e+01 -1.359671114317942298e+01 -1.395950332833812801e+01 -1.323391895802071794e+01
-2.929292929292929060e+01 -1.348021889359757708e+01 -1.383062458213915313e+01 -1.312981320505600102e+01
-2.919191919191919027e+01 -1.336539548051120185e+01 -1.370375471062716066e+01 -1.302703625039524304e+01
-2.909090909090909349e+01 -1.325165771304084927e+01 -1.357815900519313246e+01 -1.292515642088856609e+01
-2.898989898989898961e+01 -1.314072850488022759e+01 -1.345594612368689091e+01 -1.282551088607356427e+01
-2.888888888888888928e+01 -1.302982193441887127e+01 -1.333372694405615277e+01 -1.272591692478158976e+01
-2.878787878787878896e+01 -1.292269432676171803e+01 -1.321604395524162001e+01 -1.262934469828181605e+01
-2.868686868686868507e+01 -1.281468591991701089e+01 -1.309728129925982820e+01 -1.253209054057419358e+01
-2.858585858585858475e+01 -1.271033897546327118e+01 -1.298289341227402005e+01 -1.243778453865252231e+01
-2.848484848484848442e+01 -1.260622105537276028e+01 -1.286877199081469847e+01 -1.234367011993082208e+01
-2.838383838383838054e+01 -1.250467741532121124e+01 -1.275770763186388557e+01 -1.225164719877853692e+01
-2.828282828282828376e+01 -1.240439493407935778e+01 -1.264814481536626900e+01 -1.216064505279244656e+01
-2.818181818181818343e+01 -1.230571483711598901e+01 -1.254047576775717765e+01 -1.207095390647480038e+01
-2.808080808080807955e+01 -1.220917057076885470e+01 -1.243534035429717832e+01 -1.198300078724053108e+01
-2.797979797979797922e+01 -1.211340374481743964e+01 -1.233112416186050808e+01 -1.189568332777437121e+01
-2.787878787878788245e+01 -1.202050563817673634e+01 -1.223029291805612395e+01 -1.181071835829734873e+01
-2.777777777777777857e+01 -1.192769166980768425e+01 -1.212957355731068709e+01 -1.172580978230468141e+01
-2.767676767676767824e+01 -1.183796631069137817e+01 -1.203248090915708346e+01 -1.164345171222567288e+01
-2.757575757575757791e+01 -1.174852032457137696e+01 -1.193573789263050067e+01 -1.156130275651225325e+01
-2.747474747474747403e+01 -1.166165091090839567e+01 -1.184201050977054592e+01 -1.148129131204624542e+01
-2.737373737373737370e+01 -1.157582478421367611e+01 -1.174952314360410099e+01 -1.140212642482325123e+01
-2.727272727272726982e+01 -1.149183903884262570e+01 -1.165918988456451189e+01 -1.132448819312073951e+01
-2.717171717171716949e+01 -1.140953269052388563e+01 -1.157082620353353519e+01 -1.124823917751423608e+01
-2.707070707070707272e+01 -1.132844743446523950e+01 -1.148390151331991227e+01 -1.117299335561056672e+01
-2.696969696969696884e+01 -1.124956347594327255e+01 -1.139953379784102161e+01 -1.109959315404552349e+01
-2.686868686868686851e+01 -1.117138485163293993e+01 -1.131601810491816451e+01 -1.102675159834771534e+01
-2.676767676767676818e+01 -1.109576409100946748e+01 -1.123544992766082551e+01 -1.095607825435810945e+01
-2.666666666666666430e+01 -1.102055123505417100e+01 -1.115540143730671119e+01 -1.088570103280163082e+01
-2.656565656565656752e+01 -1.094772508647488429e+01 -1.107809355800455364e+01 -1.081735661494521494e+01
-2.646464646464646364e+01 -1.087583693783918726e+01 -1.100190127199058310e+01 -1.074977260368779142e+01
-2.636363636363636331e+01 -1.080579493432435534e+01 -1.092820380504322131e+01 -1.068338606360548937e+01
-2.626262626262626299e+01 -1.073712198670232354e+01 -1.085649517027580657e+01 -1.061774880312884051e+01
-2.616161616161615910e+01 -1.066984234831717160e+01 -1.078635837118457630e+01 -1.055332632544976690e+01
-2.606060606060605878e+01 -1.060427540676588976e+01 -1.071850731050046335e+01 -1.049004350303131616e+01
-2.595959595959595845e+01 -1.053972523123084315e+01 -1.065260095439017007e+01 -1.042684950807151623e+01
-2.585858585858585457e+01 -1.047715462316904578e+01 -1.058878044185870593e+01 -1.036552880447938563e+01
-2.575757575757575779e+01 -1.041529006979288674e+01 -1.052572610475625225e+01 -1.030485403482952123e+01
-2.565656565656565746e+01 -1.035539942181954132e+01 -1.046474639889782488e+01 -1.024605244474125776e+01
-2.555555555555555358e+01 -1.029637145374300644e+01 -1.040469339246372016e+01 -1.018804951502229272e+01
-2.545454545454545325e+01 -1.023901783870819493e+01 -1.034640083824996992e+01 -1.013163483916641994e+01
-2.535353535353535648e+01 -1.018279174858018621e+01 -1.028930464286654889e+01 -1.007627885429382353e+01
-2.525252525252525260e+01 -1.012791128934632212e+01 -1.023362661722620182e+01 -1.002219596146644243e+01
-2.515151515151515227e+01 -1.007436095676217924e+01 -1.017934817908765766e+01 -9.969373734436700829e+00
-2.505050505050505194e+01 -1.002187917680225304e+01 -1.012620044651915130e+01 -9.917557907085354785e+00
-2.494949494949494806e+01 -9.970876806103735390e+00 -1.007459896729631765e+01 -9.867154644911153127e+00
-2.484848484848484773e+01 -9.920709180797580018e+00 -1.002388633798364026e+01 -9.817532023611519776e+00
-2.474747474747474740e+01 -9.872070395593867786e+00 -9.974763756113022239e+00 -9.769377035074713334e+00
-2.464646464646464352e+01 -9.824177739957018929e+00 -9.926436217489953862e+00 -9.721919262424083996e+00
-2.454545454545454675e+01 -9.777670359381472664e+00 -9.879546893904686655e+00 -9.675793824858258674e+00
-2.444444444444444642e+01 -9.732050866389643673e+00 -9.833590928886794202e+00 -9.630510803892493144e+00
-2.434343434343434254e+01 -9.687572983301514284e+00 -9.788821019485558494e+00 -9.586324947117470074e+00
-2.424242424242424221e+01 -9.644085321687185797e+00 -9.745081659486103831e+00 -9.543088983888267762e+00
-2.414141414141414543e+01 -9.601527601729129557e+00 -9.702309508775345037e+00 -9.500745694682914078e+00
-2.404040404040404155e+01 -9.560030171104630270e+00 -9.660631801253865447e+00 -9.459428540955395093e+00
-2.393939393939394122e+01 -9.519277168894383578e+00 -9.619729486455577572e+00 -9.418824851333189585e+00
-2.383838383838383734e+01 -9.479628714884693608e+00 -9.579959239125148684e+00 -9.379298190644238531e+00
-2.373737373737373701e+01 -9.440560355233381884e+00 -9.540794296234716754e+00 -9.340326414232047014e+00
-2.363636363636363313e+01 -9.402526730365629248e+00 -9.502685266786491169e+00 -9.302368193944767327e+00
-2.353535353535353281e+01 -9.365113975560282356e+00 -9.465216330590925153e+00 -9.265011620529639558e+00
-2.343434343434343248e+01 -9.328561712946351392e+00 -9.428623447225854548e+00 -9.228499978666848236e+00
-2.333333333333332860e+01 -9.292675682243338287e+00 -9.392710131352162151e+00 -9.192641233134514422e+00
-2.323232323232323182e+01 -9.257482905351876568e+00 -9.357500564804571042e+00 -9.157465245899182094e+00
-2.313131313131313149e+01 -9.222986828710633134e+00 -9.322995640679167195e+00 -9.122978016742099072e+00
-2.303030303030302761e+01 -9.189032770084150314e+00 -9.289038565830768590e+00 -9.089026974337532039e+00
-2.292929292929292728e+01 -9.155795384299070250e+00 -9.255801456205512423e+00 -9.055789312392628077e+00
-2.282828282828283051e+01 -9.122962153036024091e+00 -9.222969999297990995e+00 -9.022954306774057187e+00
-2.272727272727272663e+01 -9.090821214327144517e+00 -9.190830334605076146e+00 -8.990812094049212888e+00
-2.262626262626262630e+01 -9.059032987265927872e+00 -9.159040937077291389e+00 -8.959025037454564355e+00
-2.252525252525252597e+01 -9.027836445764007678e+00 -9.127839570331660823e+00 -8.927833321196354532e+00
-2.242424242424242209e+01 -8.997020698457543375e+00 -9.097013496490617968e+00 -8.897027900424468783e+00
-2.232323232323232176e+01 -8.966665782341934232e+00 -9.066641798575142630e+00 -8.866689766108725834e+00
-2.222222222222222143e+01 -8.936716187692713476e+00 -9.036667836016482269e+00 -8.836764539368944682e+00
-2.212121212121211755e+01 -8.907107557858569891e+00 -9.007025870793041733e+00 -8.807189244924098048e+00
-2.202020202020202078e+01 -8.877927295641535821e+00 -8.977803535348359176e+00 -8.778051055934712466e+00
-2.191919191919192045e+01 -8.848977779530727616e+00 -8.948800732173264549e+00 -8.749154826888190684e+00
-2.181818181818181657e+01 -8.820475136903809243e+00 -8.920235708654715268e+00 -8.720714565152903219e+00
-2.171717171717171624e+01 -8.792110681732504318e+00 -8.891795778518098103e+00 -8.692425584946910533e+00
-2.161616161616161946e+01 -8.764148254576941355e+00 -8.863748192292810302e+00 -8.664548316861072408e+00
-2.151515151515151558e+01 -8.736358704363203387e+00 -8.835860603152612569e+00 -8.636856805573794205e+00
-2.141414141414141525e+01 -8.708871249358592692e+00 -8.808264329641541934e+00 -8.609478169075643450e+00
-2.131313131313131493e+01 -8.681591949115937012e+00 -8.780864217933510574e+00 -8.582319680298363451e+00
-2.121212121212121104e+01 -8.654522375094877873e+00 -8.753662108671662168e+00 -8.555382641518093578e+00
-2.111111111111111072e+01 -8.627697200282513634e+00 -8.726693861125770724e+00 -8.528700539439256545e+00
-2.101010101010100684e+01 -8.600996040388885433e+00 -8.699837125584565456e+00 -8.502154955193205410e+00
-2.090909090909090651e+01 -8.574576618155008489e+00 -8.673253517001768387e+00 -8.475899719308248592e+00
-2.080808080808080973e+01 -8.548201356575598098e+00 -8.646700981065915670e+00 -8.449701732085280526e+00
-2.070707070707070585e+01 -8.522107079909767791e+00 -8.620422237520449116e+00 -8.423791922299086465e+00
-2.060606060606060552e+01 -8.496060537208625973e+00 -8.594179569871762681e+00 -8.397941504545489266e+00
-2.050505050505050164e+01 -8.470237203800550674e+00 -8.568153253828530325e+00 -8.372321153772571023e+00
-2.040404040404040131e+01 -8.444507254736643986e+00 -8.542211356192094485e+00 -8.346803153281193488e+00
-2.030303030303030454e+01 -8.418926524510332854e+00 -8.516411908677358866e+00 -8.321441140343306841e+00
-2.020202020202020066e+01 -8.393485042132281748e+00 -8.490745701563801262e+00 -8.296224382700762234e+00
-2.010101010101010033e+01 -8.368122841226764308e+00 -8.465152353222315185e+00 -8.271093329231213431e+00
-2.000000000000000000e+01 -8.342945804985488323e+00 -8.439741286929070441e+00 -8.246150323041906205e+00
