# # Muv, logPhi, -err(logPhi), +err(logPhi)
-3.000000000000000000e+01 -1.536384260702690341e+01 -1.584964657776919772e+01 -1.487803863628460910e+01
-2.989898989898989967e+01 -1.523791172593441345e+01 -1.570951239423410684e+01 -1.476631105763472007e+01
-2.979797979797979579e+01 -1.511084858608086101e+01 -1.556791542540595152e+01 -1.465378174675577050e+01
-2.969696969696969546e+01 -1.498827724715805587e+01 -1.543180890280946649e+01 -1.454474559150664525e+01
-2.959595959595959869e+01 -1.486444471048843141e+01 -1.529410611097150330e+01 -1.443478331000535952e+01
-2.949494949494949481e+01 -1.474438273188724047e+01 -1.516097968605901514e+01 -1.432778577771546580e+01
-2.939393939393939448e+01 -1.462461582051689746e+01 -1.502818436117543577e+01 -1.422104727985835915e+01
-2.929292929292929060e+01 -1.450715866332222248e+01 -1.489815912756552763e+01 -1.411615819907891733e+01
-2.919191919191919027e+01 -1.439134547351694771e+01 -1.477011501037667252e+01 -1.401257593665722290e+01
-2.909090909090909349e+01 -1.427657747764190965e+01 -1.464329603426623549e+01 -1.390985892101758381e+01
-2.898989898989898961e+01 -1.416461515203653398e+01 -1.451986091380346444e+01 -1.380936939026960353e+01
-2.888888888888888928e+01 -1.405261024608111242e+01 -1.439633856456420169e+01 -1.370888192759802315e+01
-2.878787878787878896e+01 -1.394440350394752670e+01 -1.427738191924330735e+01 -1.361142508865174605e+01
-2.868686868686868507e+01 -1.383522576165054119e+01 -1.415723291425292629e+01 -1.351321860904815608e+01
-2.858585858585858475e+01 -1.372972694000911353e+01 -1.404148553721764614e+01 -1.341796834280058093e+01
-2.848484848484848442e+01 -1.362438967777362286e+01 -1.392592209967210337e+01 -1.332285725587514236e+01
-2.838383838383838054e+01 -1.352161738298391569e+01 -1.381340772331670053e+01 -1.322982704265113085e+01
-2.828282828282828376e+01 -1.342006368864489652e+01 -1.370234481572338936e+01 -1.313778256156640367e+01
-2.818181818181818343e+01 -1.332007516058323837e+01 -1.359313185165984628e+01 -1.304701846950663047e+01
-2.808080808080807955e+01 -1.322220474321190231e+01 -1.348643435164047943e+01 -1.295797513478332519e+01
-2.797979797979797922e+01 -1.312504660538891166e+01 -1.338057682274366478e+01 -1.286951638803415854e+01
-2.787878787878788245e+01 -1.303076428650054197e+01 -1.327811755175037867e+01 -1.278341102125070528e+01
-2.777777777777777857e+01 -1.293647292660695847e+01 -1.317565579113342622e+01 -1.269729006208049071e+01
-2.767676767676767824e+01 -1.284528695666676690e+01 -1.307684604132182571e+01 -1.261372787201170809e+01
-2.757575757575757791e+01 -1.275428937833638265e+01 -1.297827499244903038e+01 -1.253030376422373493e+01
-2.747474747474747403e+01 -1.266586697545959694e+01 -1.288272163280778315e+01 -1.244901231811141074e+01
-2.737373737373737370e+01 -1.257842446502242062e+01 -1.278833263390816555e+01 -1.236851629613667569e+01
-2.727272727272726982e+01 -1.249279013847858089e+01 -1.269606097930127753e+01 -1.228951929765588424e+01
-2.717171717171716949e+01 -1.240879918096939782e+01 -1.260571784221822611e+01 -1.221188051972056954e+01
-2.707070707070707272e+01 -1.232596650296851060e+01 -1.251673878911943838e+01 -1.213519421681758281e+01
-2.696969696969696884e+01 -1.224532628365605724e+01 -1.243030966817889116e+01 -1.206034289913322333e+01
-2.686868686868686851e+01 -1.216529815145736038e+01 -1.234462016275367624e+01 -1.198597614016104451e+01
-2.676767676767676818e+01 -1.208784217495263213e+01 -1.226189979451899248e+01 -1.191378455538627179e+01
-2.666666666666666430e+01 -1.201067844383671535e+01 -1.217955956241310567e+01 -1.184179732526032502e+01
-2.656565656565656752e+01 -1.193590875499880077e+01 -1.209997284266889395e+01 -1.177184466732870760e+01
-2.646464646464646364e+01 -1.186199133061404432e+01 -1.202139988729038755e+01 -1.170258277393770108e+01
-2.636363636363636331e+01 -1.178989459546570018e+01 -1.194492307780677720e+01 -1.163486611312462315e+01
-2.626262626262626299e+01 -1.171911073683646087e+01 -1.186997167055261571e+01 -1.156824980312030604e+01
-2.616161616161615910e+01 -1.164966251325187763e+01 -1.179685132356830835e+01 -1.150247370293544691e+01
-2.606060606060605878e+01 -1.158190003066021312e+01 -1.172617046214219627e+01 -1.143762959917822997e+01
-2.595959595959595845e+01 -1.151506505140368652e+01 -1.165655006883544864e+01 -1.137358003397192441e+01
-2.585858585858585457e+01 -1.145021159505297703e+01 -1.158912074923621560e+01 -1.131130244086973846e+01
-2.575757575757575779e+01 -1.138594405748804483e+01 -1.152238221309488964e+01 -1.124950590188120003e+01
-2.565656565656565746e+01 -1.132365875626949681e+01 -1.145837291546854786e+01 -1.118894459707044575e+01
-2.555555555555555358e+01 -1.126213041191514286e+01 -1.139565796551790910e+01 -1.112860285831237661e+01
-2.545454545454545325e+01 -1.120226046329666225e+01 -1.133468808263749139e+01 -1.106983284395583311e+01
-2.535353535353535648e+01 -1.114344393303901626e+01 -1.127483669226576346e+01 -1.101205117381226906e+01
-2.525252525252525260e+01 -1.108592513224533960e+01 -1.121635390287755918e+01 -1.095549636161312002e+01
-2.515151515151515227e+01 -1.102969348853511455e+01 -1.115922654801766356e+01 -1.090016042905256555e+01
-2.505050505050505194e+01 -1.097445187180517578e+01 -1.110314777885918502e+01 -1.084575596475116654e+01
-2.494949494949494806e+01 -1.092067734344655427e+01 -1.104860417017887464e+01 -1.079275051671423391e+01
-2.484848484848484773e+01 -1.086762987905277633e+01 -1.099483653470898048e+01 -1.074042322339657218e+01
-2.474747474747474740e+01 -1.081611974093776496e+01 -1.094267029156421778e+01 -1.068956919031131214e+01
-2.464646464646464352e+01 -1.076523917034431754e+01 -1.089117729390047451e+01 -1.063930104678816058e+01
-2.454545454545454675e+01 -1.071574288906598582e+01 -1.084112401559595540e+01 -1.059036176253601624e+01
-2.444444444444444642e+01 -1.066705161698394733e+01 -1.079191870664855202e+01 -1.054218452731934264e+01
-2.434343434343434254e+01 -1.061947181064421031e+01 -1.074387031181023744e+01 -1.049507330947818318e+01
-2.424242424242424221e+01 -1.057283229446965578e+01 -1.069680253237611112e+01 -1.044886205656320044e+01
-2.414141414141414543e+01 -1.052706547428651973e+01 -1.065064459300223021e+01 -1.040348635557080925e+01
-2.404040404040404155e+01 -1.048234114006835860e+01 -1.060556556534838890e+01 -1.035911671478832830e+01
-2.393939393939394122e+01 -1.043827904588884969e+01 -1.056117883950583369e+01 -1.031537925227186570e+01
-2.383838383838383734e+01 -1.039533489587734216e+01 -1.051794187027772765e+01 -1.027272792147695668e+01
-2.373737373737373701e+01 -1.035286593926410070e+01 -1.047520394506111963e+01 -1.023052793346708178e+01
-2.363636363636363313e+01 -1.031145062624516662e+01 -1.043354576251426202e+01 -1.018935548997607121e+01
-2.353535353535353281e+01 -1.027058008028566860e+01 -1.039245227861184517e+01 -1.014870788195949203e+01
-2.343434343434343248e+01 -1.023056737105952685e+01 -1.035223646563219191e+01 -1.010889827648686179e+01
-2.333333333333332860e+01 -1.019117830901947208e+01 -1.031266036893389959e+01 -1.006969624910504457e+01
-2.323232323232323182e+01 -1.015245751295849885e+01 -1.027376675861041910e+01 -1.003114826730657860e+01
-2.313131313131313149e+01 -1.011442282680622640e+01 -1.023557160129025689e+01 -9.993274052322195899e+00
-2.303030303030302761e+01 -1.007688500917126539e+01 -1.019788250858782064e+01 -9.955887509754710152e+00
-2.292929292929292728e+01 -1.004008358321708982e+01 -1.016093880529739479e+01 -9.919228361136784855e+00
-2.282828282828283051e+01 -1.000362301878084459e+01 -1.012434059065097713e+01 -9.882905446910712044e+00
-2.272727272727272663e+01 -9.967891322378457986e+00 -1.008847706424137591e+01 -9.847305580515540058e+00
-2.262626262626262630e+01 -9.932455963488855843e+00 -1.005291105102312521e+01 -9.812000875954586476e+00
-2.252525252525252597e+01 -9.897641009851604110e+00 -1.001796783703081850e+01 -9.777314182672389720e+00
-2.242424242424242209e+01 -9.863181266560360427e+00 -9.983378884148237375e+00 -9.742983648972483479e+00
-2.232323232323232176e+01 -9.829191863071711666e+00 -9.949259227640929737e+00 -9.709124498502493594e+00
-2.222222222222222143e+01 -9.795610692982435808e+00 -9.915545353374854542e+00 -9.675676032590017073e+00
-2.212121212121211755e+01 -9.762362236603046028e+00 -9.882160010887687918e+00 -9.642564462318404139e+00
-2.202020202020202078e+01 -9.729571241679542126e+00 -9.849228819582988237e+00 -9.609913663776096016e+00
-2.191919191919192045e+01 -9.696986193862350945e+00 -9.816496504569663273e+00 -9.577475883155038616e+00
-2.181818181818181657e+01 -9.664899593568694769e+00 -9.784259013915244552e+00 -9.545540173222144986e+00
-2.171717171717171624e+01 -9.632913670149969576e+00 -9.752112634138995872e+00 -9.513714706160943280e+00
-2.161616161616161946e+01 -9.601381739473815458e+00 -9.720415562179010038e+00 -9.482347916768620877e+00
-2.151515151515151558e+01 -9.570010208748504610e+00 -9.688869573807474822e+00 -9.451150843689534398e+00
-2.141414141414141525e+01 -9.538974055542311703e+00 -9.657652336207918964e+00 -9.420295774876704442e+00
-2.131313131313131493e+01 -9.508156328499797638e+00 -9.626645036449064108e+00 -9.389667620550531169e+00
-2.121212121212121104e+01 -9.477563795285986359e+00 -9.595854558522791677e+00 -9.359273032049181040e+00
-2.111111111111111072e+01 -9.447246599545520596e+00 -9.565332295510156513e+00 -9.329160903580884678e+00
-2.101010101010100684e+01 -9.417051812913440401e+00 -9.534922550482626491e+00 -9.299181075344254310e+00
-2.090909090909090651e+01 -9.387188513001005319e+00 -9.504839022339865551e+00 -9.269538003662145087e+00
-2.080808080808080973e+01 -9.357351340086015767e+00 -9.474770483224146389e+00 -9.239932196947885146e+00
-2.070707070707070585e+01 -9.327850559924668161e+00 -9.445034248859613513e+00 -9.210666870989722810e+00
-2.060606060606060552e+01 -9.298386687503787940e+00 -9.415325055701870838e+00 -9.181448319305705041e+00
-2.050505050505050164e+01 -9.269188981473769573e+00 -9.385877798471367939e+00 -9.152500164476171207e+00
-2.040404040404040131e+01 -9.240091943280068776e+00 -9.356524152232626790e+00 -9.123659734327510762e+00
-2.030303030303030454e+01 -9.211169172379149117e+00 -9.327340141018215292e+00 -9.094998203740082943e+00
-2.020202020202020066e+01 -9.182409725204825790e+00 -9.298315516249779478e+00 -9.066503934159872102e+00
-2.010101010101010033e+01 -9.153737416436237950e+00 -9.269373344664769476e+00 -9.038101488207706424e+00
-2.000000000000000000e+01 -9.125290027513393909e+00 -9.240655463642596601e+00 -9.009924591384191217e+00
