# # logMh LcMh -err(LcMh) +err(LcMh)
9.500000000000000000e+00 8.360085350349798716e+00 8.829589645105828666e+00 7.890581055593768767e+00
9.508728880606904355e+00 8.287008895232354178e+00 8.755999162162035887e+00 7.818018628302672468e+00
9.517457761213810485e+00 8.213989612772957472e+00 8.682407369677521913e+00 7.745571855868393918e+00
9.526186641820714840e+00 8.140911299199323992e+00 8.608921615218090295e+00 7.672900983180557688e+00
9.534915522427620971e+00 8.067737867629919180e+00 8.535013292104508764e+00 7.600462443155329595e+00
9.543644403034525325e+00 7.994619214987177536e+00 8.461285288722052655e+00 7.527953141252302416e+00
9.552373283641431456e+00 7.921340072301374491e+00 8.387430901498348135e+00 7.455249243104399959e+00
9.561102164248335811e+00 7.848107135998700024e+00 8.313539390571358823e+00 7.382674881426042113e+00
9.569831044855241942e+00 7.774831502363427127e+00 8.239696157026145329e+00 7.309966847700708925e+00
9.578559925462146296e+00 7.701490910223352415e+00 8.165809021933254641e+00 7.237172798513450189e+00
9.587288806069052427e+00 7.628197758771865011e+00 8.092004557756936833e+00 7.164390959786793189e+00
9.596017686675956782e+00 7.554723690207238995e+00 8.017962543451069735e+00 7.091484836963407368e+00
9.604746567282862912e+00 7.481188323754133229e+00 7.943937822919969527e+00 7.018438824588296931e+00
9.613475447889767267e+00 7.407621714027348148e+00 7.869937345314581556e+00 6.945306082740114739e+00
9.622204328496673398e+00 7.333937158476112828e+00 7.795840484895116163e+00 6.872033832057109493e+00
9.630933209103577752e+00 7.260239964609041863e+00 7.721864585623460009e+00 6.798615343594623717e+00
9.639662089710483883e+00 7.186385543048732671e+00 7.647786138399094824e+00 6.724984947698370519e+00
9.648390970317388238e+00 7.112392969192411485e+00 7.573374440276973374e+00 6.651411498107849596e+00
9.657119850924292592e+00 7.038372614056532584e+00 7.498978257715192441e+00 6.577766970397872726e+00
9.665848731531198723e+00 6.964154656547805189e+00 7.424607255319834564e+00 6.503702057775775813e+00
9.674577612138103078e+00 6.889849528180799432e+00 7.350093334745652740e+00 6.429605721615946123e+00
9.683306492745009209e+00 6.815490675226700823e+00 7.275302586690581386e+00 6.355678763762820260e+00
9.692035373351913563e+00 6.740978647157489512e+00 7.200490562519379800e+00 6.281466731795599223e+00
9.700764253958819694e+00 6.666491007560711779e+00 7.125848119486299481e+00 6.207133895635124077e+00
9.709493134565724048e+00 6.591817931928975582e+00 7.050636691724509575e+00 6.132999172133441590e+00
9.718222015172630179e+00 6.517062454107328762e+00 6.975533506992853461e+00 6.058591401221804063e+00
9.726950895779534534e+00 6.442304301788901455e+00 6.900403745655097509e+00 5.984204857922705401e+00
9.735679776386440665e+00 6.367266828112693844e+00 6.824971510601039348e+00 5.909562145624348339e+00
9.744408656993345019e+00 6.292267103817867024e+00 6.749350809138301877e+00 5.835183398497432172e+00
9.753137537600251150e+00 6.217185601765756076e+00 6.673982757586411019e+00 5.760388445945101132e+00
9.761866418207155505e+00 6.141956684026962598e+00 6.598282300531986166e+00 5.685631067521939030e+00
9.770595298814061636e+00 6.066874012054617182e+00 6.522727130566050135e+00 5.611020893543184229e+00
9.779324179420965990e+00 5.991482231938651815e+00 6.446734616402039819e+00 5.536229847475263810e+00
9.788053060027872121e+00 5.916124874443525528e+00 6.370692131880888454e+00 5.461557617006162602e+00
9.796781940634776475e+00 5.840712651483874751e+00 6.294677212465370708e+00 5.386748090502378794e+00
9.805510821241682606e+00 5.765164383598794018e+00 6.218549235364843497e+00 5.311779531832744539e+00
9.814239701848586961e+00 5.689684122554689694e+00 6.142524113594785007e+00 5.236844131514594380e+00
9.822968582455491315e+00 5.613999620404208635e+00 6.066067972828053989e+00 5.161931267980363280e+00
9.831697463062397446e+00 5.538337001754836564e+00 5.989680732044026179e+00 5.086993271465646949e+00
9.840426343669301801e+00 5.462661904736457075e+00 5.913324440174634766e+00 5.011999369298279383e+00
9.849155224276207932e+00 5.386885110252515929e+00 5.836853354715123565e+00 4.936916865789908293e+00
9.857884104883112286e+00 5.311155520592133250e+00 5.760419799116665018e+00 4.861891242067601482e+00
9.866612985490018417e+00 5.235280303788425016e+00 5.683735242261586329e+00 4.786825365315263703e+00
9.875341866096922772e+00 5.159349758299330624e+00 5.606999270256150858e+00 4.711700246342510390e+00
9.884070746703828902e+00 5.083402581885598792e+00 5.530352538556224218e+00 4.636452625214973366e+00
9.892799627310733257e+00 5.007339077825578855e+00 5.453640955720953087e+00 4.561037199930204622e+00
9.901528507917639388e+00 4.931250769507090403e+00 5.377008481682460150e+00 4.485493057331720657e+00
9.910257388524543742e+00 4.855055958573901265e+00 5.300252729614689962e+00 4.409859187533112568e+00
9.918986269131449873e+00 4.778750540588213802e+00 5.223320985969991170e+00 4.334180095206436434e+00
9.927715149738354228e+00 4.702439190239824818e+00 5.146488768277380998e+00 4.258389612202268637e+00
9.936444030345260359e+00 4.625995896773561711e+00 5.069582788325878830e+00 4.182409005221244591e+00
9.945172910952164713e+00 4.549427726038719477e+00 4.992535515585516670e+00 4.106319936491922284e+00
9.953901791559070844e+00 4.472765050959726096e+00 4.915501197023369073e+00 4.030028904896083120e+00
9.962630672165975199e+00 4.395896078785648697e+00 4.838293524771763110e+00 3.953498632799534285e+00
9.971359552772881329e+00 4.318914961609771730e+00 4.761133299310954747e+00 3.876696623908588712e+00
9.980088433379785684e+00 4.241771540798602302e+00 4.683850443836575117e+00 3.799692637760629044e+00
9.988817313986690039e+00 4.164395907812562747e+00 4.606351296296026909e+00 3.722440519329098585e+00
9.997546194593596169e+00 4.086864816646834875e+00 4.528998740614146534e+00 3.644730892679523215e+00
1.000627507520050052e+01 4.009125118383726871e+00 4.451292943247715073e+00 3.566957293519738670e+00
1.001500395580740665e+01 3.931338693790836558e+00 4.373535483715635941e+00 3.489141903866037175e+00
1.002373283641431101e+01 3.853179472242647119e+00 4.295647843051471959e+00 3.410711101433822279e+00
1.003246171702121714e+01 3.774782213933161490e+00 4.217308658630454232e+00 3.332255769235868748e+00
1.004119059762812149e+01 3.696369791126446813e+00 4.139216807739421355e+00 3.253522774513471827e+00
1.004991947823502763e+01 3.617353330861484029e+00 4.060562051607351286e+00 3.174144610115616327e+00
1.005864835884193198e+01 3.538400281478348841e+00 3.981764123689531143e+00 3.095036439267166539e+00
1.006737723944883811e+01 3.459127732475607786e+00 3.902664333360165383e+00 3.015591131591050189e+00
1.007610612005574247e+01 3.379411005748060859e+00 3.823310975698746894e+00 2.935511035797374824e+00
1.008483500066264860e+01 3.299883239777402721e+00 3.743664733621090868e+00 2.856101745933714575e+00
1.009356388126955295e+01 3.219985111672466260e+00 3.663885206838192410e+00 2.776085016506740111e+00
1.010229276187645908e+01 3.139886034770215772e+00 3.583542899528504577e+00 2.696229170011926968e+00
1.011102164248336344e+01 3.059851313905295189e+00 3.503127352367850111e+00 2.616575275442740267e+00
1.011975052309026957e+01 2.979532664790889740e+00 3.422456841417644835e+00 2.536608488164134645e+00
1.012847940369717392e+01 2.899227243117034725e+00 3.341476624022960085e+00 2.456977862211109365e+00
1.013720828430408005e+01 2.818898280216763474e+00 3.260559215581064318e+00 2.377237344852462630e+00
1.014593716491098441e+01 2.738436484256587367e+00 3.179610315825778244e+00 2.297262652687396489e+00
1.015466604551788876e+01 2.657973388111566138e+00 3.098432198522867331e+00 2.217514577700264944e+00
1.016339492612479489e+01 2.577464353511517814e+00 3.017180469201146575e+00 2.137748237821889052e+00
1.017212380673169925e+01 2.496903748796822420e+00 2.936039982911669899e+00 2.057767514681974941e+00
1.018085268733860538e+01 2.416205414582596411e+00 2.854649943798640788e+00 1.977760885366552035e+00
1.018958156794550973e+01 2.335401714373080750e+00 2.773299162801704298e+00 1.897504265944457202e+00
1.019831044855241586e+01 2.254558443537354240e+00 2.691949096221499804e+00 1.817167790853208675e+00
1.020703932915932022e+01 2.173500418952221125e+00 2.610499870313154336e+00 1.736500967591287914e+00
1.021576820976622635e+01 2.092300577802803208e+00 2.529013683930243950e+00 1.655587471675362687e+00
1.022449709037313070e+01 2.011020535684202137e+00 2.447374864188600618e+00 1.574666207179803656e+00
1.023322597098003683e+01 1.929460603402843422e+00 2.365445563904323922e+00 1.493475642901362699e+00
1.024195485158694119e+01 1.847865711164104141e+00 2.283621416444745034e+00 1.412110005883463248e+00
1.025068373219384732e+01 1.766166449073569789e+00 2.201376766617919145e+00 1.330956131529220432e+00
1.025941261280075167e+01 1.684235124720638410e+00 2.119093451277119566e+00 1.249376798164157254e+00
1.026814149340765780e+01 1.602314541706058248e+00 2.036755350355921035e+00 1.167873733056195462e+00
1.027687037401456216e+01 1.520100819987137752e+00 1.954104271837071138e+00 1.086097368137204366e+00
1.028559925462146829e+01 1.437828897342956491e+00 1.871324731376013517e+00 1.004333063309899465e+00
1.029432813522837264e+01 1.355497261094156691e+00 1.788760025810971044e+00 9.222344963773423387e-01
1.030305701583527878e+01 1.272811660575210002e+00 1.705462799930634432e+00 8.401605212197854611e-01
1.031178589644218313e+01 1.190229675987302782e+00 1.622322890881446877e+00 7.581364610931587977e-01
1.032051477704908748e+01 1.107335895741966558e+00 1.538887509560631139e+00 6.757842819233019771e-01
1.032924365765599362e+01 1.024389508244209157e+00 1.455456188950268182e+00 5.933228275381501327e-01
1.033797253826289797e+01 9.414292040396687877e-01 1.371650549707297717e+00 5.112078583720397473e-01
1.034670141886980410e+01 8.581642056337981384e-01 1.287866855432127089e+00 4.284615558354692433e-01
1.035543029947670846e+01 7.749487620575481461e-01 1.203946644995687931e+00 3.459508791194083610e-01
1.036415918008361459e+01 6.914881841864716217e-01 1.119848508513688889e+00 2.631278598592544093e-01
1.037288806069051894e+01 6.078719356820682096e-01 1.035676764638803871e+00 1.800671067253324931e-01
1.038161694129742507e+01 5.242632969817520028e-01 9.514516447618495132e-01 9.707494920165449237e-02
1.039034582190432943e+01 4.402952113156410330e-01 8.668441478986548265e-01 1.374627473262729493e-02
1.039907470251123556e+01 3.563520336094484486e-01 7.821985556018377084e-01 -6.949448838294081110e-02
1.040780358311813991e+01 2.721741528437476298e-01 6.974392674107603440e-01 -1.530909617232651398e-01
1.041653246372504604e+01 1.878311666233757893e-01 6.125595085799833139e-01 -2.368971753332317354e-01
1.042526134433195040e+01 1.034530788401074458e-01 5.275754419130925799e-01 -3.206692842328776605e-01
1.043399022493885653e+01 1.879533466737479466e-02 4.424300851303624160e-01 -4.048394157956127781e-01
1.044271910554576088e+01 -6.599795125844012955e-02 3.572933183525968115e-01 -4.892892208694771261e-01
1.045144798615266524e+01 -1.509736434622427070e-01 2.718151640433162930e-01 -5.737624509678017626e-01
1.046017686675957137e+01 -2.362302396810259664e-01 1.861660356291759966e-01 -6.586265149912279293e-01
1.046890574736647572e+01 -3.215899377290507566e-01 1.006993061866001682e-01 -7.438791816447016814e-01
1.047763462797338185e+01 -4.072043983837638770e-01 1.495500802630345127e-02 -8.293638047938312052e-01
1.048636350858028621e+01 -4.930961311167859074e-01 -7.122680386683954978e-02 -9.149654583667322649e-01
1.049509238918719234e+01 -5.790972765485303819e-01 -1.573887132968648794e-01 -1.000805839800195773e+00
1.050382126979409669e+01 -6.654157397757999304e-01 -2.435000840230537311e-01 -1.087331395528546185e+00
1.051255015040100282e+01 -7.518503421919170426e-01 -3.297866999545535638e-01 -1.173913984429280521e+00
1.052127903100790718e+01 -8.385311966172928066e-01 -4.165338489553247481e-01 -1.260528544279260865e+00
1.053000791161481331e+01 -9.255860101375329441e-01 -5.036603958557325234e-01 -1.347511624419333476e+00
1.053873679222171766e+01 -1.012726960967567980e+00 -5.906459700326253115e-01 -1.434807951902510759e+00
1.054746567282862379e+01 -1.100211737653628008e+00 -6.780505525315063675e-01 -1.522372922775749648e+00
1.055619455343552815e+01 -1.187830724334377974e+00 -7.659073646581937567e-01 -1.609754084010562192e+00
1.056492343404243428e+01 -1.275507825225491665e+00 -8.537639335698599119e-01 -1.697251716881123418e+00
1.057365231464933863e+01 -1.363636676537254067e+00 -9.421143825282560780e-01 -1.785158970546252055e+00
1.058238119525624477e+01 -1.451658513507670945e+00 -1.030416549405491322e+00 -1.872900477609850567e+00
1.059111007586314912e+01 -1.539994790415015746e+00 -1.119194068100587192e+00 -1.960795512729444301e+00
1.059983895647005525e+01 -1.628442926270641689e+00 -1.207585522061018324e+00 -2.049300330480265053e+00
1.060856783707695961e+01 -1.716850449768126730e+00 -1.296469834530464826e+00 -2.137231065005788633e+00
1.061729671768386396e+01 -1.805710251991474946e+00 -1.385927885038972907e+00 -2.225492618943976986e+00
1.062602559829077009e+01 -1.894545259357121925e+00 -1.475065046931796520e+00 -2.314025471782447330e+00
1.063475447889767622e+01 -1.983652428503707155e+00 -1.564147707826307521e+00 -2.403157149181106789e+00
1.064348335950458058e+01 -2.072943146123548797e+00 -1.653804348975985050e+00 -2.492081943271112543e+00
1.065221224011148493e+01 -2.162274687697236963e+00 -1.743742136708635870e+00 -2.580807238685838279e+00
1.066094112071839106e+01 -2.251987312086090931e+00 -1.833731013174380475e+00 -2.670243610997801387e+00
1.066967000132529542e+01 -2.341786921615813366e+00 -1.923362255672260046e+00 -2.760211587559366908e+00
1.067839888193220155e+01 -2.431829876885646780e+00 -2.013664562439926087e+00 -2.849995191331367472e+00
1.068712776253910590e+01 -2.522081212767055991e+00 -2.104452505320650868e+00 -2.939709920213461114e+00
1.069585664314601203e+01 -2.612424506136316715e+00 -2.195480650672092970e+00 -3.029368361600540460e+00
1.070458552375291639e+01 -2.703103020068016171e+00 -2.286167398545982721e+00 -3.120038641590049622e+00
1.071331440435982252e+01 -2.793952095439633077e+00 -2.377232982502492487e+00 -3.210671208376773667e+00
1.072204328496672687e+01 -2.884913031125582172e+00 -2.468830917819544890e+00 -3.300995144431619455e+00
1.073077216557363300e+01 -2.976102575942892514e+00 -2.560942138623254927e+00 -3.391263013262530102e+00
1.073950104618053736e+01 -3.067353960584806138e+00 -2.653073472599491556e+00 -3.481634448570120721e+00
1.074822992678744349e+01 -3.158852311901955812e+00 -2.744758820763005591e+00 -3.572945803040906032e+00
1.075695880739434784e+01 -3.250696914015216876e+00 -2.836593021881943955e+00 -3.664800806148489798e+00
1.076568768800125397e+01 -3.342541422740347823e+00 -2.929398694371144973e+00 -3.755684151109550672e+00
1.077441656860815833e+01 -3.434612917868326676e+00 -3.022423520700369348e+00 -3.846802315036284003e+00
1.078314544921506268e+01 -3.526852158294997874e+00 -3.115831938816769675e+00 -3.937872377773226074e+00
1.079187432982196881e+01 -3.619129798453324831e+00 -3.209586124609825841e+00 -4.028673472296824265e+00
1.080060321042887317e+01 -3.711802424888603014e+00 -3.302950205518701221e+00 -4.120654644258504362e+00
1.080933209103577930e+01 -3.804446950897822255e+00 -3.395783167201352537e+00 -4.213110734594291529e+00
1.081806097164268365e+01 -3.897254545995162189e+00 -3.489980634593677244e+00 -4.304528457396647134e+00
1.082678985224958979e+01 -3.990322718783111178e+00 -3.584277466721049965e+00 -4.396367970845171946e+00
1.083551873285649414e+01 -4.083504389033562276e+00 -3.678670284941629731e+00 -4.488338493125494821e+00
1.084424761346340027e+01 -4.176850392621349606e+00 -3.773392008288866784e+00 -4.580308776953832428e+00
1.085297649407030462e+01 -4.270232550828638729e+00 -3.867774857057559412e+00 -4.672690244599717602e+00
1.086170537467721076e+01 -4.364379460754804541e+00 -3.962298853651170738e+00 -4.766460067858438343e+00
1.087043425528411511e+01 -4.458214534121673012e+00 -4.056071758642883829e+00 -4.860357309600462195e+00
1.087916313589102124e+01 -4.551917289492174667e+00 -4.151224867447842470e+00 -4.952609711536506865e+00
1.088789201649792560e+01 -4.646370558984257215e+00 -4.246493165795927283e+00 -5.046247952172587148e+00
1.089662089710483173e+01 -4.741032372125431493e+00 -4.341789224017841065e+00 -5.140275520233021922e+00
1.090534977771173608e+01 -4.835782896171945566e+00 -4.437141506814255898e+00 -5.234424285529635235e+00
1.091407865831864221e+01 -4.930706187374949145e+00 -4.532356879055982724e+00 -5.329055495693915567e+00
1.092280753892554657e+01 -5.025763990780273360e+00 -4.627393874606402946e+00 -5.424134106954143775e+00
1.093153641953245270e+01 -5.121502617868229912e+00 -4.722777066878394159e+00 -5.520228168858065665e+00
1.094026530013935705e+01 -5.217354714936965010e+00 -4.818057753512181129e+00 -5.616651676361748891e+00
1.094899418074626141e+01 -5.313321300900436306e+00 -4.913493294098103981e+00 -5.713149307702768631e+00
1.095772306135316754e+01 -5.409639161511165639e+00 -5.009318188914646974e+00 -5.809960134107684304e+00
1.096645194196007189e+01 -5.506147279786627102e+00 -5.105246957147677733e+00 -5.907047602425576471e+00
1.097518082256697802e+01 -5.603187079537295112e+00 -5.201510203073876681e+00 -6.004863956000713543e+00
1.098390970317388238e+01 -5.700469755302677299e+00 -5.297786533819783372e+00 -6.103152976785571227e+00
1.099263858378078851e+01 -5.797875474605252322e+00 -5.394177892629194560e+00 -6.201573056581310084e+00
1.100136746438769286e+01 -5.895653723422817905e+00 -5.491048076322761595e+00 -6.300259370522874214e+00
1.101009634499459899e+01 -5.993605333329274920e+00 -5.588182507191087112e+00 -6.399028159467462729e+00
1.101882522560150335e+01 -6.091858206180619462e+00 -5.685785171116379821e+00 -6.497931241244859102e+00
1.102755410620840948e+01 -6.190449074014670039e+00 -5.783850223872325280e+00 -6.597047924157014798e+00
1.103628298681531383e+01 -6.289003874580886055e+00 -5.881979812295968557e+00 -6.696027936865803554e+00
1.104501186742221996e+01 -6.387840616060254995e+00 -5.980394477953637988e+00 -6.795286754166872001e+00
1.105374074802912432e+01 -6.486850049838595034e+00 -6.078888247802643363e+00 -6.894811851874546704e+00
1.106246962863603045e+01 -6.586007803575238739e+00 -6.177490043924672491e+00 -6.994525563225804987e+00
1.107119850924293480e+01 -6.685676797323938381e+00 -6.276632545602045532e+00 -7.094721049045831229e+00
1.107992738984983916e+01 -6.785369713847600792e+00 -6.375701980359861132e+00 -7.195037447335340453e+00
1.108865627045674529e+01 -6.885485846716028036e+00 -6.475192384094141218e+00 -7.295779309337914853e+00
1.109738515106365142e+01 -6.985987823904400429e+00 -6.575151420394249158e+00 -7.396824227414551700e+00
1.110611403167055578e+01 -7.086570394380157012e+00 -6.675299783332725667e+00 -7.497841005427588357e+00
1.111484291227746013e+01 -7.187905542086260091e+00 -6.776160771110626868e+00 -7.599650313061893314e+00
1.112357179288436626e+01 -7.289300809662085712e+00 -6.877180802328416220e+00 -7.701420816995755203e+00
1.113230067349127062e+01 -7.391155413692045428e+00 -6.978883133616874623e+00 -7.803427693767216233e+00
1.114102955409817675e+01 -7.493443138529340075e+00 -7.080951112828131500e+00 -7.905935164230548651e+00
1.114975843470508110e+01 -7.595832782252211146e+00 -7.182989072897338900e+00 -8.008676491607083392e+00
1.115848731531198723e+01 -7.699021461827579849e+00 -7.286342557589137847e+00 -8.111700366066022738e+00
1.116721619591889159e+01 -7.802352789664373844e+00 -7.389643992314427479e+00 -8.215061587014320210e+00
1.117594507652579772e+01 -7.906155661014202529e+00 -7.493510204578951672e+00 -8.318801117449453386e+00
1.118467395713270207e+01 -8.010378830305489473e+00 -7.597849144133127730e+00 -8.422908516477850327e+00
1.119340283773960820e+01 -8.114830567183343391e+00 -7.702549564622735545e+00 -8.527111569743951236e+00
1.120213171834651256e+01 -8.219854388992803962e+00 -7.807991469861164546e+00 -8.631717308124443377e+00
1.121086059895341869e+01 -8.325190129665308802e+00 -7.913825008428832852e+00 -8.736555250901785641e+00
1.121958947956032304e+01 -8.430762960422615748e+00 -8.020035612311543716e+00 -8.841490308533687781e+00
1.122831836016722917e+01 -8.536801810290672421e+00 -8.126642354493165854e+00 -8.946961266088178988e+00
1.123704724077413353e+01 -8.642903101184089110e+00 -8.233455775109586483e+00 -9.052350427258591736e+00
1.124577612138103788e+01 -8.749440596726291375e+00 -8.340827114606472747e+00 -9.158054078846110002e+00
1.125450500198794401e+01 -8.856203238302700953e+00 -8.448436328495429137e+00 -9.263970148109972769e+00
1.126323388259485014e+01 -8.963014573609321189e+00 -8.556122162571391243e+00 -9.369906984647251136e+00
1.127196276320175450e+01 -9.070080799786756742e+00 -8.664043169254487253e+00 -9.476118430319026231e+00
1.128069164380865885e+01 -9.177197630051960431e+00 -8.772009486818411972e+00 -9.582385773285508890e+00
1.128942052441556498e+01 -9.284526783560473007e+00 -8.880164683023775041e+00 -9.688888884097170973e+00
1.129814940502246934e+01 -9.392213187124788476e+00 -8.988421895705739573e+00 -9.796004478543837379e+00
1.130687828562937547e+01 -9.499942003055561912e+00 -9.096638275102456817e+00 -9.903245731008667008e+00
1.131560716623627982e+01 -9.608021169205400724e+00 -9.204941860264504783e+00 -1.001110047814629667e+01
1.132433604684318595e+01 -9.716393641711968954e+00 -9.313511939536336826e+00 -1.011927534388760108e+01
1.133306492745009031e+01 -9.824885102672881843e+00 -9.422216543992142590e+00 -1.022755366135362110e+01
1.134179380805699644e+01 -9.933967044173495964e+00 -9.531594447254555291e+00 -1.033633964109243664e+01
1.135052268866390079e+01 -1.004308085694573904e+01 -9.640909383557648482e+00 -1.044525233033382960e+01
1.135925156927080693e+01 -1.015247575958218462e+01 -9.750659035649846373e+00 -1.055429248351452287e+01
1.136798044987771128e+01 -1.026230460509306930e+01 -9.860729850814324848e+00 -1.066387935937181375e+01
1.137670933048461741e+01 -1.037210755080017854e+01 -9.970921180648721460e+00 -1.077329392095163563e+01
1.138543821109152177e+01 -1.048250314784089099e+01 -1.008173727335923253e+01 -1.088326902232254945e+01
1.139416709169842790e+01 -1.059292248000251568e+01 -1.019251034919640020e+01 -1.099333461080863117e+01
1.140289597230533225e+01 -1.070365034310183106e+01 -1.030368479293518469e+01 -1.110361589326847742e+01
1.141162485291223661e+01 -1.081476185376122068e+01 -1.041546763400326370e+01 -1.121405607351917766e+01
1.142035373351914274e+01 -1.092580167758302778e+01 -1.052700453998182795e+01 -1.132459881518422762e+01
1.142908261412604887e+01 -1.103754742272084322e+01 -1.063929596005595712e+01 -1.143579888538572931e+01
1.143781149473295322e+01 -1.114928322230884383e+01 -1.075171279119964929e+01 -1.154685365341803838e+01
1.144654037533985758e+01 -1.126128524616816229e+01 -1.086450235311714430e+01 -1.165806813921918028e+01
1.145526925594676371e+01 -1.137372850534239888e+01 -1.097759366069760034e+01 -1.176986334998719741e+01
1.146399813655366806e+01 -1.148613600880078778e+01 -1.109050297249522465e+01 -1.188176904510635090e+01
1.147272701716057419e+01 -1.159913056049597380e+01 -1.120413833294121808e+01 -1.199412278805072951e+01
1.148145589776747855e+01 -1.171230903869558126e+01 -1.131782005831395210e+01 -1.210679801907721043e+01
1.149018477837438468e+01 -1.182569566634704650e+01 -1.143167150929648201e+01 -1.221971982339761098e+01
1.149891365898128903e+01 -1.193954743556342990e+01 -1.154607331220655553e+01 -1.233302155892030427e+01
1.150764253958819516e+01 -1.205353517606266145e+01 -1.166057713451101918e+01 -1.244649321761430372e+01
1.151637142019509952e+01 -1.216795578322791016e+01 -1.177551918718105028e+01 -1.256039237927477004e+01
1.152510030080200565e+01 -1.228271753395261712e+01 -1.189087497112760516e+01 -1.267456009677762907e+01
1.153382918140891000e+01 -1.239760014204901140e+01 -1.200638527237808262e+01 -1.278881501171994017e+01
1.154255806201581436e+01 -1.251284711342123046e+01 -1.212221237603238322e+01 -1.290348185081007770e+01
1.155128694262272049e+01 -1.262831036969187792e+01 -1.223834998303127719e+01 -1.301827075635247866e+01
1.156001582322962662e+01 -1.274400754227634636e+01 -1.235481142911867991e+01 -1.313320365543401280e+01
1.156874470383653097e+01 -1.286010923545228479e+01 -1.247162718334112697e+01 -1.324859128756344262e+01
1.157747358444343533e+01 -1.297628977823605112e+01 -1.258851205526676154e+01 -1.336406750120534070e+01
1.158620246505034146e+01 -1.309276701653655017e+01 -1.270572608016465210e+01 -1.347980795290844824e+01
1.159493134565724759e+01 -1.320959976182842865e+01 -1.282327653598755290e+01 -1.359592298766930440e+01
1.160366022626415194e+01 -1.332646889458853501e+01 -1.294080124633311790e+01 -1.371213654284395211e+01
1.161238910687105630e+01 -1.344392430677075190e+01 -1.305894235391338398e+01 -1.382890625962811981e+01
1.162111798747796243e+01 -1.356139287524537806e+01 -1.317700947112177801e+01 -1.394577627936897812e+01
1.162984686808486678e+01 -1.367912130330677378e+01 -1.329536395553644645e+01 -1.406287865107710111e+01
1.163857574869177292e+01 -1.379730074210521629e+01 -1.341418574285096454e+01 -1.418041574135946803e+01
1.164730462929867727e+01 -1.391545088956662113e+01 -1.353292889201148697e+01 -1.429797288712175529e+01
1.165603350990558340e+01 -1.403417348384085095e+01 -1.365224905365372798e+01 -1.441609791402797391e+01
1.166476239051248776e+01 -1.415293361321535315e+01 -1.377133774475279715e+01 -1.453452948167790915e+01
1.167349127111939389e+01 -1.427179236798684059e+01 -1.389052631019580630e+01 -1.465305842577787487e+01
1.168222015172629824e+01 -1.439129700914041798e+01 -1.401034529099680270e+01 -1.477224872728403327e+01
1.169094903233320437e+01 -1.451066595291011119e+01 -1.413016817213725673e+01 -1.489116373368296564e+01
1.169967791294010873e+01 -1.463063124120697900e+01 -1.424997684815927279e+01 -1.501128563425468521e+01
1.170840679354701308e+01 -1.475061126380390952e+01 -1.437025252674239795e+01 -1.513097000086542110e+01
1.171713567415391921e+01 -1.487065838425716890e+01 -1.449036256842201098e+01 -1.525095420009232683e+01
1.172586455476082534e+01 -1.499128173669483921e+01 -1.461106444789117376e+01 -1.537149902549850466e+01
1.173459343536772970e+01 -1.511168200356140368e+01 -1.473157495104951309e+01 -1.549178905607329426e+01
1.174332231597463405e+01 -1.523255843255754094e+01 -1.485208546082072800e+01 -1.561303140429435388e+01
1.175205119658154018e+01 -1.535352445795902199e+01 -1.497340129158095579e+01 -1.573364762433708819e+01
1.176078007718844631e+01 -1.547444136135811732e+01 -1.509391992090966639e+01 -1.585496280180656825e+01
1.176950895779535067e+01 -1.559578054255331914e+01 -1.521510382920666338e+01 -1.597645725589997490e+01
1.177823783840225502e+01 -1.571704387305042694e+01 -1.533652221543002270e+01 -1.609756553067083118e+01
1.178696671900916115e+01 -1.583846174291749342e+01 -1.545789115158380156e+01 -1.621903233425118529e+01
1.179569559961606551e+01 -1.596001567501052598e+01 -1.557952904824437823e+01 -1.634050230177667373e+01
1.180442448022297164e+01 -1.608140622602768488e+01 -1.570111707195357909e+01 -1.646169538010179068e+01
1.181315336082987599e+01 -1.620292090474606539e+01 -1.582280234009507325e+01 -1.658303946939705753e+01
1.182188224143678212e+01 -1.632444208724150414e+01 -1.594469455641974776e+01 -1.670418961806326053e+01
1.183061112204368648e+01 -1.644594458132178261e+01 -1.606644410416129531e+01 -1.682544505848226990e+01
1.183934000265059261e+01 -1.656753051330936799e+01 -1.618846204331128646e+01 -1.694659898330744952e+01
1.184806888325749696e+01 -1.668881078279809316e+01 -1.631073838231619177e+01 -1.706688318327999454e+01
1.185679776386440309e+01 -1.681005090545346192e+01 -1.643333471704731252e+01 -1.718676709385961132e+01
1.186552664447130745e+01 -1.693129534777274614e+01 -1.655595845634420371e+01 -1.730663223920128857e+01
1.187425552507821180e+01 -1.705219166785857254e+01 -1.667831951823140457e+01 -1.742606381748574051e+01
1.188298440568511793e+01 -1.717312309024638139e+01 -1.680113529246286674e+01 -1.754511088802989605e+01
1.189171328629202407e+01 -1.729362369681530964e+01 -1.692359870597596228e+01 -1.766364868765465701e+01
1.190044216689892842e+01 -1.741376617407724936e+01 -1.704597976492162559e+01 -1.778155258323287313e+01
1.190917104750583277e+01 -1.753397398618522729e+01 -1.716838667835875754e+01 -1.789956129401169704e+01
1.191789992811273891e+01 -1.765338428911798374e+01 -1.729106409238511333e+01 -1.801570448585085416e+01
1.192662880871964504e+01 -1.777281706056588106e+01 -1.741354362435999192e+01 -1.813209049677177020e+01
1.193535768932654939e+01 -1.789177142380534846e+01 -1.753494830721709974e+01 -1.824859454039359719e+01
1.194408656993345375e+01 -1.801001425183119409e+01 -1.765688978562012323e+01 -1.836313871804226494e+01
1.195281545054035988e+01 -1.812858514143648136e+01 -1.777807994170613881e+01 -1.847909034116682392e+01
1.196154433114726423e+01 -1.824623051741464508e+01 -1.789843395352069422e+01 -1.859402708130859594e+01
1.197027321175417036e+01 -1.836396168810237484e+01 -1.801883509106258430e+01 -1.870908828514216538e+01
1.197900209236107472e+01 -1.848117986895013942e+01 -1.813880596747248219e+01 -1.882355377042779665e+01
1.198773097296798085e+01 -1.859791446082683564e+01 -1.825808651050013509e+01 -1.893774241115353618e+01
1.199645985357488520e+01 -1.871509729973957548e+01 -1.837720109933249191e+01 -1.905299350014665904e+01
1.200518873418179133e+01 -1.883144007541392284e+01 -1.849608528958681930e+01 -1.916679486124102638e+01
1.201391761478869569e+01 -1.894763176502426560e+01 -1.861412151119870728e+01 -1.928114201884982393e+01
1.202264649539560182e+01 -1.906364741153169362e+01 -1.873307346274216911e+01 -1.939422136032121813e+01
1.203137537600250617e+01 -1.917879978766379523e+01 -1.885134911592260565e+01 -1.950625045940498481e+01
1.204010425660941053e+01 -1.929373467433416423e+01 -1.896862334670386119e+01 -1.961884600196446726e+01
1.204883313721631666e+01 -1.940792114445336125e+01 -1.908537753757202182e+01 -1.973046475133470068e+01
1.205756201782322279e+01 -1.952152765586346561e+01 -1.920211956297197986e+01 -1.984093574875495136e+01
1.206629089843012714e+01 -1.963453218834171210e+01 -1.931888745497705884e+01 -1.995017692170636536e+01
1.207501977903703150e+01 -1.974653785382911408e+01 -1.943398160090616855e+01 -2.005909410675205962e+01
1.208374865964393763e+01 -1.985797475464858763e+01 -1.954838693763376511e+01 -2.016756257166341015e+01
1.209247754025084376e+01 -1.996875807540036263e+01 -1.966307565581706740e+01 -2.027444049498365786e+01
1.210120642085774811e+01 -2.007867363296368524e+01 -1.977675980879351414e+01 -2.038058745713385633e+01
1.210993530146465247e+01 -2.018794701527336954e+01 -1.988900714030778261e+01 -2.048688689023895648e+01
1.211866418207155860e+01 -2.029618746356097958e+01 -2.000080714158290363e+01 -2.059156778553905554e+01
1.212739306267846295e+01 -2.040340530898685145e+01 -2.011269678133610128e+01 -2.069411383663760162e+01
1.213612194328536908e+01 -2.050991561501849247e+01 -2.022284692315819044e+01 -2.079698430687879451e+01
1.214485082389227344e+01 -2.061528809109746163e+01 -2.033226371377569919e+01 -2.089831246841922407e+01
1.215357970449917957e+01 -2.071966934952251194e+01 -2.044138644313036224e+01 -2.099795225591466163e+01
1.216230858510608392e+01 -2.082289130485639816e+01 -2.054746267667064785e+01 -2.109831993304214848e+01
1.217103746571299006e+01 -2.092477789989212411e+01 -2.065296765887257635e+01 -2.119658814091167187e+01
1.217976634631989441e+01 -2.102602440915131865e+01 -2.075861398502607713e+01 -2.129343483327656017e+01
1.218849522692680054e+01 -2.112552132985181075e+01 -2.086046921859015058e+01 -2.139057344111347092e+01
1.219722410753370490e+01 -2.122406403374897366e+01 -2.096411873420522198e+01 -2.148400933329272533e+01
1.220595298814060925e+01 -2.132097152381385285e+01 -2.106336773654854611e+01 -2.157857531107915960e+01
1.221468186874751538e+01 -2.141619508074029099e+01 -2.116296523145419428e+01 -2.166942493002638770e+01
1.222341074935442151e+01 -2.151029814213627489e+01 -2.125937545427817810e+01 -2.176122082999437168e+01
1.223213962996132587e+01 -2.160242629366453926e+01 -2.135451032815754857e+01 -2.185034225917152995e+01
1.224086851056823022e+01 -2.169314605274718843e+01 -2.144771128389562520e+01 -2.193858082159875167e+01
1.224959739117513635e+01 -2.178214612460146782e+01 -2.153869309534021070e+01 -2.202559915386272493e+01
1.225832627178204071e+01 -2.186893230630302298e+01 -2.162890004430869695e+01 -2.210896456829734902e+01
1.226705515238894684e+01 -2.195425301678136876e+01 -2.171507982611412046e+01 -2.219342620744861705e+01
1.227578403299585119e+01 -2.203723797610748747e+01 -2.180055767285803370e+01 -2.227391827935694124e+01
1.228451291360275732e+01 -2.211831383840555887e+01 -2.188396930688365671e+01 -2.235265836992746102e+01
1.229324179420966168e+01 -2.219721156460324352e+01 -2.196419691248453532e+01 -2.243022621672195172e+01
1.230197067481656781e+01 -2.227363558181052383e+01 -2.204149949554705046e+01 -2.250577166807399720e+01
1.231069955542347216e+01 -2.234797482150503001e+01 -2.211753456130924533e+01 -2.257841508170081468e+01
1.231942843603037829e+01 -2.241968458504652517e+01 -2.219090250832433853e+01 -2.264846666176871182e+01
1.232815731663728265e+01 -2.248888315033621765e+01 -2.226079073281541199e+01 -2.271697556785702332e+01
1.233688619724418700e+01 -2.255553488806752327e+01 -2.232841848140393637e+01 -2.278265129473111017e+01
1.234561507785109313e+01 -2.261952236648254200e+01 -2.239349164920983526e+01 -2.284555308375524874e+01
1.235434395845799926e+01 -2.268121144257591837e+01 -2.245551064629091798e+01 -2.290691223886091876e+01
1.236307283906490362e+01 -2.274037051919215813e+01 -2.251444002562064028e+01 -2.296630101276367597e+01
1.237180171967180797e+01 -2.279678214732976471e+01 -2.256843599951914925e+01 -2.302512829514038017e+01
1.238053060027871410e+01 -2.285068711890788506e+01 -2.262138989855317206e+01 -2.307998433926259807e+01
1.238925948088562023e+01 -2.290185935927055993e+01 -2.266979568205569251e+01 -2.313392303648542736e+01
1.239798836149252459e+01 -2.295018431271184767e+01 -2.271105399786511470e+01 -2.318931462755858064e+01
1.240671724209942894e+01 -2.299572889694395883e+01 -2.274835241664361263e+01 -2.324310537724430503e+01
1.241544612270633507e+01 -2.303830459498023941e+01 -2.278141930437702811e+01 -2.329518988558345072e+01
1.242417500331323943e+01 -2.307817621694692178e+01 -2.281300262435131998e+01 -2.334334980954252359e+01
1.243290388392014556e+01 -2.311512245480748717e+01 -2.284142390780957399e+01 -2.338882100180540036e+01
1.244163276452704991e+01 -2.314927771094376752e+01 -2.286606540309465174e+01 -2.343249001879288329e+01
1.245036164513395605e+01 -2.318110510493617227e+01 -2.288846642863501302e+01 -2.347374378123733152e+01
1.245909052574086040e+01 -2.321043886569725956e+01 -2.290898479493707995e+01 -2.351189293645743916e+01
1.246781940634776653e+01 -2.323761132058338674e+01 -2.292702670404558773e+01 -2.354819593712118575e+01
1.247654828695467089e+01 -2.326290912260800070e+01 -2.294198490070283469e+01 -2.358383334451316671e+01
1.248527716756157702e+01 -2.328668104500699698e+01 -2.295544010240844557e+01 -2.361792198760554840e+01
1.249400604816848137e+01 -2.330929798561470179e+01 -2.296767991068664827e+01 -2.365091606054275530e+01
1.250273492877538573e+01 -2.333058958973951036e+01 -2.297954998237415225e+01 -2.368162919710486847e+01
1.251146380938229186e+01 -2.335078644211127141e+01 -2.299216400764586865e+01 -2.370940887657667417e+01
1.252019268998919799e+01 -2.336994715315531934e+01 -2.300301465276240265e+01 -2.373687965354823604e+01
1.252892157059610234e+01 -2.338811855904036463e+01 -2.301416184082028948e+01 -2.376207527726043978e+01
1.253765045120300670e+01 -2.340543689296504226e+01 -2.302517821480133620e+01 -2.378569557112874833e+01
1.254637933180991283e+01 -2.342164062000512814e+01 -2.303538506454140489e+01 -2.380789617546885140e+01
1.255510821241681896e+01 -2.343669680209245954e+01 -2.304461791444451180e+01 -2.382877568974040727e+01
1.256383709302372331e+01 -2.345062893424159967e+01 -2.305280807960102862e+01 -2.384844978888217071e+01
1.257256597363062767e+01 -2.346344754599705951e+01 -2.306052020785014633e+01 -2.386637488414397268e+01
1.258129485423753380e+01 -2.347531220343143232e+01 -2.306782846442413870e+01 -2.388279594243872594e+01
1.259002373484443815e+01 -2.348620930063616186e+01 -2.307432066538710558e+01 -2.389809793588521813e+01
1.259875261545134428e+01 -2.349621437008160996e+01 -2.308011251911197093e+01 -2.391231622105124899e+01
1.260748149605824864e+01 -2.350542770079049149e+01 -2.308535595534205953e+01 -2.392549944623892344e+01
1.261621037666515477e+01 -2.351387513847137001e+01 -2.309022790148947024e+01 -2.393752237545326977e+01
1.262493925727205912e+01 -2.352162915430787038e+01 -2.309466643284170928e+01 -2.394859187577403148e+01
1.263366813787896525e+01 -2.352874610449003967e+01 -2.309865912088895357e+01 -2.395883308809112577e+01
1.264239701848586961e+01 -2.353525898156167528e+01 -2.310230266142776046e+01 -2.396821530169559011e+01
1.265112589909277574e+01 -2.354122464044761642e+01 -2.310560990698983375e+01 -2.397683937390539910e+01
1.265985477969968009e+01 -2.354667681649635824e+01 -2.310859998218799660e+01 -2.398475365080471988e+01
1.266858366030658445e+01 -2.355165794831704318e+01 -2.311131179599973606e+01 -2.399200410063435029e+01
1.267731254091349058e+01 -2.355620948492602906e+01 -2.311381529478553176e+01 -2.399860367506652636e+01
1.268604142152039671e+01 -2.356033322709226496e+01 -2.311595703099158428e+01 -2.400470942319294565e+01
1.269477030212730106e+01 -2.356406737492158499e+01 -2.311762361167873436e+01 -2.401051113816443561e+01
1.270349918273420542e+01 -2.356743771266337717e+01 -2.311890070819653076e+01 -2.401597471713022358e+01
1.271222806334111155e+01 -2.357045843866958990e+01 -2.311995111145342108e+01 -2.402096576588575871e+01
1.272095694394801768e+01 -2.357317570773860638e+01 -2.312087996271145585e+01 -2.402547145276575691e+01
1.272968582455492204e+01 -2.357560165486263770e+01 -2.312164933204386230e+01 -2.402955397768141310e+01
1.273841470516182639e+01 -2.357778817873842669e+01 -2.312231222036259481e+01 -2.403326413711425857e+01
1.274714358576873252e+01 -2.357977938110831673e+01 -2.312292106324596830e+01 -2.403663769897066516e+01
1.275587246637563688e+01 -2.358157497353004928e+01 -2.312346142102075675e+01 -2.403968852603934181e+01
1.276460134698254301e+01 -2.358319401319215558e+01 -2.312393379249253300e+01 -2.404245423389177816e+01
1.277333022758944736e+01 -2.358459427908927353e+01 -2.312430539781419725e+01 -2.404488316036434981e+01
1.278205910819635349e+01 -2.358578331805300365e+01 -2.312458138834302446e+01 -2.404698524776298285e+01
1.279078798880325785e+01 -2.358680689084920346e+01 -2.312479890390714132e+01 -2.404881487779126559e+01
1.279951686941016398e+01 -2.358768760518598739e+01 -2.312510656947687693e+01 -2.405026864089509786e+01
1.280824575001706833e+01 -2.358844278500479419e+01 -2.312558515448077401e+01 -2.405130041552881437e+01
1.281697463062397446e+01 -2.358907478747612174e+01 -2.312605282472073753e+01 -2.405209675023150595e+01
1.282570351123087882e+01 -2.358961246315553950e+01 -2.312646652929845459e+01 -2.405275839701262441e+01
1.283443239183778317e+01 -2.359007658004922803e+01 -2.312683978756336245e+01 -2.405331337253509361e+01
1.284316127244468930e+01 -2.359048085656927896e+01 -2.312717404551769462e+01 -2.405378766762086329e+01
1.285189015305159543e+01 -2.359083569945000036e+01 -2.312746773379501164e+01 -2.405420366510498908e+01
1.286061903365849979e+01 -2.359114386378539763e+01 -2.312772010612596674e+01 -2.405456762144482852e+01
1.286934791426540414e+01 -2.359141481925014716e+01 -2.312794229431783677e+01 -2.405488734418245755e+01
1.287807679487231027e+01 -2.359165638253259445e+01 -2.312814977350968348e+01 -2.405516299155550541e+01
1.288680567547921640e+01 -2.359187108898457552e+01 -2.312833950352433732e+01 -2.405540267444481373e+01
1.289553455608612076e+01 -2.359206280791907417e+01 -2.312850867475535921e+01 -2.405561694108278914e+01
1.290426343669302511e+01 -2.359223518794376773e+01 -2.312865906648675463e+01 -2.405581130940078083e+01
1.291299231729993124e+01 -2.359239089827211089e+01 -2.312878564526101499e+01 -2.405599615128320679e+01
1.292172119790683560e+01 -2.359253179463820160e+01 -2.312889174361273348e+01 -2.405617184566366973e+01
1.293045007851374173e+01 -2.359265744333638537e+01 -2.312898608193027528e+01 -2.405632880474249546e+01
1.293917895912064608e+01 -2.359276919155054131e+01 -2.312906969729495898e+01 -2.405646868580612363e+01
1.294790783972755221e+01 -2.359287160844352726e+01 -2.312914675347015958e+01 -2.405659646341689495e+01
1.295663672033445657e+01 -2.359296774451783563e+01 -2.312922016271566505e+01 -2.405671532632000620e+01
1.296536560094136270e+01 -2.359305869558379243e+01 -2.312928988569934319e+01 -2.405682750546824167e+01
1.297409448154826705e+01 -2.359314435614525252e+01 -2.312935074907187172e+01 -2.405693796321863331e+01
1.298282336215517319e+01 -2.359322527507350387e+01 -2.312940311239688995e+01 -2.405704743775011778e+01
1.299155224276207754e+01 -2.359330393944320292e+01 -2.312947372149552905e+01 -2.405713415739087679e+01
1.300028112336898189e+01 -2.359337903990124019e+01 -2.312954162695911009e+01 -2.405721645284337029e+01
1.300901000397588803e+01 -2.359345079684569413e+01 -2.312960694431579256e+01 -2.405729464937559570e+01
1.301773888458279416e+01 -2.359351781447618635e+01 -2.312966818406306757e+01 -2.405736744488930512e+01
1.302646776518969851e+01 -2.359357934834945070e+01 -2.312972457570479179e+01 -2.405743412099410961e+01
1.303519664579660287e+01 -2.359363679000564318e+01 -2.312977739745025119e+01 -2.405749618256103517e+01
1.304392552640350900e+01 -2.359369086242142899e+01 -2.312982736537533768e+01 -2.405755435946752030e+01
1.305265440701041335e+01 -2.359374466262433501e+01 -2.312987751079411325e+01 -2.405761181445455676e+01
1.306138328761731948e+01 -2.359380125505719406e+01 -2.312993083046478660e+01 -2.405767167964960151e+01
1.307011216822422384e+01 -2.359385756751732899e+01 -2.312998423780813440e+01 -2.405773089722652358e+01
1.307884104883112997e+01 -2.359391064752661293e+01 -2.313001734978902491e+01 -2.405780394526420096e+01
1.308756992943803432e+01 -2.359396141747513198e+01 -2.313004118362577799e+01 -2.405788165132448597e+01
1.309629881004494045e+01 -2.359400956014316009e+01 -2.313006415733621779e+01 -2.405795496295010238e+01
1.310502769065184481e+01 -2.359405539446812838e+01 -2.313008754278660106e+01 -2.405802324614965571e+01
1.311375657125875094e+01 -2.359409765184513930e+01 -2.313010990398499800e+01 -2.405808539970528059e+01
1.312248545186565529e+01 -2.359413629751173147e+01 -2.313013083406847059e+01 -2.405814176095499235e+01
1.313121433247255965e+01 -2.359417222592579577e+01 -2.313015103725846444e+01 -2.405819341459312710e+01
1.313994321307946578e+01 -2.359420542446600066e+01 -2.313017031011274227e+01 -2.405824053881925906e+01
1.314867209368637191e+01 -2.359423623971618511e+01 -2.313018875498639915e+01 -2.405828372444597107e+01
1.315740097429327626e+01 -2.359426506470054008e+01 -2.313020663380076769e+01 -2.405832349560031247e+01
1.316612985490018062e+01 -2.359429172912049921e+01 -2.313022360380492870e+01 -2.405835985443606972e+01
1.317485873550708675e+01 -2.359431569675556872e+01 -2.313023898325943861e+01 -2.405839241025169883e+01
1.318358761611399288e+01 -2.359433701113369253e+01 -2.313025271976808028e+01 -2.405842130249930477e+01
1.319231649672089723e+01 -2.359435652611141165e+01 -2.313026553243765093e+01 -2.405844751978517237e+01
1.320104537732780159e+01 -2.359437450044823947e+01 -2.313027758615245233e+01 -2.405847141474402662e+01
1.320977425793470772e+01 -2.359439053968819167e+01 -2.313028840942617137e+01 -2.405849266995021196e+01
1.321850313854161207e+01 -2.359440471756948909e+01 -2.313029797665570442e+01 -2.405851145848327377e+01
1.322723201914851821e+01 -2.359441718251576248e+01 -2.313030638799725125e+01 -2.405852797703427370e+01
1.323596089975542256e+01 -2.359442815617681788e+01 -2.313031379302003643e+01 -2.405854251933359933e+01
1.324468978036232869e+01 -2.359443783188126176e+01 -2.313032032218213629e+01 -2.405855534158038722e+01
1.325341866096923304e+01 -2.359444631086787680e+01 -2.313032604379944956e+01 -2.405856657793630404e+01
1.326214754157613918e+01 -2.359445378726253395e+01 -2.313033108886805067e+01 -2.405857648565701723e+01
1.327087642218304353e+01 -2.359446033693047085e+01 -2.313033550858176568e+01 -2.405858516527917601e+01
1.327960530278994966e+01 -2.359446607546753683e+01 -2.313033938094464759e+01 -2.405859276999042606e+01
1.328833418339685402e+01 -2.359447112571501037e+01 -2.313034278884994421e+01 -2.405859946258007653e+01
1.329706306400375837e+01 -2.359447552766576806e+01 -2.313034575928483605e+01 -2.405860529604670006e+01
1.330579194461066450e+01 -2.359447939772731218e+01 -2.313034837080106243e+01 -2.405861042465356192e+01
1.331452082521757063e+01 -2.359448277029158803e+01 -2.313035064660629914e+01 -2.405861489397687691e+01
1.332324970582447499e+01 -2.359448570402224021e+01 -2.313035262628675426e+01 -2.405861878175772617e+01
1.333197858643137934e+01 -2.359448828025548650e+01 -2.313035436472808470e+01 -2.405862219578288830e+01
1.334070746703828547e+01 -2.359449051873405168e+01 -2.313035587525266479e+01 -2.405862516221543856e+01
1.334943634764519160e+01 -2.359449247841569175e+01 -2.313035719764517495e+01 -2.405862775918620855e+01
1.335816522825209596e+01 -2.359449418512589247e+01 -2.313035834933264567e+01 -2.405863002091913927e+01
1.336689410885900031e+01 -2.359449566842011237e+01 -2.313035935025908429e+01 -2.405863198658114044e+01
1.337562298946590644e+01 -2.359449696417627962e+01 -2.313036022463491292e+01 -2.405863370371764631e+01
1.338435187007281080e+01 -2.359449808788031078e+01 -2.313036098291001608e+01 -2.405863519285060548e+01
1.339308075067971693e+01 -2.359449906585263435e+01 -2.313036164284540419e+01 -2.405863648885986450e+01
1.340180963128662128e+01 -2.359449991526080481e+01 -2.313036221602575537e+01 -2.405863761449585425e+01
1.341053851189352741e+01 -2.359450065054756962e+01 -2.313036271219701590e+01 -2.405863858889812334e+01
1.341926739250043177e+01 -2.359450128942364699e+01 -2.313036314331037957e+01 -2.405863943553691442e+01
1.342799627310733790e+01 -2.359450184232506942e+01 -2.313036351640807098e+01 -2.405864016824206786e+01
1.343672515371424225e+01 -2.359450232062726371e+01 -2.313036383916623251e+01 -2.405864080208829492e+01
1.344545403432114838e+01 -2.359450273474603677e+01 -2.313036411861343922e+01 -2.405864135087863431e+01
1.345418291492805274e+01 -2.359450309179868199e+01 -2.313036435955244130e+01 -2.405864182404492269e+01
1.346291179553495709e+01 -2.359450340031446558e+01 -2.313036456773879124e+01 -2.405864223289013992e+01
1.347164067614186322e+01 -2.359450366674168009e+01 -2.313036474752378524e+01 -2.405864258595957494e+01
1.348036955674876936e+01 -2.359450389584264229e+01 -2.313036490212103757e+01 -2.405864288956424701e+01
1.348909843735567371e+01 -2.359450409351944700e+01 -2.313036503551327883e+01 -2.405864315152561517e+01
1.349782731796257806e+01 -2.359450426326896633e+01 -2.313036515006020011e+01 -2.405864337647773255e+01
1.350655619856948420e+01 -2.359450440907596658e+01 -2.313036524845071185e+01 -2.405864356970122131e+01
1.351528507917639033e+01 -2.359450453468707565e+01 -2.313036533321304589e+01 -2.405864373616110541e+01
1.352401395978329468e+01 -2.359450464205636067e+01 -2.313036540566580612e+01 -2.405864387844691521e+01
1.353274284039019904e+01 -2.359450473436381657e+01 -2.313036546795484227e+01 -2.405864400077279086e+01
1.354147172099710517e+01 -2.359450481331322180e+01 -2.313036552122987288e+01 -2.405864410539657072e+01
1.355020060160401130e+01 -2.359450488071254881e+01 -2.313036556671091759e+01 -2.405864419471418003e+01
1.355892948221091565e+01 -2.359450493862567555e+01 -2.313036560579067924e+01 -2.405864427146067186e+01
1.356765836281782001e+01 -2.359450498782783967e+01 -2.313036563899228071e+01 -2.405864433666339863e+01
1.357638724342472614e+01 -2.359450502995418120e+01 -2.313036566741912381e+01 -2.405864439248923858e+01
1.358511612403163049e+01 -2.359450506580172302e+01 -2.313036569160903255e+01 -2.405864443999441349e+01
1.359384500463853485e+01 -2.359450509610099189e+01 -2.313036571205496728e+01 -2.405864448014701651e+01
1.360257388524544098e+01 -2.359450512206737471e+01 -2.313036572957707904e+01 -2.405864451455767039e+01
1.361130276585234711e+01 -2.359450514404516142e+01 -2.313036574440767623e+01 -2.405864454368264660e+01
1.362003164645925146e+01 -2.359450516277139798e+01 -2.313036575704413522e+01 -2.405864456849866073e+01
1.362876052706615582e+01 -2.359450517867043828e+01 -2.313036576777280118e+01 -2.405864458956807539e+01
1.363748940767306195e+01 -2.359450519211453923e+01 -2.313036577684487938e+01 -2.405864460738419908e+01
1.364621828827996808e+01 -2.359450520355983016e+01 -2.313036578456815917e+01 -2.405864462255150116e+01
1.365494716888687243e+01 -2.359450521322308703e+01 -2.313036579108891999e+01 -2.405864463535725406e+01
1.366367604949377679e+01 -2.359450522140148720e+01 -2.313036579660770187e+01 -2.405864464619527254e+01
1.367240493010068292e+01 -2.359450522831699004e+01 -2.313036580127428010e+01 -2.405864465535969998e+01
1.368113381070758905e+01 -2.359450523413862300e+01 -2.313036580520271457e+01 -2.405864466307453142e+01
1.368986269131449340e+01 -2.359450523906041752e+01 -2.313036580852393698e+01 -2.405864466959689807e+01
1.369859157192139776e+01 -2.359450524320462961e+01 -2.313036581132045200e+01 -2.405864467508880722e+01
1.370732045252830389e+01 -2.359450524668812221e+01 -2.313036581367111566e+01 -2.405864467970512877e+01
1.371604933313521002e+01 -2.359450524962055340e+01 -2.313036581564991678e+01 -2.405864468359119002e+01
1.372477821374211437e+01 -2.359450525207804361e+01 -2.313036581730823116e+01 -2.405864468684785606e+01
1.373350709434901873e+01 -2.359450525414107247e+01 -2.313036581870036201e+01 -2.405864468958178293e+01
1.374223597495592486e+01 -2.359450525587321934e+01 -2.313036581986921547e+01 -2.405864469187722321e+01
1.375096485556282921e+01 -2.359450525731912762e+01 -2.313036582084490789e+01 -2.405864469379334736e+01
1.375969373616973357e+01 -2.359450525853031877e+01 -2.313036582166222388e+01 -2.405864469539841366e+01
1.376842261677663970e+01 -2.359450525954065370e+01 -2.313036582234399674e+01 -2.405864469673731065e+01
1.377715149738354583e+01 -2.359450526038263973e+01 -2.313036582291216803e+01 -2.405864469785311144e+01
1.378588037799045019e+01 -2.359450526108744484e+01 -2.313036582338777336e+01 -2.405864469878711631e+01
1.379460925859735454e+01 -2.359450526167170992e+01 -2.313036582378203221e+01 -2.405864469956138763e+01
1.380333813920426067e+01 -2.359450526215859867e+01 -2.313036582411058362e+01 -2.405864470020661372e+01
1.381206701981116680e+01 -2.359450526256283354e+01 -2.313036582438336097e+01 -2.405864470074230610e+01
1.382079590041807116e+01 -2.359450526289714745e+01 -2.313036582460895829e+01 -2.405864470118533660e+01
1.382952478102497551e+01 -2.359450526317602481e+01 -2.313036582479714554e+01 -2.405864470155490409e+01
1.383825366163188164e+01 -2.359450526340559406e+01 -2.313036582495205806e+01 -2.405864470185913007e+01
1.384698254223878777e+01 -2.359450526359584899e+01 -2.313036582508044248e+01 -2.405864470211125550e+01
1.385571142284569213e+01 -2.359450526375304946e+01 -2.313036582518651940e+01 -2.405864470231957952e+01
1.450000000000000000e+01 -2.359450526375304946e+01 -2.313036582518651940e+01 -2.405864470231957952e+01
