# # logMh LcMh -err(LcMh) +err(LcMh)
9.500000000000000000e+00 1.246608071428576636e+01 1.249597201863359253e+01 1.243618940993794020e+01
9.509018036072143687e+00 1.238721200085135088e+01 1.241710323916066194e+01 1.235732076254203982e+01
9.518036072144287374e+00 1.230830779890421844e+01 1.233819894577457887e+01 1.227841665203385801e+01
9.527054108216432837e+00 1.222933937693441209e+01 1.225923048885582567e+01 1.219944826501299850e+01
9.536072144288578301e+00 1.215029251897719043e+01 1.218018365429107597e+01 1.212040138366330488e+01
9.545090180360720211e+00 1.207116384269571085e+01 1.210105500846688287e+01 1.204127267692453884e+01
9.554108216432865675e+00 1.199195750083067935e+01 1.202184862284123135e+01 1.196206637882012735e+01
9.563126252505011138e+00 1.191268226611881076e+01 1.194257317832092191e+01 1.188279135391669961e+01
9.572144288577153048e+00 1.183334899978094334e+01 1.186323944967167066e+01 1.180345854989021603e+01
9.581162324649298512e+00 1.175396850368155732e+01 1.178385817018878612e+01 1.172407883717432853e+01
9.590180360721443975e+00 1.167454975626128721e+01 1.170443827685610394e+01 1.164466123566647049e+01
9.599198396793585886e+00 1.159509853234341747e+01 1.162498553622021724e+01 1.156521152846661771e+01
9.608216432865731349e+00 1.151561640691593347e+01 1.154550155120769972e+01 1.148573126262416721e+01
9.617234468937876812e+00 1.143610014299095567e+01 1.146598314911321204e+01 1.140621713686869931e+01
9.626252505010018723e+00 1.135654146364226413e+01 1.138642215098529675e+01 1.132666077629923151e+01
9.635270541082164186e+00 1.127692720832283335e+01 1.130680552263783412e+01 1.124704889400783259e+01
9.644288577154309650e+00 1.119723987356376504e+01 1.122711590751467270e+01 1.116736383961285739e+01
9.653306613226451560e+00 1.111745853815583729e+01 1.114733254163471976e+01 1.108758453467695482e+01
9.662324649298597024e+00 1.103756017291505920e+01 1.106743255084495914e+01 1.100768779498515926e+01
9.671342685370742487e+00 1.095752133513411053e+01 1.098739263060936366e+01 1.092765003965885739e+01
9.680360721442884397e+00 1.087732024782048335e+01 1.090719110856060148e+01 1.084744938708036521e+01
9.689378757515029861e+00 1.079693926382300617e+01 1.082681039004233270e+01 1.076706813760367965e+01
9.698396793587175324e+00 1.071636771494845775e+01 1.074623978686982362e+01 1.068649564302709187e+01
9.707414829659317235e+00 1.063560514616914077e+01 1.066547872953588971e+01 1.060573156280239182e+01
9.716432865731462698e+00 1.055466493502310144e+01 1.058454036308993018e+01 1.052478950695627269e+01
9.725450901803608161e+00 1.047357829630869652e+01 1.050345552691779893e+01 1.044370106569959411e+01
9.734468937875750072e+00 1.039239867217441571e+01 1.042227711864956419e+01 1.036252022569926723e+01
9.743486973947895535e+00 1.031120650770555436e+01 1.034108484242278259e+01 1.028132817298832613e+01
9.752505010020040999e+00 1.023007400561293423e+01 1.025995149637946469e+01 1.020019651484640377e+01
9.761523046092182909e+00 1.014886043370471391e+01 1.017873793347938616e+01 1.011898293393004167e+01
9.770541082164328373e+00 1.006754538116593878e+01 1.009742311885616495e+01 1.003766764347571261e+01
9.779559118236473836e+00 9.986135602186193339e+00 1.001601381079855813e+01 9.956257393573828551e+00
9.788577154308615746e+00 9.904634256560049366e+00 9.934513028078482577e+00 9.874755485041616154e+00
9.797595190380761210e+00 9.823041534138599928e+00 9.852920752561249884e+00 9.793162315715949973e+00
9.806613226452906673e+00 9.741355252048665037e+00 9.771234587171750974e+00 9.711475916925579099e+00
9.815631262525050360e+00 9.659571421958458970e+00 9.689450368029319804e+00 9.629692475887598135e+00
9.824649298597194047e+00 9.577684784669269646e+00 9.607562729564845583e+00 9.547806839773693710e+00
9.833667334669339510e+00 9.495689309312611570e+00 9.525565621433498720e+00 9.465812997191724421e+00
9.842685370741483197e+00 9.413578654431935533e+00 9.443452776036165730e+00 9.383704532827705336e+00
9.851703406813626884e+00 9.331346588228162986e+00 9.361218125462819728e+00 9.301475050993506244e+00
9.860721442885772348e+00 9.248987365248598991e+00 9.278856166671337391e+00 9.219118563825860591e+00
9.869739478957916035e+00 9.166496056798381531e+00 9.196362273714896673e+00 9.136629839881866388e+00
9.878757515030059722e+00 9.083868832353637401e+00 9.113732955831107319e+00 9.054004708876167484e+00
9.887775551102205185e+00 9.001103189255951875e+00 9.030966060206411683e+00 8.971240318305492067e+00
9.896793587174348872e+00 8.918198127967290390e+00 8.948060918228902594e+00 8.888335337705678185e+00
9.905811623246492559e+00 8.835154270164535362e+00 8.865018434042665874e+00 8.805290106286404850e+00
9.914829659318638022e+00 8.751973916953266652e+00 8.781841114217250777e+00 8.722106719689282528e+00
9.923847695390781709e+00 8.668661044479916811e+00 8.698533037345370644e+00 8.638789051614462977e+00
9.932865731462925396e+00 8.585221234221450004e+00 8.615099762381943194e+00 8.555342706060956814e+00
9.941883767535070859e+00 8.501661535232207356e+00 8.531548174538087892e+00 8.471774895926326820e+00
9.950901803607214546e+00 8.417990255627053386e+00 8.447886267543175620e+00 8.388094243710931153e+00
9.959919839679358233e+00 8.334216680579958236e+00 8.364122861088050698e+00 8.304310500071865775e+00
9.968937875751503697e+00 8.250350714117672624e+00 8.280267252263024957e+00 8.220434175972320290e+00
9.977955911823647384e+00 8.166402441987591132e+00 8.196328799803723086e+00 8.136476084171459178e+00
9.986973947895791071e+00 8.082381612879046884e+00 8.112316439958000558e+00 8.052446785800093210e+00
9.995991983967936534e+00 7.998297035277513345e+00 8.028238132787340220e+00 7.968355937767685582e+00
1.000501002004008022e+01 7.914155887231018482e+00 7.944100237716056334e+00 7.884211536745980631e+00
1.001402805611222391e+01 7.829962936307817145e+00 7.859906817141261826e+00 7.800019055474372465e+00
1.002304609218436937e+01 7.745719667024962618e+00 7.775658866917256162e+00 7.715780467132669074e+00
1.003206412825651306e+01 7.661423313026977766e+00 7.691353472527468149e+00 7.631493153526487383e+00
1.004108216432865675e+01 7.577065791293685848e+00 7.606982889756998212e+00 7.547148692830373484e+00
1.005010020040080221e+01 7.492632535656895243e+00 7.522533548679434467e+00 7.462731522634356018e+00
1.005911823647294590e+01 7.408101226905086101e+00 7.437984979771007588e+00 7.378217474039164614e+00
1.006813627254508958e+01 7.323440416755174986e+00 7.353308660965214294e+00 7.293572172545135679e+00
1.007715430861723505e+01 7.238608042971068635e+00 7.268466784461493191e+00 7.208749301480644078e+00
1.008617234468937873e+01 7.153549832908087325e+00 7.183410942101075669e+00 7.123688723715098980e+00
1.009519038076152242e+01 7.068269284335231717e+00 7.098130504495270721e+00 7.038408064175192713e+00
1.010420841683366788e+01 6.982867856249878713e+00 7.012726993091741079e+00 6.953008719408016347e+00
1.011322645290581157e+01 6.897339942903122356e+00 6.927198031528063460e+00 6.867481854278181252e+00
1.012224448897795526e+01 6.811678579469038652e+00 6.841535556928789674e+00 6.781821602009287631e+00
1.013126252505010072e+01 6.725879382499258874e+00 6.755734431549369035e+00 6.696024333449148713e+00
1.014028056112224441e+01 6.639940329319974133e+00 6.669792205468635160e+00 6.610088453171313105e+00
1.014929859719438809e+01 6.553861516282596611e+00 6.583708853609868683e+00 6.524014178955324539e+00
1.015831663326653356e+01 6.467644899181845375e+00 6.497486490902193879e+00 6.437803307461496871e+00
1.016733466933867724e+01 6.381294019154704955e+00 6.411129069393703972e+00 6.351458968915705938e+00
1.017635270541082093e+01 6.294813717373624939e+00 6.324642061127648596e+00 6.264985373619601283e+00
1.018537074148296639e+01 6.208209841847845745e+00 6.238032130593551550e+00 6.178387553102139940e+00
1.019438877755511008e+01 6.121488949646210820e+00 6.151306800564555033e+00 6.091671098727866607e+00
1.020340681362725377e+01 6.034658007854894812e+00 6.064474115132416188e+00 6.004841900577373437e+00
1.021242484969939923e+01 5.947724096583884013e+00 5.977542303751936181e+00 5.917905889415831844e+00
1.022144288577154292e+01 5.860694117335635056e+00 5.890519450106232568e+00 5.830868784565037544e+00
1.023046092184368661e+01 5.773574510049246378e+00 5.803413169604120014e+00 5.743735850494372741e+00
1.023947895791583207e+01 5.686370982134082652e+00 5.716230299321556352e+00 5.656511664946608953e+00
1.024849699398797576e+01 5.599088252806186716e+00 5.628976604198406619e+00 5.569199901413966813e+00
1.025751503006011944e+01 5.511729816040896957e+00 5.541656503301926939e+00 5.481803128779866974e+00
1.026653306613226491e+01 5.424297725455530461e+00 5.454272819968817743e+00 5.394322630942243180e+00
1.027555110220440859e+01 5.336792404435525050e+00 5.366826559637146943e+00 5.306758249233903157e+00
1.028456913827655228e+01 5.249212484817435964e+00 5.279316719179569795e+00 5.219108250455302134e+00
1.029358717434869774e+01 5.161554677442642181e+00 5.191740131549622106e+00 5.131369223335662255e+00
1.030260521042084143e+01 5.073813677895166130e+00 5.104091349552462020e+00 5.043536006237870239e+00
1.031162324649298512e+01 4.985982110737008810e+00 5.016362572551456012e+00 4.955601648922561608e+00
1.032064128256513058e+01 4.898050515554817963e+00 4.928543619922346686e+00 4.867557411187289240e+00
1.032965931863727427e+01 4.810007378131361477e+00 4.840621955066480631e+00 4.779392801196242324e+00
1.033867735470941795e+01 4.721839210055113867e+00 4.752582763794355181e+00 4.691095656315872553e+00
1.034769539078156342e+01 4.633530680081891617e+00 4.664409090891366461e+00 4.602652269272416774e+00
1.035671342685370711e+01 4.545064800561883445e+00 4.576082038677106389e+00 4.514047562446660500e+00
1.036573146292585079e+01 4.456423172245479236e+00 4.487581031369548334e+00 4.425265313121410138e+00
1.037474949899799626e+01 4.367586290781790836e+00 4.398884149065992233e+00 4.336288432497589440e+00
1.038376753507013994e+01 4.278533918223212495e+00 4.309968535152082225e+00 4.247099301294342766e+00
1.039278557114228363e+01 4.189245522849452286e+00 4.220810880950292443e+00 4.157680164748612128e+00
1.040180360721442909e+01 4.099700790624865476e+00 4.131387991419673611e+00 4.068013589830057342e+00
1.041082164328657278e+01 4.009880211602525613e+00 4.041677435718264100e+00 3.978082987486786681e+00
1.041983967935871647e+01 3.919765744588373124e+00 3.951658286439484247e+00 3.887873202737262002e+00
1.042885771543086193e+01 3.829341563379364377e+00 3.861311951334371884e+00 3.797371175424356871e+00
1.043787575150300562e+01 3.738594887888958773e+00 3.770623101330987659e+00 3.706566674446929888e+00
1.044689378757514930e+01 3.647516903473374761e+00 3.679580698662382243e+00 3.615453108284367278e+00
1.045591182364729477e+01 3.556103771772468392e+00 3.588179128914938509e+00 3.524028414629998274e+00
1.046492985971943845e+01 3.464357736378625319e+00 3.496419440808441692e+00 3.432296031948808945e+00
1.047394789579158214e+01 3.372288326647054912e+00 3.404310697519248752e+00 3.340265955774861073e+00
1.048296593186372760e+01 3.279913662961358334e+00 3.311871443358367362e+00 3.247955882564349306e+00
1.049198396793587129e+01 3.187261866767779672e+00 3.219131289615852154e+00 3.155392443919707191e+00
1.050100200400801498e+01 3.094372578691478637e+00 3.126132623382792630e+00 3.062612534000164644e+00
1.051002004008016044e+01 3.001298588048766369e+00 3.032932443162808855e+00 2.969664732934723883e+00
1.051903807615230413e+01 2.908107577068628657e+00 2.939604325084368419e+00 2.876610829052888896e+00
1.052805611222444782e+01 2.814883983136975409e+00 2.846240523525276789e+00 2.783527442748674030e+00
1.053707414829659328e+01 2.721730982377452257e+00 2.752954209961195886e+00 2.690507754793708628e+00
1.054609218436873697e+01 2.628696842887369822e+00 2.659848627755832418e+00 2.597545058018907227e+00
1.055511022044088065e+01 2.535531868441619707e+00 2.566670937620792348e+00 2.504392799262447067e+00
1.056412825651302612e+01 2.442185222854148741e+00 2.473312312141106251e+00 2.411058133567191231e+00
1.057314629258516980e+01 2.348650706338328842e+00 2.379767555792943856e+00 2.317533856883713828e+00
1.058216432865731349e+01 2.254923675942498207e+00 2.286032290888608376e+00 2.223815060996388038e+00
1.059118236472945895e+01 2.161000981858916425e+00 2.192103169952101638e+00 2.129898793765731213e+00
1.060020040080160264e+01 2.066880870333748010e+00 2.097978009310168090e+00 2.035783731357327930e+00
1.060921843687374633e+01 1.972562857239227085e+00 2.003655850845489361e+00 1.941469863632964588e+00
1.061823647294589179e+01 1.878047576369676674e+00 1.909136958859247946e+00 1.846958193880105403e+00
1.062725450901803548e+01 1.783336606522555989e+00 1.814422758989719719e+00 1.752250454055392259e+00
1.063627254509017916e+01 1.688432281425697123e+00 1.719515726133600930e+00 1.657348836717793317e+00
1.064529058116232463e+01 1.593337486572413475e+00 1.624419228317257158e+00 1.562255744827569792e+00
1.065430861723446831e+01 1.498055447025620879e+00 1.529137333464551052e+00 1.466973560586690706e+00
1.066332665330661200e+01 1.402589510252178151e+00 1.433674586007996909e+00 1.371504434496359393e+00
1.067234468937875747e+01 1.306942928049076080e+00 1.338035760290354759e+00 1.275850095807797402e+00
1.068136272545090115e+01 1.211118641622676906e+00 1.242225597703418227e+00 1.180011685541935584e+00
1.069038076152304662e+01 1.115119073882130385e+00 1.146248534510625250e+00 1.083989613253635520e+00
1.069939879759519030e+01 1.018945933008780447e+00 1.050108427300816771e+00 9.877834387167442332e-01
1.070841683366733399e+01 9.226000313623268223e-01 9.538082830194505313e-01 8.913917797052031133e-01
1.071743486973947945e+01 8.260811237855616440e-01 8.573500005245866529e-01 7.948122470465366352e-01
1.072645290581162314e+01 7.293877693688026742e-01 7.607341306142889614e-01 6.980414081233163870e-01
1.073547094188376683e+01 6.325172207352208753e-01 6.639596614721783308e-01 6.010747799982634199e-01
1.074448897795591229e+01 5.354653449087063422e-01 5.670238364782675955e-01 5.039068533391450888e-01
1.075350701402805598e+01 4.382265798254592615e-01 4.699220113318229863e-01 4.065311483190955366e-01
1.076252505010019966e+01 3.407939305504619765e-01 3.726475574328756979e-01 3.089403036680482550e-01
1.077154308617234513e+01 2.431590092605058484e-01 2.751918184696445779e-01 2.111262000513671189e-01
1.078056112224448881e+01 1.453121230549475063e-01 1.775441271584974889e-01 1.130801189513975236e-01
1.078957915831663250e+01 4.724241365534662118e-02 7.969188908315286146e-02 1.479293822754037396e-02
1.079859719438877796e+01 -5.106194694432893838e-02 -1.837925941966143950e-02 -8.374463446899643726e-02
1.080761523046092165e+01 -1.496135008157687407e-01 -1.166852123814374753e-01 -1.825417892501000061e-01
1.081663326653306711e+01 -2.484251843615145339e-01 -2.152430673833395369e-01 -2.816073013396895308e-01
1.082565130260521080e+01 -3.475099404454667917e-01 -3.140707038505130555e-01 -3.809491770404205280e-01
1.083466933867735449e+01 -4.468802583279460339e-01 -4.131862595130272320e-01 -4.805742571428648358e-01
1.084368737474949995e+01 -5.465476373434927648e-01 -5.126074980860639840e-01 -5.804877766009215456e-01
1.085270541082164364e+01 -6.465219702602602592e-01 -6.123510612227252015e-01 -6.806928792977953169e-01
1.086172344689378733e+01 -7.468108422598442875e-01 -7.124315977927555554e-01 -7.811900867269330195e-01
1.087074148296593279e+01 -8.474187414758629355e-01 -8.128607635400129094e-01 -8.819767194117129616e-01
1.087975951903807648e+01 -9.483461770301229166e-01 -9.136460841719479253e-01 -9.830462698882979078e-01
1.088877755511022016e+01 -1.049588700505220018e+00 -1.014789674934487573e+00 -1.084387726075952463e+00
1.089779559118236563e+01 -1.151135826791883643e+00 -1.116286809725054896e+00 -1.185984843858712390e+00
1.090681362725450931e+01 -1.252969850249896933e+00 -1.218124332797073217e+00 -1.287815367702720648e+00
1.091583166332665300e+01 -1.355064552121454158e+00 -1.320278906109287886e+00 -1.389850198133620429e+00
1.092484969939879846e+01 -1.457383795135247073e+00 -1.422715085372670885e+00 -1.492052504897823262e+00
1.093386773547094215e+01 -1.559880001240133707e+00 -1.525383217848262474e+00 -1.594376784632004940e+00
1.094288577154308584e+01 -1.662492508407222402e+00 -1.628217154949228584e+00 -1.696767861865216220e+00
1.095190380761523130e+01 -1.765246105930675879e+00 -1.731232076191971947e+00 -1.799260135669379812e+00
1.096092184368737499e+01 -1.868246058061642456e+00 -1.834518731445123674e+00 -1.901973384678161239e+00
1.096993987975951867e+01 -1.971500536484453114e+00 -1.938065019100092989e+00 -2.004936053868813239e+00
1.097895791583166414e+01 -2.075014074095578920e+00 -2.041848509738112938e+00 -2.108179638453044902e+00
1.098797595190380783e+01 -2.178788439533830612e+00 -2.145836311856750722e+00 -2.211740567210910502e+00
1.099699398797595151e+01 -2.282823075640736388e+00 -2.249984419949317527e+00 -2.315661731332155249e+00
1.100601202404809698e+01 -2.387117818503685207e+00 -2.354295338765876267e+00 -2.419940298241494148e+00
1.101503006012024066e+01 -2.491674551495249190e+00 -2.458858058643201616e+00 -2.524491044347296764e+00
1.102404809619238435e+01 -2.596490726145500361e+00 -2.563683402911345333e+00 -2.629298049379655389e+00
1.103306613226452981e+01 -2.701566707648044297e+00 -2.668774470605229432e+00 -2.734358944690859161e+00
1.104208416833667350e+01 -2.806900988105600625e+00 -2.774129105618437841e+00 -2.839672870592763410e+00
1.105110220440881719e+01 -2.912489880074671245e+00 -2.879740851232331256e+00 -2.945238908917011234e+00
1.106012024048096265e+01 -3.018328025894417621e+00 -2.985599985310601223e+00 -3.051056066478234019e+00
1.106913827655310634e+01 -3.124408906206177061e+00 -3.091694517540429565e+00 -3.157123294871924557e+00
1.107815631262525002e+01 -3.230725341030289410e+00 -3.198011141806158086e+00 -3.263439540254420734e+00
1.108717434869739549e+01 -3.337269976766311430e+00 -3.304536136780805045e+00 -3.370003816751817816e+00
1.109619238476953917e+01 -3.444035752483276536e+00 -3.411256207821317776e+00 -3.476815297145235295e+00
1.110521042084168286e+01 -3.551016338866621602e+00 -3.518159263253457958e+00 -3.583873414479785247e+00
1.111422845691382832e+01 -3.658206543187908721e+00 -3.625235118131666212e+00 -3.691177968244151231e+00
1.112324649298597201e+01 -3.765602673663968503e+00 -3.732476118559803879e+00 -3.798729228768133126e+00
1.113226452905811570e+01 -3.873202856572110164e+00 -3.839877679658648901e+00 -3.906528033485571427e+00
1.114128256513026116e+01 -3.981007299487495654e+00 -3.947438730265505846e+00 -4.014575868709485462e+00
1.115030060120240485e+01 -4.089018494009325266e+00 -4.055162057451814128e+00 -4.122874930566836404e+00
1.115931863727454854e+01 -4.197241351342483995e+00 -4.163054543944658903e+00 -4.231428158740309087e+00
1.116833667334669400e+01 -4.305683264100740537e+00 -4.271127291537515802e+00 -4.340239236663965272e+00
1.117735470941883769e+01 -4.414354087698128204e+00 -4.379395623576127328e+00 -4.449312551820129080e+00
1.118637274549098137e+01 -4.523266034695184956e+00 -4.487878959605405171e+00 -4.558653109784964741e+00
1.119539078156312684e+01 -4.632433475466127604e+00 -4.596600555262718046e+00 -4.668266395669537161e+00
1.120440881763527052e+01 -4.741872638553599195e+00 -4.705587100503413112e+00 -4.778158176603785279e+00
1.121342685370741421e+01 -4.851601204077655716e+00 -4.814868169244518548e+00 -4.888334238910792884e+00
1.122244488977955967e+01 -4.961637783565079118e+00 -4.924475513511957558e+00 -4.998800053618200678e+00
1.123146292585170336e+01 -5.072001279565641063e+00 -5.034442195177111223e+00 -5.109560363954170903e+00
1.124048096192384705e+01 -5.182710118422000356e+00 -5.144801548368718613e+00 -5.220618688475282099e+00
1.124949899799599251e+01 -5.293781349559308680e+00 -5.255585965645384938e+00 -5.331976733473232422e+00
1.125851703406813620e+01 -5.405229604661155207e+00 -5.366825501014618638e+00 -5.443633708307691776e+00
1.126753507014027988e+01 -5.517065910098532200e+00 -5.478546282884284579e+00 -5.555585537312779820e+00
1.127655310621242535e+01 -5.629296345977891747e+00 -5.590768730031839162e+00 -5.667823961923944331e+00
1.128557114228456904e+01 -5.741920545174923340e+00 -5.703505563677181200e+00 -5.780335526672665480e+00
1.129458917835671272e+01 -5.854930025720756603e+00 -5.816759608745104337e+00 -5.893100442696408869e+00
1.130360721442885819e+01 -5.968306349906616681e+00 -5.930521377402606653e+00 -6.006091322410626709e+00
1.131262525050100187e+01 -6.082019103473603749e+00 -6.044766427956987265e+00 -6.119271778990220234e+00
1.132164328657314556e+01 -6.196023688254285844e+00 -6.159452492200667706e+00 -6.232594884307903982e+00
1.133066132264529102e+01 -6.310258921632106777e+00 -6.274516364287967995e+00 -6.346001478976245558e+00
1.133967935871743471e+01 -6.424644436185343643e+00 -6.389870544229861338e+00 -6.459418328140825949e+00
1.134869739478957840e+01 -6.539172501991283859e+00 -6.505494258201578006e+00 -6.572850745780989712e+00
1.135771543086172386e+01 -6.654084151824910975e+00 -6.621608735616646868e+00 -6.686559568033175083e+00
1.136673346693386755e+01 -6.769409487803943470e+00 -6.738216621238398929e+00 -6.800602354369488012e+00
1.137575150300601123e+01 -6.885160558801556085e+00 -6.855293911369583881e+00 -6.915027206233528290e+00
1.138476953907815670e+01 -7.001350404446903042e+00 -6.972808009659427597e+00 -7.029892799234378487e+00
1.139378757515030038e+01 -7.117992345271614951e+00 -7.090715981805555401e+00 -7.145268708737674501e+00
1.140280561122244407e+01 -7.235099240537953946e+00 -7.208962730405696462e+00 -7.261235750670211431e+00
1.141182364729458953e+01 -7.352682712665000508e+00 -7.327479088594846424e+00 -7.377886336735154593e+00
1.142084168336673322e+01 -7.470752337169821899e+00 -7.446179831104026370e+00 -7.495324843235617429e+00
1.142985971943887691e+01 -7.589314797335500629e+00 -7.564961609040831370e+00 -7.613667985630169888e+00
1.143887775551102237e+01 -7.708382194343625038e+00 -7.683939794381358546e+00 -7.732824594305891530e+00
1.144789579158316606e+01 -7.827965336259500972e+00 -7.803295669061181883e+00 -7.852635003457820062e+00
1.145691382765530975e+01 -7.948063045405775462e+00 -7.923021013387309353e+00 -7.973105077424241571e+00
1.146593186372745521e+01 -8.068668692818031118e+00 -8.043111546613786800e+00 -8.094225839022275437e+00
1.147494989979959890e+01 -8.189769221689333634e+00 -8.163566056055881148e+00 -8.215972387322786119e+00
1.148396793587174258e+01 -8.311344132855666089e+00 -8.284385540887226895e+00 -8.338302724824105283e+00
1.149298597194388805e+01 -8.433364431428490349e+00 -8.405572374192670893e+00 -8.461156488664309805e+00
1.150200400801603173e+01 -8.555791533681389893e+00 -8.527129486850325790e+00 -8.584453580512453996e+00
1.151102204408817542e+01 -8.678576133297685402e+00 -8.649059576816222616e+00 -8.708092689779148188e+00
1.152004008016032088e+01 -8.801657026085244695e+00 -8.771364347384302818e+00 -8.831949704786186572e+00
1.152905811623246457e+01 -8.924959892265441397e+00 -8.894043777995241484e+00 -8.955876006535641309e+00
1.153807615230460826e+01 -9.048396035443195373e+00 -9.017095431167534869e+00 -9.079696639718855877e+00
1.154709418837675372e+01 -9.171861805792273614e+00 -9.140513899452326285e+00 -9.203209712132220943e+00
1.155611222444889741e+01 -9.295512909292758863e+00 -9.264328219855741509e+00 -9.326697598729776217e+00
1.156513026052104109e+01 -9.419532216249756118e+00 -9.388569473566818147e+00 -9.450494958932694090e+00
1.157414829659318656e+01 -9.543917047716771407e+00 -9.513241126321775099e+00 -9.574592969111767715e+00
1.158316633266533024e+01 -9.668663843000604885e+00 -9.638344255393386462e+00 -9.698983430607823308e+00
1.159218436873747393e+01 -9.793768301615934035e+00 -9.763877379725789396e+00 -9.823659223506078675e+00
1.160120240480961940e+01 -9.919225540984017542e+00 -9.889836360276687444e+00 -9.948614721691347640e+00
1.161022044088176308e+01 -1.004503027092512468e+01 -1.001621437440300610e+01 -1.007384616744724326e+01
1.161923847695390677e+01 -1.017117698599441411e+01 -1.014300196812636479e+01 -1.019935200386246343e+01
1.162825651302605223e+01 -1.029766017671019185e+01 -1.027018719011376646e+01 -1.032513316330661723e+01
1.163727454909819592e+01 -1.042447456072423151e+01 -1.039775581120978210e+01 -1.045119331023868092e+01
1.164629258517033961e+01 -1.055161533498385928e+01 -1.052569163335647140e+01 -1.057753903661124717e+01
1.165531062124248507e+01 -1.067907844993473354e+01 -1.065397689173648033e+01 -1.070418000813298676e+01
1.166432865731462876e+01 -1.080686090681401801e+01 -1.078259275397562966e+01 -1.083112905965240635e+01
1.167334669338677244e+01 -1.093496107908361381e+01 -1.091151992024113326e+01 -1.095840223792609436e+01
1.168236472945891791e+01 -1.106337905905239438e+01 -1.104073932807098046e+01 -1.108601879003380830e+01
1.169138276553106159e+01 -1.119211703073720265e+01 -1.117023296577080771e+01 -1.121400109570359760e+01
1.170040080160320528e+01 -1.132117967001214964e+01 -1.129998479821426649e+01 -1.134237454181003280e+01
1.170941883767535074e+01 -1.145057457309529880e+01 -1.142998180888261750e+01 -1.147116733730798011e+01
1.171843687374749443e+01 -1.158031271442238364e+01 -1.156021516197966648e+01 -1.160041026686510079e+01
1.172745490981963812e+01 -1.171040893495716517e+01 -1.169068148845824595e+01 -1.173013638145608439e+01
1.173647294589178358e+01 -1.184088246198748706e+01 -1.182138429979381478e+01 -1.186038062418115935e+01
1.174549098196392727e+01 -1.197175746145667397e+01 -1.195233553334139565e+01 -1.199117938957195229e+01
1.175450901803607096e+01 -1.210304377887072746e+01 -1.208353738810282074e+01 -1.212255016963863419e+01
1.176352705410821642e+01 -1.223468573851315710e+01 -1.221493232342271007e+01 -1.225443915360360414e+01
1.177254509018036011e+01 -1.236666389183001158e+01 -1.234650611426224032e+01 -1.238682166939778284e+01
1.178156312625250557e+01 -1.249896660182623975e+01 -1.247826085267845286e+01 -1.251967235097402664e+01
1.179058116232464926e+01 -1.263158558277118360e+01 -1.261021201759336563e+01 -1.265295914794900156e+01
1.179959919839679294e+01 -1.276451559083904641e+01 -1.274238981126536174e+01 -1.278664137041273108e+01
1.180861723446893841e+01 -1.289775410819630608e+01 -1.287484060776130157e+01 -1.292066760863131059e+01
1.181763527054108209e+01 -1.303130102436029780e+01 -1.300762852004018910e+01 -1.305497352868040650e+01
1.182665330661322578e+01 -1.316515831865335073e+01 -1.314083709225926277e+01 -1.318947954504743869e+01
1.183567134268537124e+01 -1.329932974757601194e+01 -1.327457112391266847e+01 -1.332408837123935541e+01
1.184468937875751493e+01 -1.343381786263239874e+01 -1.340888899684205704e+01 -1.345874672842274045e+01
1.185370741482965862e+01 -1.356861343242117002e+01 -1.354353733144786176e+01 -1.359368953339447827e+01
1.186272545090180408e+01 -1.370371605710039375e+01 -1.367849637011485875e+01 -1.372893574408592876e+01
1.187174348697394777e+01 -1.383912622736548137e+01 -1.381378255064987925e+01 -1.386446990408108348e+01
1.188076152304609145e+01 -1.397484327954235006e+01 -1.394940391856672868e+01 -1.400028264051797144e+01
1.188977955911823692e+01 -1.411086510617170653e+01 -1.408536062918849296e+01 -1.413636958315492009e+01
1.189879759519038060e+01 -1.424718789351994808e+01 -1.422164550407160100e+01 -1.427273028296829516e+01
1.190781563126252607e+01 -1.438380588934877302e+01 -1.435824463556334685e+01 -1.440936714313419920e+01
1.191683366733466976e+01 -1.452071120427469175e+01 -1.449513803330382444e+01 -1.454628437524555906e+01
1.192585170340681344e+01 -1.465789365005076306e+01 -1.463230030648428226e+01 -1.468348699361724385e+01
1.193486973947895891e+01 -1.479534061810198864e+01 -1.476970137567297847e+01 -1.482097986053099881e+01
1.194388777555110259e+01 -1.493303700164607761e+01 -1.490730720802001485e+01 -1.495876679527214037e+01
1.195290581162324628e+01 -1.507096516473186298e+01 -1.504508056965305052e+01 -1.509684975981067545e+01
1.196192384769539174e+01 -1.520910496152646729e+01 -1.518298178907475737e+01 -1.523522813397817721e+01
1.197094188376753543e+01 -1.534743380918334665e+01 -1.532096952537377277e+01 -1.537389809299292054e+01
1.197995991983967912e+01 -1.548592681762316658e+01 -1.545900153506086028e+01 -1.551285210018547289e+01
1.198897795591182458e+01 -1.562455697955883061e+01 -1.559703543134122761e+01 -1.565207852777643360e+01
1.199799599198396827e+01 -1.576329542409661677e+01 -1.573502942963472506e+01 -1.579156141855850848e+01
1.200701402805611195e+01 -1.590211173724554072e+01 -1.587294307315566044e+01 -1.593128040133542100e+01
1.201603206412825742e+01 -1.604097435266611527e+01 -1.601073793236314913e+01 -1.607121077296908140e+01
1.202505010020040110e+01 -1.617985101599057884e+01 -1.614837827209375831e+01 -1.621132375988739938e+01
1.203406813627254479e+01 -1.631870932604664759e+01 -1.628491989916244975e+01 -1.635249875293084543e+01
1.204308617234469025e+01 -1.645751735631595736e+01 -1.642086212646598042e+01 -1.649417258616593429e+01
1.205210420841683394e+01 -1.659624435995933212e+01 -1.655670168018179211e+01 -1.663578703973687212e+01
1.206112224448897763e+01 -1.673486115637876637e+01 -1.669246080543759803e+01 -1.677726150731993471e+01
1.207014028056112309e+01 -1.687331912566130399e+01 -1.682814619751209406e+01 -1.691849205381051391e+01
1.207915831663326678e+01 -1.701154459565936605e+01 -1.696374209810481659e+01 -1.705934709321391551e+01
1.208817635270541047e+01 -1.714947045478231047e+01 -1.709924035183290414e+01 -1.719970055773171680e+01
1.209719438877755593e+01 -1.728703834532178973e+01 -1.723464076462413530e+01 -1.733943592601944417e+01
1.210621242484969962e+01 -1.742419883000157910e+01 -1.736994914354353270e+01 -1.747844851645962549e+01
1.211523046092184330e+01 -1.756091168305515637e+01 -1.750517515620352782e+01 -1.761664820990678493e+01
1.212424849699398877e+01 -1.769714630865282601e+01 -1.764032999942613600e+01 -1.775396261787951602e+01
1.213326653306613245e+01 -1.783288228950085141e+01 -1.777542386682632980e+01 -1.789034071217537303e+01
1.214228456913827614e+01 -1.796811006843506675e+01 -1.791046320498573508e+01 -1.802575693188439843e+01
1.215130260521042160e+01 -1.810283176583072873e+01 -1.804544774788511674e+01 -1.816021578377634071e+01
1.216032064128256529e+01 -1.823706213565111511e+01 -1.818036731926481053e+01 -1.829375695203741969e+01
1.216933867735470898e+01 -1.837082966295727005e+01 -1.831519839258224636e+01 -1.842646093333229373e+01
1.217835671342685444e+01 -1.850417780570076332e+01 -1.844990039823505867e+01 -1.855845521316646796e+01
1.218737474949899813e+01 -1.863716638362180333e+01 -1.858382847716430319e+01 -1.869050429007930347e+01
1.219639278557114181e+01 -1.876987311707532058e+01 -1.871745011957688121e+01 -1.882229611457375995e+01
1.220541082164328728e+01 -1.890236076027203538e+01 -1.885110962288500502e+01 -1.895361189765906573e+01
1.221442885771543096e+01 -1.903434129881053138e+01 -1.898444583108507899e+01 -1.908423676653598378e+01
1.222344689378757465e+01 -1.916566892818189416e+01 -1.911721100703425691e+01 -1.921412684932953141e+01
1.223246492985972012e+01 -1.929627628680483298e+01 -1.924920282754102629e+01 -1.934334974606863966e+01
1.224148296593186380e+01 -1.942609829863267379e+01 -1.938018367575466527e+01 -1.947201292151068230e+01
1.225050100200400749e+01 -1.955507104809900554e+01 -1.950987464276555272e+01 -1.960026745343245835e+01
1.225951903807615295e+01 -1.968313069920708003e+01 -1.963795016062283239e+01 -1.972831123779132767e+01
1.226853707414829664e+01 -1.981023600056722600e+01 -1.976464520063296249e+01 -1.985582680050148952e+01
1.227755511022044033e+01 -1.993635004649946296e+01 -1.989030230692795698e+01 -1.998239778607096895e+01
1.228657314629258579e+01 -2.006141945968971996e+01 -2.001485061497523432e+01 -2.010798830440420559e+01
1.229559118236472948e+01 -2.018538979481746409e+01 -2.013822548682971814e+01 -2.023255410280521005e+01
1.230460921843687316e+01 -2.030820481340555617e+01 -2.026036751660508983e+01 -2.035604211020602250e+01
1.231362725450901863e+01 -2.042980581069506485e+01 -2.038122145399574237e+01 -2.047839016739438733e+01
1.232264529058116231e+01 -2.055013100123207437e+01 -2.050073506666101864e+01 -2.059952693580313010e+01
1.233166332665330600e+01 -2.066911496985351349e+01 -2.061885796228322576e+01 -2.071937197742380121e+01
1.234068136272545146e+01 -2.078668819475845453e+01 -2.073554039111035152e+01 -2.083783599840655754e+01
1.234969939879759515e+01 -2.090277664935191382e+01 -2.085068721179938578e+01 -2.095486608690444186e+01
1.235871743486973884e+01 -2.101730148954827015e+01 -2.096360625264402699e+01 -2.107099672645251331e+01
1.236773547094188430e+01 -2.113017883322057955e+01 -2.107486702173702042e+01 -2.118549064470413867e+01
1.237675350701402799e+01 -2.124131963848306626e+01 -2.118441612172883737e+01 -2.129822315523729515e+01
1.238577154308617168e+01 -2.135062968749361545e+01 -2.129219612498922487e+01 -2.140906324999800603e+01
1.239478957915831714e+01 -2.145800968246282636e+01 -2.139814467131805031e+01 -2.151787469360760241e+01
1.240380761523046083e+01 -2.156335546055661467e+01 -2.150219369202133635e+01 -2.162451722909189300e+01
1.241282565130260451e+01 -2.166655833437956957e+01 -2.160426878227534786e+01 -2.172884788648379129e+01
1.242184368737474998e+01 -2.176750556472514475e+01 -2.170428874370038841e+01 -2.183072238574990109e+01
1.243086172344689366e+01 -2.186608097228021563e+01 -2.180157177870863450e+01 -2.193059016585179677e+01
1.243987975951903735e+01 -2.196216569497059368e+01 -2.189174145417988626e+01 -2.203258993576130109e+01
1.244889779559118281e+01 -2.205563909763426267e+01 -2.197894080254097204e+01 -2.213233739272755329e+01
1.245791583166332650e+01 -2.214637984070918719e+01 -2.206200073228559333e+01 -2.223075894913278105e+01
1.246693386773547019e+01 -2.223426711462282768e+01 -2.214083298240552367e+01 -2.232770124684013169e+01
1.247595190380761565e+01 -2.231918204656985338e+01 -2.221616804220253982e+01 -2.242219605093716694e+01
1.248496993987975934e+01 -2.240100928636489996e+01 -2.228793053009691505e+01 -2.251408804263288488e+01
1.249398797595190302e+01 -2.247963877805764454e+01 -2.235605708081791221e+01 -2.260322047529737688e+01
1.250300601202404849e+01 -2.255496772399654404e+01 -2.242049753064075190e+01 -2.268943791735233617e+01
1.251202404809619217e+01 -2.262690274802820767e+01 -2.248121609661145470e+01 -2.277258939944496063e+01
1.252104208416833586e+01 -2.269536226451961625e+01 -2.253819254552538709e+01 -2.285253198351384540e+01
1.253006012024048133e+01 -2.276027905988943445e+01 -2.259142334842438160e+01 -2.292913477135448730e+01
1.253907815631262501e+01 -2.282160309333566772e+01 -2.264092281637825010e+01 -2.300228337029308534e+01
1.254809619238476870e+01 -2.287930452344652821e+01 -2.268672421331611844e+01 -2.307188483357693798e+01
1.255711422845691416e+01 -2.293337696738099041e+01 -2.272888084167272638e+01 -2.313787309308925444e+01
1.256613226452905785e+01 -2.298384099930633084e+01 -2.276746709661552970e+01 -2.320021490199713199e+01
1.257515030060120154e+01 -2.303074789477913953e+01 -2.280257948461767370e+01 -2.325891630494060536e+01
1.258416833667334700e+01 -2.307418362775690568e+01 -2.283433760214258612e+01 -2.331402965337122524e+01
1.259318637274549069e+01 -2.311427312692677560e+01 -2.286288507020531924e+01 -2.336566118364823197e+01
1.260220440881763437e+01 -2.315118479803858520e+01 -2.288839042057639617e+01 -2.341397917550077423e+01
1.261122244488977984e+01 -2.318513437911281727e+01 -2.291104698957733277e+01 -2.345922176864830178e+01
1.262024048096192352e+01 -2.321636163219215732e+01 -2.293104531221520404e+01 -2.350167795216911060e+01
1.262925851703406721e+01 -2.324516420058948185e+01 -2.294860233468755339e+01 -2.354172606649141031e+01
1.263827655310621267e+01 -2.327191581988893176e+01 -2.296397462259298905e+01 -2.357985701718487448e+01
1.264729458917835636e+01 -2.329705898212587911e+01 -2.297744565335185740e+01 -2.361667231089990082e+01
1.265631262525050005e+01 -2.332099444512180852e+01 -2.298935915366602956e+01 -2.365262973657758749e+01
1.266533066132264551e+01 -2.334340111042123311e+01 -2.300028238788355495e+01 -2.368651983295891128e+01
1.267434869739478920e+01 -2.336441805509516101e+01 -2.301068881162684931e+01 -2.371814729856347270e+01
1.268336673346693289e+01 -2.338431802679805216e+01 -2.302103862243362187e+01 -2.374759743116248245e+01
1.269238476953907835e+01 -2.340324980586616732e+01 -2.303161279883904911e+01 -2.377488681289328554e+01
1.270140280561122204e+01 -2.342069296183533211e+01 -2.304134556039600312e+01 -2.380004036327466110e+01
1.271042084168336572e+01 -2.343666369654631154e+01 -2.305008867156295693e+01 -2.382323872152966615e+01
1.271943887775551119e+01 -2.345126529414825711e+01 -2.305794105220103773e+01 -2.384458953609547649e+01
1.272845691382765487e+01 -2.346459661933537078e+01 -2.306499259957469405e+01 -2.386420063909604750e+01
1.273747494989979856e+01 -2.347675201060743788e+01 -2.307132487232445328e+01 -2.388217914889042248e+01
1.274649298597194402e+01 -2.348782120611565105e+01 -2.307701173690334429e+01 -2.389863067532795782e+01
1.275551102204408771e+01 -2.349788930032176282e+01 -2.308211997757777922e+01 -2.391365862306574641e+01
1.276452905811623317e+01 -2.350703672969844149e+01 -2.308670987109340444e+01 -2.392736358830347854e+01
1.277354709418837686e+01 -2.351533928569856613e+01 -2.309083572710641263e+01 -2.393984284429071963e+01
1.278256513026052055e+01 -2.352286815322159796e+01 -2.309454639548113875e+01 -2.395118991096205718e+01
1.279158316633266601e+01 -2.352968997280476060e+01 -2.309788574155434659e+01 -2.396149420405517461e+01
1.280060120240480970e+01 -2.353586692476693187e+01 -2.310089309046687589e+01 -2.397084075906698786e+01
1.280961923847695338e+01 -2.354145683353326746e+01 -2.310360364166329461e+01 -2.397931002540324030e+01
1.281863727454909885e+01 -2.354651329036825302e+01 -2.310604885466003111e+01 -2.398697772607647494e+01
1.282765531062124253e+01 -2.355108579274531166e+01 -2.310825680718276232e+01 -2.399391477830786101e+01
1.283667334669338622e+01 -2.355521989858061360e+01 -2.311025252677341513e+01 -2.400018727038781208e+01
1.284569138276553169e+01 -2.355895739355923268e+01 -2.311205829696767822e+01 -2.400585649015078715e+01
1.285470941883767537e+01 -2.356233646978134288e+01 -2.311369393914332449e+01 -2.401097900041936128e+01
1.286372745490981906e+01 -2.356539191395646071e+01 -2.311517707114018094e+01 -2.401560675677274048e+01
1.287274549098196452e+01 -2.356815530337360798e+01 -2.311652334375217066e+01 -2.401978726299504530e+01
1.288176352705410821e+01 -2.357065520787526935e+01 -2.311774665619215696e+01 -2.402356375955838175e+01
1.289078156312625190e+01 -2.357291739606301562e+01 -2.311885935163006422e+01 -2.402697544049596701e+01
1.289979959919839736e+01 -2.357496504396284820e+01 -2.311987239390503390e+01 -2.403005769402066250e+01
1.290881763527054105e+01 -2.357681894437790504e+01 -2.312079552651204040e+01 -2.403284236224376968e+01
1.291783567134268473e+01 -2.357849771515657977e+01 -2.312163741496364011e+01 -2.403535801534951943e+01
1.292685370741483020e+01 -2.358001800460402109e+01 -2.312240577362751637e+01 -2.403763023558052581e+01
1.293587174348697388e+01 -2.358139469226472329e+01 -2.312310747814035494e+01 -2.403968190638909164e+01
1.294488977955911757e+01 -2.358264108330418196e+01 -2.312374866449855304e+01 -2.404153350210981088e+01
1.295390781563126303e+01 -2.358376909471760996e+01 -2.312433481592659845e+01 -2.404320337350862147e+01
1.296292585170340672e+01 -2.358478943159342478e+01 -2.312487083862346537e+01 -2.404470802456338419e+01
1.297194388777555041e+01 -2.358571175165958067e+01 -2.312536112748781392e+01 -2.404606237583134742e+01
1.298096192384769587e+01 -2.358654481634050626e+01 -2.312580962292248188e+01 -2.404728000975853064e+01
1.298997995991983956e+01 -2.358729662655257542e+01 -2.312621985981886397e+01 -2.404837339328628687e+01
1.299899799599198325e+01 -2.358797454146614214e+01 -2.312659500982191929e+01 -2.404935407311036499e+01
1.300801603206412871e+01 -2.358858537846177228e+01 -2.312693791797618914e+01 -2.405023283894735542e+01
1.301703406813627240e+01 -2.358913549250880948e+01 -2.312725113485357653e+01 -2.405101985016404242e+01
1.302605210420841608e+01 -2.358963083319407517e+01 -2.312753694526348980e+01 -2.405172472112466053e+01
1.303507014028056155e+01 -2.359007697762856992e+01 -2.312779739464582818e+01 -2.405235656061131166e+01
1.304408817635270523e+01 -2.359047913746007197e+01 -2.312803431424749689e+01 -2.405292396067264704e+01
1.305310621242484892e+01 -2.359084213821966358e+01 -2.312824934618309669e+01 -2.405343493025623047e+01
1.306212424849699438e+01 -2.359117036922988220e+01 -2.312844396948026215e+01 -2.405389676897950224e+01
1.307114228456913807e+01 -2.359146770230247370e+01 -2.312861952821027600e+01 -2.405431587639467139e+01
1.308016032064128176e+01 -2.359173737745379285e+01 -2.312877726280475699e+01 -2.405469749210282870e+01
1.308917835671342722e+01 -2.359198193861485748e+01 -2.312891919550986586e+01 -2.405504468171984911e+01
1.309819639278557091e+01 -2.359220404699592066e+01 -2.312904895562275343e+01 -2.405535913836908790e+01
1.310721442885771459e+01 -2.359240598073290229e+01 -2.312916797450552764e+01 -2.405564398696027695e+01
1.311623246492986006e+01 -2.359258935036917748e+01 -2.312927698792698905e+01 -2.405590171281136591e+01
1.312525050100200374e+01 -2.359275610797270772e+01 -2.312937712330080942e+01 -2.405613509264460603e+01
1.313426853707414921e+01 -2.359290796881039398e+01 -2.312946931426999697e+01 -2.405634662335079099e+01
1.314328657314629289e+01 -2.359304636445541803e+01 -2.312955424734709098e+01 -2.405653848156374508e+01
1.315230460921843658e+01 -2.359317213771365829e+01 -2.312963205125090482e+01 -2.405671222417641175e+01
1.316132264529058205e+01 -2.359328631548864053e+01 -2.312970306531403963e+01 -2.405686956566324142e+01
1.317034068136272573e+01 -2.359339040429265921e+01 -2.312976813192342718e+01 -2.405701267666189125e+01
1.317935871743486942e+01 -2.359348610855223072e+01 -2.312982831339693490e+01 -2.405714390370752653e+01
1.318837675350701488e+01 -2.359357444710265383e+01 -2.312988400894538543e+01 -2.405726488525992224e+01
1.319739478957915857e+01 -2.359365630847410245e+01 -2.312993551257722302e+01 -2.405737710437098187e+01
1.320641282565130226e+01 -2.359373244018724947e+01 -2.312998300741855573e+01 -2.405748187295594320e+01
1.321543086172344772e+01 -2.359380340064951653e+01 -2.313002652529434755e+01 -2.405758027600468552e+01
1.322444889779559141e+01 -2.359386953524995079e+01 -2.313006593342346306e+01 -2.405767313707643851e+01
1.323346693386773509e+01 -2.359393094948376302e+01 -2.313010092131345985e+01 -2.405776097765406618e+01
1.324248496993988056e+01 -2.359398747911822269e+01 -2.313013098812135127e+01 -2.405784397011509412e+01
1.325150300601202424e+01 -2.359403865741168360e+01 -2.313015543074700631e+01 -2.405792188407636090e+01
1.326052104208416793e+01 -2.359408511535928454e+01 -2.313017476888733626e+01 -2.405799546183123283e+01
1.326953907815631339e+01 -2.359412676520669194e+01 -2.313018895754746040e+01 -2.405806457286592348e+01
1.327855711422845708e+01 -2.359416171863726674e+01 -2.313019633866884561e+01 -2.405812709860568788e+01
1.328757515030060077e+01 -2.359419160355196610e+01 -2.313019899604856278e+01 -2.405818421105536942e+01
1.329659318637274623e+01 -2.359421873783642098e+01 -2.313019997219873858e+01 -2.405823750347410339e+01
1.330561122244488992e+01 -2.359424353324073209e+01 -2.313020072052652054e+01 -2.405828634595494364e+01
1.331462925851703361e+01 -2.359426626970206442e+01 -2.313020293341935840e+01 -2.405832960598477044e+01
1.332364729458917907e+01 -2.359428722304995318e+01 -2.313020872943016570e+01 -2.405836571666974066e+01
1.333266533066132276e+01 -2.359430663705038000e+01 -2.313021988144047114e+01 -2.405839339266028887e+01
1.334168336673346644e+01 -2.359432447868455185e+01 -2.313023141163752427e+01 -2.405841754573157942e+01
1.335070140280561191e+01 -2.359434084073453874e+01 -2.313024201910387490e+01 -2.405843966236520259e+01
1.335971943887775559e+01 -2.359435585525431378e+01 -2.313025179297014944e+01 -2.405845991753847812e+01
1.336873747494989928e+01 -2.359436964112219215e+01 -2.313026081415161173e+01 -2.405847846809277257e+01
1.337775551102204474e+01 -2.359438230529370628e+01 -2.313026915567519737e+01 -2.405849545491221519e+01
1.338677354709418843e+01 -2.359439394396747502e+01 -2.313027688304184792e+01 -2.405851100489310213e+01
1.339579158316633212e+01 -2.359440464366708312e+01 -2.313028405462006987e+01 -2.405852523271409638e+01
1.340480961923847758e+01 -2.359441448224211513e+01 -2.313029072206683878e+01 -2.405853824241739147e+01
1.341382765531062127e+01 -2.359442352979120017e+01 -2.313029693077175608e+01 -2.405855012881064425e+01
1.342284569138276495e+01 -2.359443184951048522e+01 -2.313030272032070300e+01 -2.405856097870026744e+01
1.343186372745491042e+01 -2.359443949847003807e+01 -2.313030812497464694e+01 -2.405857087196542921e+01
1.344088176352705410e+01 -2.359444652832181788e+01 -2.313031317416007937e+01 -2.405857988248355639e+01
1.344989979959919779e+01 -2.359445298594183171e+01 -2.313031789296673679e+01 -2.405858807891692663e+01
1.345891783567134325e+01 -2.359445891400970652e+01 -2.313032230264878564e+01 -2.405859552537062740e+01
1.346793587174348694e+01 -2.359446435152873889e+01 -2.313032642112555948e+01 -2.405860228193191830e+01
1.347695390781563063e+01 -2.359446933428937854e+01 -2.313033026347767063e+01 -2.405860840510108645e+01
1.348597194388777609e+01 -2.359447389527927896e+01 -2.313033384243477641e+01 -2.405861394812378151e+01
1.349498997995991978e+01 -2.359447806504295997e+01 -2.313033716885081859e+01 -2.405861896123510135e+01
1.350400801603206347e+01 -2.359448187199404501e+01 -2.313034025216284562e+01 -2.405862349182524440e+01
1.351302605210420893e+01 -2.359448534268320685e+01 -2.313034310082942113e+01 -2.405862758453699257e+01
1.352204408817635262e+01 -2.359448850202491599e+01 -2.313034572274474243e+01 -2.405863128130508954e+01
1.353106212424849630e+01 -2.359449137348582326e+01 -2.313034812562424491e+01 -2.405863462134740161e+01
1.354008016032064177e+01 -2.359449397923814118e+01 -2.313035031735805092e+01 -2.405863764111823144e+01
1.354909819639278545e+01 -2.359449634028079856e+01 -2.313035230632799966e+01 -2.405864037423359747e+01
1.355811623246492914e+01 -2.359449847653158017e+01 -2.313035410168446759e+01 -2.405864285137869274e+01
1.356713426853707460e+01 -2.359450040689320360e+01 -2.313035571357888642e+01 -2.405864510020752078e+01
1.357615230460921829e+01 -2.359450214929647416e+01 -2.313035715334805786e+01 -2.405864714524489045e+01
1.358517034068136198e+01 -2.359450372072348046e+01 -2.313035843364625421e+01 -2.405864900780070670e+01
1.359418837675350744e+01 -2.359450513721398224e+01 -2.313035956852119313e+01 -2.405865070590677135e+01
1.360320641282565113e+01 -2.359450641385789638e+01 -2.313036057342977614e+01 -2.405865225428601661e+01
1.361222444889779482e+01 -2.359450756477703237e+01 -2.313036146518971847e+01 -2.405865366436434627e+01
1.362124248496994028e+01 -2.359450860309918241e+01 -2.313036226186314437e+01 -2.405865494433522045e+01
1.363026052104208397e+01 -2.359450954092742947e+01 -2.313036298256802326e+01 -2.405865609928683568e+01
1.363927855711422765e+01 -2.359451038930791000e+01 -2.313036364721358495e+01 -2.405865713140223505e+01
1.364829659318637312e+01 -2.359451115819895861e+01 -2.313036427615568869e+01 -2.405865804024222854e+01
1.365731462925851680e+01 -2.359451185644476823e+01 -2.313036488976824145e+01 -2.405865882312129500e+01
1.366633266533066049e+01 -2.359451249175651100e+01 -2.313036550792651624e+01 -2.405865947558650575e+01
1.367535070140280595e+01 -2.359451307070415638e+01 -2.313036614939871072e+01 -2.405865999200960204e+01
1.368436873747494964e+01 -2.359451359872173271e+01 -2.313036683114133396e+01 -2.405866036630213145e+01
1.369338677354709333e+01 -2.359451408012945706e+01 -2.313036756749490763e+01 -2.405866059276400648e+01
1.370240480961923879e+01 -2.359451451817540146e+01 -2.313036836927560458e+01 -2.405866066707519835e+01
1.371142284569138248e+01 -2.359451491510013099e+01 -2.313036924275922956e+01 -2.405866058744103242e+01
1.372044088176352616e+01 -2.359451527222695333e+01 -2.313037018855314386e+01 -2.405866035590076280e+01
1.372945891783567163e+01 -2.359451559008121890e+01 -2.313037120035256677e+01 -2.405865997980987103e+01
1.373847695390781531e+01 -2.359451586854141780e+01 -2.313037226357699438e+01 -2.405865947350584122e+01
1.374749498997995900e+01 -2.359451610702532776e+01 -2.313037335388290572e+01 -2.405865886016774979e+01
1.375651302605210446e+01 -2.359451630471413708e+01 -2.313037443554873107e+01 -2.405865817387954309e+01
1.376553106212424815e+01 -2.359451646081762277e+01 -2.313037545972806797e+01 -2.405865746190717758e+01
1.377454909819639362e+01 -2.359451657488353504e+01 -2.313037636256731133e+01 -2.405865678719975875e+01
1.378356713426853730e+01 -2.359451664715400554e+01 -2.313037706318349507e+01 -2.405865623112451601e+01
1.379258517034068099e+01 -2.359451667897232952e+01 -2.313037746149864304e+01 -2.405865589644601599e+01
1.380160320641282645e+01 -2.359451667012676523e+01 -2.313037748474560118e+01 -2.405865585550792929e+01
1.381062124248497014e+01 -2.359451660011814411e+01 -2.313037738656635156e+01 -2.405865581366993666e+01
1.381963927855711383e+01 -2.359451646198038688e+01 -2.313037722355511860e+01 -2.405865570040565515e+01
1.382865731462925929e+01 -2.359451625390715179e+01 -2.313037699365711219e+01 -2.405865551415719139e+01
1.383767535070140298e+01 -2.359451597590895489e+01 -2.313037669661925477e+01 -2.405865525519865500e+01
1.384669338677354666e+01 -2.359451563035225519e+01 -2.313037633452876207e+01 -2.405865492617574830e+01
1.385571142284569213e+01 -2.359451522255541889e+01 -2.313037591241011626e+01 -2.405865453270072152e+01
1.386472945891783581e+01 -2.359451475975721024e+01 -2.313037543719606504e+01 -2.405865408231835545e+01
1.387374749498997950e+01 -2.359451424364129224e+01 -2.313037491025616532e+01 -2.405865357702641916e+01
1.388276553106212496e+01 -2.359451367900273766e+01 -2.313037433606876547e+01 -2.405865302193670985e+01
1.389178356713426865e+01 -2.359451307197183567e+01 -2.313037372045183560e+01 -2.405865242349183575e+01
1.390080160320641234e+01 -2.359451244188112895e+01 -2.313037308243843171e+01 -2.405865180132382619e+01
1.390981963927855780e+01 -2.359451178470476052e+01 -2.313037241772597241e+01 -2.405865115168354862e+01
1.391883767535070149e+01 -2.359451107151654625e+01 -2.313037169714568719e+01 -2.405865044588740531e+01
1.392785571142284518e+01 -2.359451030227786461e+01 -2.313037092046332432e+01 -2.405864968409240490e+01
1.393687374749499064e+01 -2.359450949254649288e+01 -2.313037010310222286e+01 -2.405864888199076290e+01
1.394589178356713433e+01 -2.359450866312226225e+01 -2.313036926580465291e+01 -2.405864806043987159e+01
1.395490981963927801e+01 -2.359450784056054573e+01 -2.313036843516240992e+01 -2.405864724595868154e+01
1.396392785571142348e+01 -2.359450705793774361e+01 -2.313036764440077420e+01 -2.405864647147471302e+01
1.397294589178356716e+01 -2.359450635567032606e+01 -2.313036693421747714e+01 -2.405864577712317498e+01
1.398196392785571085e+01 -2.359450578238718066e+01 -2.313036635367632243e+01 -2.405864521109803889e+01
1.399098196392785631e+01 -2.359450539585473905e+01 -2.313036596115500743e+01 -2.405864483055447067e+01
1.400000000000000000e+01 -2.359450526395358594e+01 -2.313036582534572361e+01 -2.405864470256144827e+01
