# # logMh LcMh -err(LcMh) +err(LcMh)
9.500000000000000000e+00 7.286919765610798905e+00 7.869844302734817276e+00 6.703995228486780533e+00
9.507662619828835204e+00 7.225483634948024481e+00 7.807737155400361395e+00 6.643230114495687566e+00
9.515325239657672185e+00 7.164153605002373304e+00 7.745933925346715654e+00 6.582373284658030954e+00
9.522987859486507389e+00 7.102791919108259577e+00 7.684034811154814903e+00 6.521549027061704251e+00
9.530650479315344370e+00 7.041283672943824179e+00 7.621941853191462002e+00 6.460625492696186356e+00
9.538313099144179574e+00 6.979678199458336785e+00 7.559756025415252267e+00 6.399600373501421302e+00
9.545975718973016555e+00 6.918125636396856848e+00 7.497848547474806224e+00 6.338402725318907471e+00
9.553638338801851759e+00 6.856334138263848743e+00 7.435409972610671048e+00 6.277258303917026439e+00
9.561300958630688740e+00 6.794529504991436930e+00 7.373145069762388815e+00 6.215913940220485046e+00
9.568963578459523944e+00 6.732677491385033797e+00 7.310998501121293458e+00 6.154356481648774135e+00
9.576626198288360925e+00 6.670715545691818349e+00 7.248500260369394432e+00 6.092930831014242266e+00
9.584288818117196129e+00 6.608711713331755888e+00 7.185878603934569675e+00 6.031544822728942101e+00
9.591951437946033110e+00 6.546682795233921048e+00 7.123238924303926467e+00 5.970126666163915630e+00
9.599614057774868314e+00 6.484447149964132961e+00 7.060528228762978920e+00 5.908366071165287003e+00
9.607276677603705295e+00 6.422233635599074120e+00 6.997691237695843114e+00 5.846776033502305125e+00
9.614939297432540499e+00 6.359943100543723915e+00 6.934732724553647643e+00 5.785153476533800188e+00
9.622601917261375704e+00 6.297596750727545434e+00 6.871782974336755778e+00 5.723410527118335089e+00
9.630264537090212684e+00 6.235206351319583007e+00 6.808828811058969421e+00 5.661583891580196592e+00
9.637927156919047889e+00 6.172722248825265545e+00 6.745694776369890455e+00 5.599749721280640635e+00
9.645589776747884869e+00 6.110122447244793698e+00 6.682379376420801265e+00 5.537865518068786130e+00
9.653252396576720074e+00 6.047612464364153340e+00 6.618995390018465486e+00 5.476229538709841194e+00
9.660915016405557054e+00 5.984900699808113345e+00 6.555611008071852375e+00 5.414190391544374314e+00
9.668577636234392259e+00 5.922184385534926321e+00 6.492196051566589965e+00 5.352172719503262677e+00
9.676240256063229239e+00 5.859494363356693825e+00 6.428735934413942310e+00 5.290252792299445339e+00
9.683902875892064444e+00 5.796689271667726295e+00 6.365126855157476449e+00 5.228251688177976142e+00
9.691565495720901424e+00 5.733758013706571788e+00 6.301405959479945196e+00 5.166110067933198380e+00
9.699228115549736629e+00 5.670885377554442108e+00 6.237713510988479371e+00 5.104057244120404846e+00
9.706890735378573609e+00 5.607971418730412161e+00 6.173903972271835627e+00 5.042038865188988694e+00
9.714553355207408813e+00 5.544911641454877582e+00 6.109923912169347382e+00 4.979899370740407782e+00
9.722215975036244018e+00 5.481970056747141662e+00 6.046121237012579641e+00 4.917818876481703683e+00
9.729878594865080998e+00 5.418893510836878313e+00 5.982203309147890558e+00 4.855583712525866069e+00
9.737541214693916203e+00 5.355717201224131863e+00 5.918173966555278831e+00 4.793260435892984894e+00
9.745203834522753183e+00 5.292578111731809365e+00 5.854126734567542734e+00 4.731029488896075996e+00
9.752866454351588388e+00 5.229407932264207304e+00 5.790062531363510345e+00 4.668753333164904262e+00
9.760529074180425368e+00 5.166083874315955171e+00 5.725983879579787938e+00 4.606183869052122404e+00
9.768191694009260573e+00 5.102864546111031352e+00 5.661866490869224222e+00 4.543862601352838482e+00
9.775854313838097553e+00 5.039471220308703536e+00 5.597577990638173517e+00 4.481364449979233555e+00
9.783516933666932758e+00 4.976020997570932636e+00 5.533330256024025395e+00 4.418711739117839876e+00
9.791179553495769738e+00 4.912567087916194453e+00 5.469161866971790076e+00 4.355972308860598829e+00
9.798842173324604943e+00 4.849033653027548851e+00 5.404904592874039793e+00 4.293162713181057910e+00
9.806504793153441923e+00 4.785380260282183329e+00 5.340467251563521422e+00 4.230293269000845235e+00
9.814167412982277128e+00 4.721822408866370502e+00 5.276191365294566893e+00 4.167453452438174111e+00
9.821830032811114108e+00 4.657976678835879625e+00 5.211713879321755449e+00 4.104239478350003800e+00
9.829492652639949313e+00 4.594091153758314228e+00 5.147246125116692106e+00 4.040936182399936349e+00
9.837155272468784517e+00 4.530179508214922990e+00 5.082778622301539428e+00 3.977580394128306995e+00
9.844817892297621498e+00 4.466160468721474430e+00 5.018284262775355664e+00 3.914036674667593640e+00
9.852480512126456702e+00 4.401997340179481633e+00 4.953645453074005722e+00 3.850349227284957543e+00
9.860143131955293683e+00 4.337850358301947651e+00 4.889222096885998958e+00 3.786478619717896343e+00
9.867805751784128887e+00 4.273355062403093818e+00 4.824422738245398357e+00 3.722287386560789280e+00
9.875468371612965868e+00 4.208875008546197449e+00 4.759729264885792510e+00 3.658020752206602388e+00
9.883130991441801072e+00 4.144261693884832454e+00 4.694991483489046047e+00 3.593531904280618416e+00
9.890793611270638053e+00 4.079446918886572071e+00 4.630047478587322907e+00 3.528846359185821235e+00
9.898456231099473257e+00 4.014505373791585008e+00 4.564983510250081977e+00 3.464027237333088038e+00
9.906118850928310238e+00 3.949589326788588650e+00 4.500039570742175421e+00 3.399139082835001879e+00
9.913781470757145442e+00 3.884249817234814994e+00 4.434556897762734984e+00 3.333942736706895005e+00
9.921444090585982423e+00 3.818796673962186361e+00 4.369153064542383724e+00 3.268440283381988998e+00
9.929106710414817627e+00 3.753265434221703778e+00 4.303777710541814017e+00 3.202753157901593539e+00
9.936769330243652831e+00 3.687577283293780539e+00 4.238132500586567986e+00 3.137022066000993092e+00
9.944431950072489812e+00 3.621700719186132567e+00 4.172288741409248658e+00 3.071112696963016919e+00
9.952094569901325016e+00 3.555652791675091962e+00 4.106348515676820909e+00 3.004957067673362570e+00
9.959757189730161997e+00 3.489369496339515653e+00 4.040112648583899180e+00 2.938626344095132126e+00
9.967419809558997201e+00 3.423068436722631613e+00 3.973776176831548046e+00 2.872360696613715181e+00
9.975082429387834182e+00 3.356518919314028349e+00 3.907114444857266555e+00 2.805923393770790142e+00
9.982745049216669386e+00 3.289802124835292663e+00 3.840181480022972327e+00 2.739422769647612999e+00
9.990407669045506367e+00 3.223061385282213642e+00 3.773156860763032139e+00 2.672965909801395146e+00
9.998070288874341571e+00 3.156255534624224257e+00 3.706034865070426676e+00 2.606476204178021838e+00
1.000573290870317855e+01 3.089145532724235643e+00 3.638400036399754178e+00 2.539891029048717108e+00
1.001339552853201376e+01 3.022054757655017188e+00 3.570905554491596856e+00 2.473203960818437519e+00
1.002105814836085074e+01 2.955021917807050258e+00 3.503218281830975833e+00 2.406825553783124683e+00
1.002872076818968594e+01 2.887715334672744216e+00 3.435314982732236455e+00 2.340115686613251977e+00
1.003638338801852292e+01 2.820465688411889715e+00 3.367435496497894754e+00 2.273495880325884677e+00
1.004404600784735813e+01 2.753223320465077339e+00 3.299452799680529402e+00 2.206993841249625277e+00
1.005170862767619511e+01 2.685807041586112387e+00 3.231336357112079671e+00 2.140277726060145103e+00
1.005937124750503031e+01 2.618404200010883809e+00 3.163320471234873921e+00 2.073487928786893697e+00
1.006703386733386552e+01 2.550916012280457501e+00 3.095018129018404451e+00 2.006813895542510551e+00
1.007469648716270250e+01 2.483328251710669843e+00 3.026613149193072339e+00 1.940043354228267347e+00
1.008235910699153770e+01 2.415719659254686569e+00 2.958307924204932604e+00 1.873131394304440533e+00
1.009002172682037468e+01 2.348018841389979627e+00 2.889868109703286780e+00 1.806169573076672474e+00
1.009768434664920989e+01 2.280181467796132289e+00 2.821277181797770872e+00 1.739085753794493705e+00
1.010534696647804687e+01 2.212256982017342111e+00 2.752761756415692318e+00 1.671752207618991903e+00
1.011300958630688207e+01 2.144392832566866858e+00 2.684318356909414227e+00 1.604467308224319710e+00
1.012067220613571905e+01 2.076162807426896961e+00 2.615589203806175878e+00 1.536736411047618045e+00
1.012833482596455426e+01 2.008033375656138375e+00 2.546850417763248053e+00 1.469216333549028697e+00
1.013599744579339124e+01 1.939687260646482114e+00 2.477998963770847496e+00 1.401375557522116733e+00
1.014366006562222644e+01 1.871215823656894539e+00 2.409053060935467894e+00 1.333378586378321184e+00
1.015132268545106342e+01 1.802747654043366454e+00 2.340060769486261627e+00 1.265434538600471281e+00
1.015898530527989863e+01 1.734171438034170620e+00 2.271024229808915607e+00 1.197318646259425634e+00
1.016664792510873383e+01 1.665345399603159526e+00 2.201816075125574201e+00 1.128874724080744629e+00
1.017431054493757081e+01 1.596632616592145837e+00 2.132422027129383224e+00 1.060843206054908450e+00
1.018197316476640601e+01 1.527602568749429679e+00 2.062723135215548620e+00 9.924820022833108490e-01
1.018963578459524300e+01 1.458519444683580302e+00 1.993028627446405743e+00 9.240102619207549717e-01
1.019729840442407820e+01 1.389421502740383341e+00 1.923385047106628498e+00 8.554579583741381832e-01
1.020496102425291518e+01 1.320167642794610074e+00 1.853545863158867268e+00 7.867894224303528805e-01
1.021262364408175038e+01 1.250737718903454310e+00 1.783491556002852363e+00 7.179838818040561454e-01
1.022028626391058737e+01 1.181411495779695953e+00 1.713484359414501501e+00 6.493386321448902931e-01
1.022794888373942257e+01 1.111835600742628216e+00 1.643248554747639423e+00 5.804226467376170095e-01
1.023561150356825955e+01 1.042134007673845897e+00 1.572854054351927156e+00 5.114139609957646382e-01
1.024327412339709475e+01 9.724228471518793215e-01 1.502410690021998674e+00 4.424350042817599693e-01
1.025093674322593174e+01 9.026139985734421556e-01 1.431828253525651906e+00 3.733997436212322940e-01
1.025859936305476694e+01 8.325509741195959990e-01 1.361065472596781234e+00 3.040364756424108750e-01
1.026626198288360214e+01 7.626128661371567308e-01 1.290387374503958018e+00 2.348383577703555547e-01
1.027392460271243912e+01 6.924192863637339546e-01 1.219541610585147762e+00 1.652969621423201474e-01
1.028158722254127433e+01 6.221010119250505177e-01 1.148521005610076084e+00 9.568101824002483990e-02
1.028924984237011131e+01 5.518183785874538616e-01 1.077542645523033027e+00 2.609411165187458526e-02
1.029691246219894651e+01 4.813737828147672815e-01 1.006399453293876700e+00 -4.365188766434202616e-02
1.030457508202778349e+01 4.106978838018851552e-01 9.350030147256633839e-01 -1.136072471218931290e-01
1.031223770185661870e+01 3.401014583660602608e-01 8.636874156247593692e-01 -1.834844988926389031e-01
1.031990032168545568e+01 2.692434751279417782e-01 7.920498948398320138e-01 -2.535629445839484575e-01
1.032756294151429088e+01 1.983001444944292313e-01 7.204826488288548214e-01 -3.238823598399963588e-01
1.033522556134312786e+01 1.273064622485461650e-01 6.489701099242149995e-01 -3.943571854271227251e-01
1.034288818117196307e+01 5.607916358526438688e-02 5.771677480177387354e-01 -4.650094208472099200e-01
1.035055080100080005e+01 -1.528051589356471673e-02 5.052311331155358021e-01 -5.357921649026652355e-01
1.035821342082963525e+01 -8.663296561821087760e-02 4.333919379341296674e-01 -6.066578691705514226e-01
1.036587604065847046e+01 -1.582803606909043426e-01 3.613744209186241507e-01 -6.779351423004328359e-01
1.037353866048730744e+01 -2.301208013340403369e-01 2.890953668149532918e-01 -7.493369694830339656e-01
1.038120128031614264e+01 -3.019508393226617016e-01 2.169226810136248296e-01 -8.208243596589481772e-01
1.038886390014497962e+01 -3.740215649406303799e-01 1.446285419552235108e-01 -8.926716718364842151e-01
1.039652651997381483e+01 -4.462326762822387827e-01 7.225302340072520257e-02 -9.647183759652027124e-01
1.040418913980265181e+01 -5.185746125213512858e-01 -3.310230206854392065e-04 -1.036818202022017132e+00
1.041185175963148701e+01 -5.911809243501378042e-01 -7.329180417572789263e-02 -1.109070044524547605e+00
1.041951437946032399e+01 -6.638979347654774266e-01 -1.461041382887041662e-01 -1.181691731242250576e+00
1.042717699928915920e+01 -7.367901527202025402e-01 -2.189903588370611942e-01 -1.254589946603343886e+00
1.043483961911799618e+01 -8.099993975642296729e-01 -2.922723644594333869e-01 -1.327726430669025959e+00
1.044250223894683138e+01 -8.832044873588440481e-01 -3.655679846193946592e-01 -1.400840990098293437e+00
1.045016485877566836e+01 -9.565020762830047651e-01 -4.389525134027032482e-01 -1.474051639163306282e+00
1.045782747860450357e+01 -1.030054839206414607e+00 -5.126871329015013634e-01 -1.547422545511327741e+00
1.046549009843334055e+01 -1.103769768872767676e+00 -5.867509929745738928e-01 -1.620788544770961348e+00
1.047315271826217575e+01 -1.177609498441104519e+00 -6.609771308679408541e-01 -1.694241866014268183e+00
1.048081533809101273e+01 -1.251825904195841277e+00 -7.355951006046633767e-01 -1.768056707787019288e+00
1.048847795791984794e+01 -1.325968296618229347e+00 -8.101420901208968850e-01 -1.841794503115561810e+00
1.049614057774868314e+01 -1.400242870525495675e+00 -8.847896306873527239e-01 -1.915696110363638738e+00
1.050380319757752012e+01 -1.474710547290118967e+00 -9.595459798237777616e-01 -1.989875114756460173e+00
1.051146581740635533e+01 -1.549234953183458163e+00 -1.034367223381337464e+00 -2.064102682985578863e+00
1.051912843723519231e+01 -1.623687488002774959e+00 -1.109409674738877527e+00 -2.137965301266672391e+00
1.052679105706402751e+01 -1.698503411026052401e+00 -1.184787616916286757e+00 -2.212219205135817823e+00
1.053445367689286449e+01 -1.773341376550631843e+00 -1.259887804849864068e+00 -2.286794948251399617e+00
1.054211629672169970e+01 -1.848436332089807843e+00 -1.335414410151812170e+00 -2.361458254027803516e+00
1.054977891655053668e+01 -1.923696088314101882e+00 -1.411071924048997728e+00 -2.436320252579205814e+00
1.055744153637937188e+01 -1.998984207405671398e+00 -1.486787943505343712e+00 -2.511180471305999085e+00
1.056510415620820886e+01 -2.074309849051572563e+00 -1.562347372638513754e+00 -2.586272325464631372e+00
1.057276677603704407e+01 -2.150014334338307798e+00 -1.638214019813761357e+00 -2.661814648862854238e+00
1.058042939586588105e+01 -2.225548034293175270e+00 -1.714318951406604175e+00 -2.736777117179746366e+00
1.058809201569471625e+01 -2.301277229583416073e+00 -1.790728957387002440e+00 -2.811825501779829928e+00
1.059575463552355146e+01 -2.377331970762997404e+00 -1.867188046083898989e+00 -2.887475895442095819e+00
1.060341725535238844e+01 -2.453584399332858546e+00 -1.943696000042032246e+00 -2.963472798623684845e+00
1.061107987518122364e+01 -2.529956931399650610e+00 -2.020440896364910088e+00 -3.039472966434391132e+00
1.061874249501006062e+01 -2.606614922724186822e+00 -2.097748717324584344e+00 -3.115481128123789301e+00
1.062640511483889583e+01 -2.683118230179764030e+00 -2.174974537587210044e+00 -3.191261922772318016e+00
1.063406773466773281e+01 -2.759849928169119337e+00 -2.252124080556226815e+00 -3.267575775782011860e+00
1.064173035449656801e+01 -2.836696243219956948e+00 -2.329257454529931604e+00 -3.344135031909982292e+00
1.064939297432540499e+01 -2.913516790201395423e+00 -2.406583816379641583e+00 -3.420449764023149264e+00
1.065705559415424020e+01 -2.990579082812143685e+00 -2.484503689834173912e+00 -3.496654475790113459e+00
1.066471821398307718e+01 -3.068148662783353853e+00 -2.563067298683467499e+00 -3.573230026883240207e+00
1.067238083381191238e+01 -3.145632654461016475e+00 -2.641021123741373877e+00 -3.650244185180659073e+00
1.068004345364074936e+01 -3.223476689113178306e+00 -2.719067384908996576e+00 -3.727885993317360036e+00
1.068770607346958457e+01 -3.301352089847776838e+00 -2.797927801434523687e+00 -3.804776378261029990e+00
1.069536869329841977e+01 -3.379025886646423338e+00 -2.876739291797373532e+00 -3.881312481495473143e+00
1.070303131312725675e+01 -3.456717891048519675e+00 -2.955780226354567386e+00 -3.957655555742471964e+00
1.071069393295609373e+01 -3.534591431854388066e+00 -3.034696678203271603e+00 -4.034486185505504530e+00
1.071835655278492894e+01 -3.612664357989798791e+00 -3.112981414617851605e+00 -4.112347301361745977e+00
1.072601917261376414e+01 -3.691546599525254102e+00 -3.191859140317748977e+00 -4.191234058732758783e+00
1.073368179244260112e+01 -3.770425134744155304e+00 -3.272141146503575904e+00 -4.268709122984734705e+00
1.074134441227143633e+01 -3.849043781340700576e+00 -3.352378736852907881e+00 -4.345708825828492827e+00
1.074900703210027331e+01 -3.927711273241614620e+00 -3.432744529866232686e+00 -4.422678016616996999e+00
1.075666965192910851e+01 -4.006360965145764119e+00 -3.512647424451621703e+00 -4.500074505839906536e+00
1.076433227175794549e+01 -4.084973474265037652e+00 -3.591831633715010685e+00 -4.578115314815064174e+00
1.077199489158678070e+01 -4.163995551208890866e+00 -3.670586747019804363e+00 -4.657404355397977369e+00
1.077965751141561768e+01 -4.243615507647914953e+00 -3.751153888612569709e+00 -4.736077126683260197e+00
1.078732013124445288e+01 -4.323276671820637240e+00 -3.831869707622319154e+00 -4.814683636018955326e+00
1.079498275107328809e+01 -4.403099579720882062e+00 -3.912961324997913160e+00 -4.893237834443850964e+00
1.080264537090212507e+01 -4.482778724502230361e+00 -3.994050055712987213e+00 -4.971507393291473065e+00
1.081030799073096205e+01 -4.562360182961136879e+00 -4.074593896926009151e+00 -5.050126468996264606e+00
1.081797061055979725e+01 -4.642165740408543684e+00 -4.154744191731145619e+00 -5.129587289085941748e+00
1.082563323038863246e+01 -4.722254390283799452e+00 -4.234773373713701439e+00 -5.209735406853897466e+00
1.083329585021746944e+01 -4.802557448087575231e+00 -4.315271186016423677e+00 -5.289843710158726786e+00
1.084095847004630464e+01 -4.883452697654230512e+00 -4.396490328243364942e+00 -5.370415067065096082e+00
1.084862108987514162e+01 -4.964384015113086690e+00 -4.477671924341316334e+00 -5.451096105884857046e+00
1.085628370970397683e+01 -5.045341589019313844e+00 -4.558879540415317955e+00 -5.531803637623309733e+00
1.086394632953281381e+01 -5.126434927001318975e+00 -4.640238056174186276e+00 -5.612631797828451674e+00
1.087160894936164901e+01 -5.207639820543593423e+00 -4.721463587201522927e+00 -5.693816053885663919e+00
1.087927156919048599e+01 -5.288817880433357210e+00 -4.802251586403014194e+00 -5.775384174463700226e+00
1.088693418901932120e+01 -5.370698823033174030e+00 -4.883485489572374938e+00 -5.857912156493973121e+00
1.089459680884815818e+01 -5.452721759159910420e+00 -4.964951079895464581e+00 -5.940492438424356259e+00
1.090225942867699338e+01 -5.534979705473956457e+00 -5.046685068659060747e+00 -6.023274342288852168e+00
1.090992204850583036e+01 -5.617509883495235279e+00 -5.128630430237434368e+00 -6.106389336753036190e+00
1.091758466833466557e+01 -5.700206353338288068e+00 -5.210659209743247366e+00 -6.189753496933328769e+00
1.092524728816350077e+01 -5.782876961415769124e+00 -5.292734329480697220e+00 -6.273019593350841028e+00
1.093290990799233775e+01 -5.866131282608052722e+00 -5.375475043496782845e+00 -6.356787521719322598e+00
1.094057252782117295e+01 -5.949297874977766298e+00 -5.458317097175452659e+00 -6.440278652780079938e+00
1.094823514765000994e+01 -6.032702154879444834e+00 -5.541427390443935508e+00 -6.523976919314954159e+00
1.095589776747884514e+01 -6.116341176021914627e+00 -5.624766047759298893e+00 -6.607916304284530362e+00
1.096356038730768212e+01 -6.200042645287626719e+00 -5.708160810245473726e+00 -6.691924480329779712e+00
1.097122300713651732e+01 -6.283751629166162367e+00 -5.791550445699600758e+00 -6.775952812632723976e+00
1.097888562696535431e+01 -6.368007138271080336e+00 -5.875520327900388473e+00 -6.860493948641772199e+00
1.098654824679418951e+01 -6.452097704806853962e+00 -5.959169870316295636e+00 -6.945025539297412287e+00
1.099421086662302649e+01 -6.536422802071477633e+00 -6.043121895075914907e+00 -7.029723709067040360e+00
1.100187348645186169e+01 -6.621015266088178919e+00 -6.127333699605164163e+00 -7.114696832571193674e+00
1.100953610628069868e+01 -6.705690519751934531e+00 -6.211609068359489783e+00 -7.199771971144379279e+00
1.101719872610953388e+01 -6.790549407979414198e+00 -6.296190594931444728e+00 -7.284908221027383668e+00
1.102486134593836908e+01 -6.875979880913156705e+00 -6.381351897856532673e+00 -7.370607863969780738e+00
1.103252396576720606e+01 -6.961332290408663859e+00 -6.466302841181787997e+00 -7.456361739635539720e+00
1.104018658559604127e+01 -7.047087862686095328e+00 -6.551809271973851878e+00 -7.542366453398338777e+00
1.104784920542487825e+01 -7.133119823942337234e+00 -6.637492413621175480e+00 -7.628747234263498989e+00
1.105551182525371345e+01 -7.219243347121536480e+00 -6.723338019142457433e+00 -7.715148675100615527e+00
1.106317444508255043e+01 -7.305680239479899640e+00 -6.809433591765475136e+00 -7.801926887194324145e+00
1.107083706491138564e+01 -7.392585908314321941e+00 -6.896042082801589146e+00 -7.889129733827054736e+00
1.107849968474022262e+01 -7.479538634491330384e+00 -6.982793411735383593e+00 -7.976283857247277176e+00
1.108616230456905782e+01 -7.566907565484401132e+00 -7.070122851346951620e+00 -8.063692279621850645e+00
1.109382492439789480e+01 -7.654622825372903172e+00 -7.157942375941869884e+00 -8.151303274803936461e+00
1.110148754422673001e+01 -7.742457607055054147e+00 -7.245798752166017209e+00 -8.239116461944091085e+00
1.110915016405556699e+01 -7.830703747792099989e+00 -7.334056741041032446e+00 -8.327350754543168421e+00
1.111681278388440219e+01 -7.919341966548328671e+00 -7.422721123842359603e+00 -8.415962809254297738e+00
1.112447540371323740e+01 -8.008092572343999294e+00 -7.511560085937978748e+00 -8.504625058750018951e+00
1.113213802354207438e+01 -8.097106542704455734e+00 -7.600865672498779091e+00 -8.593347412910132377e+00
1.113980064337091136e+01 -8.186614725447707741e+00 -7.690754926645728240e+00 -8.682474524249686354e+00
1.114746326319974656e+01 -8.276119228109099168e+00 -7.780573104256123251e+00 -8.771665351962074197e+00
1.115512588302858177e+01 -8.366106368364983226e+00 -7.871012616409752027e+00 -8.861200120320214424e+00
1.116278850285741875e+01 -8.456397272635856055e+00 -7.961877874494795115e+00 -8.950916670776917883e+00
1.117045112268625395e+01 -8.546766563747624446e+00 -8.052918068300089161e+00 -9.040615059195159731e+00
1.117811374251509093e+01 -8.637326010493648454e+00 -8.144113258224699337e+00 -9.130538762762597571e+00
1.118577636234392614e+01 -8.728271313220854921e+00 -8.235716804974048344e+00 -9.220825821467661498e+00
1.119343898217276312e+01 -8.819053731944574537e+00 -8.327201542055098216e+00 -9.310905921834050858e+00
1.120110160200159832e+01 -8.910294224021196641e+00 -8.419288851386351524e+00 -9.401299596656041757e+00
1.120876422183043530e+01 -9.001614952154103122e+00 -8.511421695591517178e+00 -9.491808208716689066e+00
1.121642684165927051e+01 -9.092942810710070489e+00 -8.603587728162642279e+00 -9.582297893257498700e+00
1.122408946148810749e+01 -9.184453982581592513e+00 -8.695941979334298466e+00 -9.672965985828886559e+00
1.123175208131694269e+01 -9.276240337959579918e+00 -8.788548659136568020e+00 -9.763932016782591816e+00
1.123941470114577967e+01 -9.367894724175895860e+00 -8.880945663835943193e+00 -9.854843784515848526e+00
1.124707732097461488e+01 -9.460062826171453665e+00 -8.973809960987445322e+00 -9.946315691355462008e+00
1.125473994080345008e+01 -9.552300666136323670e+00 -9.066657042424246526e+00 -1.003794428984840081e+01
1.126240256063228706e+01 -9.644670232381129082e+00 -9.159494249478527195e+00 -1.012984621528373097e+01
1.127006518046112227e+01 -9.737298269297948394e+00 -9.252473958614714888e+00 -1.022212257998118190e+01
1.127772780028995925e+01 -9.830163543938144954e+00 -9.345567311202827909e+00 -1.031475977667346200e+01
1.128539042011879445e+01 -9.922944813238032680e+00 -9.438750929802642631e+00 -1.040713869667342273e+01
1.129305303994763143e+01 -1.001642944484204634e+01 -9.532498903399048373e+00 -1.050035998628504430e+01
1.130071565977646664e+01 -1.010991431267015805e+01 -9.626354571118788783e+00 -1.059347405422152733e+01
1.130837827960530362e+01 -1.020352401978777301e+01 -9.720331379420345641e+00 -1.068671666015520039e+01
1.131604089943413882e+01 -1.029741388568855776e+01 -9.814627095490733311e+00 -1.078020067588638220e+01
1.132370351926297580e+01 -1.039152022715684254e+01 -9.909206868246579702e+00 -1.087383358606710537e+01
1.133136613909181101e+01 -1.048559489663579036e+01 -1.000371749502874330e+01 -1.096747229824283743e+01
1.133902875892064799e+01 -1.058028651896677985e+01 -1.009893708985133642e+01 -1.106163594808222328e+01
1.134669137874948319e+01 -1.067492730765346209e+01 -1.019413150121669709e+01 -1.115572311409022710e+01
1.135435399857831840e+01 -1.076973671308891056e+01 -1.028948980841456873e+01 -1.124998361776325240e+01
1.136201661840715538e+01 -1.086486003193678052e+01 -1.038525798078056184e+01 -1.134446208309299919e+01
1.136967923823599058e+01 -1.096011660128416665e+01 -1.048114622482608205e+01 -1.143908697774225125e+01
1.137734185806482756e+01 -1.105541572704964182e+01 -1.057692020741725969e+01 -1.153391124668202394e+01
1.138500447789366277e+01 -1.115126821222767006e+01 -1.067359532733041050e+01 -1.162894109712492963e+01
1.139266709772249975e+01 -1.124710047457214479e+01 -1.076982776197652036e+01 -1.172437318716776922e+01
1.140032971755133495e+01 -1.134313774200881397e+01 -1.086664403053638672e+01 -1.181963145348124122e+01
1.140799233738017193e+01 -1.143949122943933361e+01 -1.096362956845533354e+01 -1.191535289042333368e+01
1.141565495720900714e+01 -1.153591714969766713e+01 -1.106060316527926624e+01 -1.201123113411606802e+01
1.142331757703784412e+01 -1.163251464407180968e+01 -1.115778835221263066e+01 -1.210724093593098871e+01
1.143098019686667932e+01 -1.172961782905509232e+01 -1.125548378433830976e+01 -1.220375187377187487e+01
1.143864281669551630e+01 -1.182681964059605129e+01 -1.135309462211974640e+01 -1.230054465907235617e+01
1.144630543652435151e+01 -1.192414660566279494e+01 -1.145107294754977900e+01 -1.239722026377581088e+01
1.145396805635318671e+01 -1.202189117292293830e+01 -1.154932826225311260e+01 -1.249445408359276399e+01
1.146163067618202369e+01 -1.211966572869926217e+01 -1.164764963703658118e+01 -1.259168182036194317e+01
1.146929329601086067e+01 -1.221772177669829773e+01 -1.174629873261738844e+01 -1.268914482077920702e+01
1.147695591583969588e+01 -1.231619558265173353e+01 -1.184542223777692982e+01 -1.278696892752653724e+01
1.148461853566853108e+01 -1.241466776900679037e+01 -1.194459006591124961e+01 -1.288474547210233112e+01
1.149228115549736806e+01 -1.251327565127556340e+01 -1.204387180111384836e+01 -1.298267950143727845e+01
1.149994377532620327e+01 -1.261236032192967116e+01 -1.214359228832569748e+01 -1.308112835553364484e+01
1.150760639515504025e+01 -1.271138998079713467e+01 -1.224332207817761464e+01 -1.317945788341665470e+01
1.151526901498387545e+01 -1.281074831790916413e+01 -1.234342921099248080e+01 -1.327806742482584745e+01
1.152293163481271243e+01 -1.291039185304806836e+01 -1.244379264586532585e+01 -1.337699106023081086e+01
1.153059425464154764e+01 -1.301005872248639861e+01 -1.254421654087997062e+01 -1.347590090409282659e+01
1.153825687447038462e+01 -1.310989473368236169e+01 -1.264466387485209431e+01 -1.357512559251262907e+01
1.154591949429921982e+01 -1.321023834450030243e+01 -1.274576216476372004e+01 -1.367471452423688483e+01
1.155358211412805503e+01 -1.331039493229466686e+01 -1.284671474228660770e+01 -1.377407512230272602e+01
1.156124473395689201e+01 -1.341098626716675746e+01 -1.294799144729186224e+01 -1.387398108704165267e+01
1.156890735378572899e+01 -1.351178278742549921e+01 -1.304945033022698908e+01 -1.397411524462400934e+01
1.157656997361456419e+01 -1.361262217301055344e+01 -1.315096401077853372e+01 -1.407428033524257316e+01
1.158423259344339940e+01 -1.371368882425066715e+01 -1.325266220399996087e+01 -1.417471544450137344e+01
1.159189521327223638e+01 -1.381523193061769028e+01 -1.335488665283138587e+01 -1.427557720840399469e+01
1.159955783310107158e+01 -1.391650729114819462e+01 -1.345671238265580705e+01 -1.437630219964058220e+01
1.160722045292990856e+01 -1.401835870607304635e+01 -1.355905944619179593e+01 -1.447765796595429677e+01
1.161488307275874377e+01 -1.412033210925205573e+01 -1.366156458068562252e+01 -1.457909963781848894e+01
1.162254569258758075e+01 -1.422235988490669278e+01 -1.376410589797445283e+01 -1.468061387183893274e+01
1.163020831241641595e+01 -1.432461171968073188e+01 -1.386674425834745783e+01 -1.478247918101400593e+01
1.163787093224525293e+01 -1.442720114969289646e+01 -1.396959894564129634e+01 -1.488480335374449659e+01
1.164553355207408813e+01 -1.452963044292683925e+01 -1.407235455982526773e+01 -1.498690632602841077e+01
1.165319617190292334e+01 -1.463268081279105637e+01 -1.417581934481217232e+01 -1.508954228076994042e+01
1.166085879173176032e+01 -1.473574802853520893e+01 -1.427914618121137735e+01 -1.519234987585904051e+01
1.166852141156059730e+01 -1.483885098850777418e+01 -1.438239989366121918e+01 -1.529530208335432917e+01
1.167618403138943250e+01 -1.494217817330086184e+01 -1.448588656118114848e+01 -1.539846978542057521e+01
1.168384665121826771e+01 -1.504577086117406814e+01 -1.458978524508729357e+01 -1.550175647726084271e+01
1.169150927104710469e+01 -1.514921368252983314e+01 -1.469332066547268134e+01 -1.560510669958698493e+01
1.169917189087594167e+01 -1.525315102230469400e+01 -1.479735057107155427e+01 -1.570895147353783372e+01
1.170683451070477687e+01 -1.535708602259452960e+01 -1.490137576627972038e+01 -1.581279627890933881e+01
1.171449713053361208e+01 -1.546101370452295498e+01 -1.500547906503586049e+01 -1.591654834401004948e+01
1.172215975036244906e+01 -1.556515574710620342e+01 -1.510982379621782279e+01 -1.602048769799458228e+01
1.172982237019128426e+01 -1.566943811355465499e+01 -1.521427408046499785e+01 -1.612460214664431390e+01
1.173748499002012124e+01 -1.577357302182520726e+01 -1.531856650265427255e+01 -1.622857954099614375e+01
1.174514760984895645e+01 -1.587806503096197197e+01 -1.542346234050534370e+01 -1.633266772141859846e+01
1.175281022967779343e+01 -1.598251732863065833e+01 -1.552815740598073901e+01 -1.643687725128057764e+01
1.176047284950662863e+01 -1.608684116951932808e+01 -1.563286138518637891e+01 -1.654082095385227547e+01
1.176813546933546561e+01 -1.619135513617736777e+01 -1.573789311464903840e+01 -1.664481715770569537e+01
1.177579808916430082e+01 -1.629586719231884118e+01 -1.584297991814073470e+01 -1.674875446649694766e+01
1.178346070899313602e+01 -1.640025615496557876e+01 -1.594798044522598346e+01 -1.685253186470517406e+01
1.179112332882197300e+01 -1.650487958673051736e+01 -1.605336035773898118e+01 -1.695639881572205354e+01
1.179878594865080998e+01 -1.660928266753322546e+01 -1.615877938986099238e+01 -1.705978594520545855e+01
1.180644856847964519e+01 -1.671351265643173178e+01 -1.626420910834538702e+01 -1.716281620451807655e+01
1.181411118830848039e+01 -1.681795208635288930e+01 -1.636986782005885743e+01 -1.726603635264692116e+01
1.182177380813731737e+01 -1.692217170961117034e+01 -1.647551979769312069e+01 -1.736882362152921999e+01
1.182943642796615258e+01 -1.702620336215965580e+01 -1.658125287118620150e+01 -1.747115385313311009e+01
1.183709904779498956e+01 -1.713031046817984659e+01 -1.668721671596814460e+01 -1.757340422039154859e+01
1.184476166762382476e+01 -1.723415715954502758e+01 -1.679293823306801059e+01 -1.767537608602204457e+01
1.185242428745266174e+01 -1.733756974130178463e+01 -1.689874042403538112e+01 -1.777639905856818814e+01
1.186008690728149695e+01 -1.744113618035708768e+01 -1.700467422774171666e+01 -1.787759813297245870e+01
1.186774952711033393e+01 -1.754426590968803978e+01 -1.711035593412123035e+01 -1.797817588525484922e+01
1.187541214693916913e+01 -1.764717903651177267e+01 -1.721606233783391460e+01 -1.807829573518963073e+01
1.188307476676800434e+01 -1.774999988628366410e+01 -1.732178588999378022e+01 -1.817821388257354798e+01
1.189073738659684132e+01 -1.785247611297329584e+01 -1.742707740159936236e+01 -1.827787482434722932e+01
1.189840000642567830e+01 -1.795454478866891179e+01 -1.753208047774014133e+01 -1.837700909959768225e+01
1.190606262625451350e+01 -1.805669834049258426e+01 -1.763736244276406495e+01 -1.847603423822110358e+01
1.191372524608334871e+01 -1.815829916571929559e+01 -1.774178722872691694e+01 -1.857481110271167424e+01
1.192138786591218569e+01 -1.825977220772967513e+01 -1.784602756541015722e+01 -1.867351685004919304e+01
1.192905048574102089e+01 -1.836111774519076079e+01 -1.795003881490886499e+01 -1.877219667547265658e+01
1.193671310556985787e+01 -1.846214024285082900e+01 -1.805358061174261408e+01 -1.887069987395904391e+01
1.194437572539869308e+01 -1.856283669663227442e+01 -1.815687051825368670e+01 -1.896880287501086215e+01
1.195203834522753006e+01 -1.866381445609973611e+01 -1.826012143513049324e+01 -1.906750747706897897e+01
1.195970096505636526e+01 -1.876420996196416624e+01 -1.836275584441517594e+01 -1.916566407951315654e+01
1.196736358488520224e+01 -1.886458059524862563e+01 -1.846560624657837479e+01 -1.926355494391887646e+01
1.197502620471403745e+01 -1.896472684835268296e+01 -1.856844454441827708e+01 -1.936100915228708885e+01
1.198268882454287265e+01 -1.906446779678108072e+01 -1.867091484981192195e+01 -1.945802074375023949e+01
1.199035144437170963e+01 -1.916385515210953372e+01 -1.877291062072144001e+01 -1.955479968349762743e+01
1.199801406420054661e+01 -1.926320246603192032e+01 -1.887481817456404087e+01 -1.965158675749979977e+01
1.200567668402938182e+01 -1.936157934620754872e+01 -1.897648643243007882e+01 -1.974667225998501863e+01
1.201333930385821702e+01 -1.945975927423225471e+01 -1.907754360450064723e+01 -1.984197494396386219e+01
1.202100192368705400e+01 -1.955757094311869793e+01 -1.917841161679728756e+01 -1.993673026944010829e+01
1.202866454351589098e+01 -1.965471169267899043e+01 -1.927892683654019024e+01 -2.003049654881779063e+01
1.203632716334472619e+01 -1.975128507267867306e+01 -1.937896416576895575e+01 -2.012360597958839037e+01
1.204398978317356139e+01 -1.984770907555955688e+01 -1.947862161069739884e+01 -2.021679654042171492e+01
1.205165240300239837e+01 -1.994326879516590267e+01 -1.957756933650092179e+01 -2.030896825383088355e+01
1.205931502283123358e+01 -2.003831049925585361e+01 -1.967680553254567499e+01 -2.039981546596603224e+01
1.206697764266007056e+01 -2.013277143847140138e+01 -1.977511735279829708e+01 -2.049042552414450569e+01
1.207464026248890576e+01 -2.022648613113926075e+01 -1.987258879496562258e+01 -2.058038346731289892e+01
1.208230288231774274e+01 -2.031966013637459412e+01 -1.996963937646382803e+01 -2.066968089628536021e+01
1.208996550214657795e+01 -2.041234681393814299e+01 -2.006638986007046199e+01 -2.075830376780582398e+01
1.209762812197541493e+01 -2.050403620030186502e+01 -2.016224164727613299e+01 -2.084583075332759705e+01
1.210529074180425013e+01 -2.059514289885949623e+01 -2.025680941934418655e+01 -2.093347637837480590e+01
1.211295336163308534e+01 -2.068536119925635575e+01 -2.035110677946831004e+01 -2.101961561904440146e+01
1.212061598146192232e+01 -2.077463234884243803e+01 -2.044468179796258411e+01 -2.110458289972229196e+01
1.212827860129075930e+01 -2.086328478481906856e+01 -2.053763429408563468e+01 -2.118893527555250245e+01
1.213594122111959450e+01 -2.095121118727868748e+01 -2.062965845520957231e+01 -2.127276391934780264e+01
1.214360384094842971e+01 -2.103807335266167655e+01 -2.072035465047880365e+01 -2.135579205484454945e+01
1.215126646077726669e+01 -2.112414961333657715e+01 -2.081030058207835509e+01 -2.143799864459479920e+01
1.215892908060610189e+01 -2.120911555441793084e+01 -2.089918527825983574e+01 -2.151904583057602593e+01
1.216659170043493887e+01 -2.129289790441348273e+01 -2.098647781080445185e+01 -2.159931799802251362e+01
1.217425432026377408e+01 -2.137585502313538299e+01 -2.107328586110399016e+01 -2.167842418516677583e+01
1.218191694009261106e+01 -2.145766056196066884e+01 -2.115838768407882498e+01 -2.175693343984251271e+01
1.218957955992144626e+01 -2.153814960767719811e+01 -2.124196024506432678e+01 -2.183433897029006943e+01
1.219724217975028324e+01 -2.161760743222583159e+01 -2.132534554758672130e+01 -2.190986931686494188e+01
1.220490479957911845e+01 -2.169579401060334334e+01 -2.140659174244236240e+01 -2.198499627876432427e+01
1.221256741940795365e+01 -2.177226070703717298e+01 -2.148637304292542538e+01 -2.205814837114892057e+01
1.222023003923679063e+01 -2.184773740864238079e+01 -2.156495540228594265e+01 -2.213051941499881892e+01
1.222789265906562761e+01 -2.192179269022002686e+01 -2.164189732897549590e+01 -2.220168805146455782e+01
1.223555527889446282e+01 -2.199434511127201475e+01 -2.171703559144470930e+01 -2.227165463109932020e+01
1.224321789872329802e+01 -2.206549896979737824e+01 -2.179051700723180574e+01 -2.234048093236295074e+01
1.225088051855213500e+01 -2.213518162410313295e+01 -2.186263641340408981e+01 -2.240772683480217609e+01
1.225854313838097021e+01 -2.220275589471210509e+01 -2.193275832727593766e+01 -2.247275346214827252e+01
1.226620575820980719e+01 -2.226887642433332104e+01 -2.200147569450159679e+01 -2.253627715416504529e+01
1.227386837803864239e+01 -2.233304876019521856e+01 -2.206759663464914212e+01 -2.259850088574129501e+01
1.228153099786747937e+01 -2.239542380174248137e+01 -2.213198336398512822e+01 -2.265886423949983453e+01
1.228919361769631458e+01 -2.245608668804437968e+01 -2.219494493187449180e+01 -2.271722844421426757e+01
1.229685623752515156e+01 -2.251490883188383307e+01 -2.225590420215991827e+01 -2.277391346160774788e+01
1.230451885735398676e+01 -2.257171525575705573e+01 -2.231439333016079729e+01 -2.282903718135331417e+01
1.231218147718282196e+01 -2.262654855637693174e+01 -2.237127813764816864e+01 -2.288181897510569485e+01
1.231984409701165895e+01 -2.267924775212625832e+01 -2.242577982161953543e+01 -2.293271568263298121e+01
1.232750671684049593e+01 -2.273000142671833501e+01 -2.247818203608191112e+01 -2.298182081735475890e+01
1.233516933666933113e+01 -2.277880959011046968e+01 -2.252862861154990526e+01 -2.302899056867103411e+01
1.234283195649816633e+01 -2.282557210293436611e+01 -2.257544104249098282e+01 -2.307570316337774941e+01
1.235049457632700332e+01 -2.287021811902375390e+01 -2.261881664846022133e+01 -2.312161958958728647e+01
1.235815719615584030e+01 -2.291280745585142142e+01 -2.265988821945053999e+01 -2.316572669225230285e+01
1.236581981598467550e+01 -2.295280245111280948e+01 -2.269391072608941684e+01 -2.321169417613620212e+01
1.237348243581351070e+01 -2.299079860372443562e+01 -2.272576716308405054e+01 -2.325583004436482071e+01
1.238114505564234769e+01 -2.302683781016803266e+01 -2.275544925975565036e+01 -2.329822636058041496e+01
1.238880767547118289e+01 -2.306088899792591107e+01 -2.278310505263111807e+01 -2.333867294322070407e+01
1.239647029530001987e+01 -2.309300233315629214e+01 -2.280890245726066112e+01 -2.337710220905192315e+01
1.240413291512885507e+01 -2.312341347585955731e+01 -2.283283650994055236e+01 -2.341399044177856226e+01
1.241179553495769206e+01 -2.315162376657565346e+01 -2.285450719218625437e+01 -2.344874034096505255e+01
1.241945815478652726e+01 -2.317813736529369706e+01 -2.287434873310543182e+01 -2.348192599748196230e+01
1.242712077461536424e+01 -2.320311875675572821e+01 -2.289251388772087736e+01 -2.351372362579057906e+01
1.243478339444419944e+01 -2.322661971497518962e+01 -2.290904166592630276e+01 -2.354419776402407649e+01
1.244244601427303465e+01 -2.324881142471861395e+01 -2.292397503482424170e+01 -2.357364781461298620e+01
1.245010863410187163e+01 -2.326991147584542929e+01 -2.293735688756103386e+01 -2.360246606412982473e+01
1.245777125393070861e+01 -2.328989436547379555e+01 -2.294916861073355463e+01 -2.363062012021403646e+01
1.246543387375954381e+01 -2.330884722778495544e+01 -2.296011168050797124e+01 -2.365758277506193963e+01
1.247309649358837902e+01 -2.332695268484382822e+01 -2.297052154415136016e+01 -2.368338382553629629e+01
1.248075911341721600e+01 -2.334418821829468982e+01 -2.298044831236929753e+01 -2.370792812422008211e+01
1.248842173324605120e+01 -2.336067660761412412e+01 -2.299000030808382888e+01 -2.373135290714441936e+01
1.249608435307488818e+01 -2.337648834224177463e+01 -2.299928263069067214e+01 -2.375369405379287713e+01
1.250374697290372339e+01 -2.339155724430538541e+01 -2.300837861234658632e+01 -2.377473587626418450e+01
1.251140959273256037e+01 -2.340587790513428601e+01 -2.301750598302452744e+01 -2.379424982724404458e+01
1.251907221256139557e+01 -2.341937731242920151e+01 -2.302622938593140844e+01 -2.381252523892699458e+01
1.252673483239023255e+01 -2.343206359304426201e+01 -2.303433340480587788e+01 -2.382979378128264614e+01
1.253439745221906776e+01 -2.344400284764493136e+01 -2.304189124894038798e+01 -2.384611444634947475e+01
1.254206007204790296e+01 -2.345519200498642576e+01 -2.304895447922065799e+01 -2.386142953075219353e+01
1.254972269187673994e+01 -2.346561735202799426e+01 -2.305553512375747971e+01 -2.387569958029850881e+01
1.255738531170557692e+01 -2.347535977228456261e+01 -2.306164981923146939e+01 -2.388906972533765583e+01
1.256504793153441213e+01 -2.348435001512189757e+01 -2.306722414647809316e+01 -2.390147588376570198e+01
1.257271055136324733e+01 -2.349268279777777479e+01 -2.307236595747400187e+01 -2.391299963808154772e+01
1.258037317119208431e+01 -2.350048267862544549e+01 -2.307710930784877235e+01 -2.392385604940211863e+01
1.258803579102091952e+01 -2.350775575374699500e+01 -2.308154026032411466e+01 -2.393397124716987534e+01
1.259569841084975650e+01 -2.351451936131608633e+01 -2.308567596890669904e+01 -2.394336275372547362e+01
1.260336103067859170e+01 -2.352082081605934150e+01 -2.308947849609519665e+01 -2.395216313602348635e+01
1.261102365050742868e+01 -2.352668066871054364e+01 -2.309300605101110904e+01 -2.396035528640997825e+01
1.261868627033626389e+01 -2.353204163319347941e+01 -2.309626462371718603e+01 -2.396781864266977280e+01
1.262634889016510087e+01 -2.353706073243682440e+01 -2.309929727017636125e+01 -2.397482419469728754e+01
1.263401150999393607e+01 -2.354172885518953251e+01 -2.310212513495468301e+01 -2.398133257542438201e+01
1.264167412982277128e+01 -2.354606883036872134e+01 -2.310476194208819223e+01 -2.398737571864925044e+01
1.264933674965160826e+01 -2.355011333488529957e+01 -2.310722745379677079e+01 -2.399299921597382834e+01
1.265699936948044524e+01 -2.355388367833652552e+01 -2.310955097575009276e+01 -2.399821638092295828e+01
1.266466198930928044e+01 -2.355735749932835077e+01 -2.311171961131704933e+01 -2.400299538733965221e+01
1.267232460913811565e+01 -2.356058350357173836e+01 -2.311375982832542064e+01 -2.400740717881805608e+01
1.267998722896695263e+01 -2.356357752450992393e+01 -2.311568839175746248e+01 -2.401146665726238538e+01
1.268764984879578961e+01 -2.356635547012130516e+01 -2.311740553808916232e+01 -2.401530540215344800e+01
1.269531246862462481e+01 -2.356893064306336782e+01 -2.311881867861357875e+01 -2.401904260751315690e+01
1.270297508845346002e+01 -2.357130597392209381e+01 -2.311992017002513933e+01 -2.402269177781904830e+01
1.271063770828229700e+01 -2.357347310303592280e+01 -2.312084614515998027e+01 -2.402610006091186534e+01
1.271830032811113220e+01 -2.357543651191788570e+01 -2.312163087876697176e+01 -2.402924214506879963e+01
1.272596294793996918e+01 -2.357721763525714209e+01 -2.312229734932584080e+01 -2.403213792118844339e+01
1.273362556776880439e+01 -2.357885640368386859e+01 -2.312288840251149935e+01 -2.403482440485623783e+01
1.274128818759764137e+01 -2.358037870865875263e+01 -2.312342567307832653e+01 -2.403733174423917873e+01
1.274895080742647657e+01 -2.358179664744623949e+01 -2.312391596590731524e+01 -2.403967732898516374e+01
1.275661342725531355e+01 -2.358311241974039518e+01 -2.312435668703925984e+01 -2.404186815244153053e+01
1.276427604708414876e+01 -2.358433239603940024e+01 -2.312474648048668868e+01 -2.404391831159211179e+01
1.277193866691298396e+01 -2.358541506453066816e+01 -2.312505780969137703e+01 -2.404577231936995929e+01
1.277960128674182094e+01 -2.358637881386995616e+01 -2.312530558842848905e+01 -2.404745203931142328e+01
1.278726390657065792e+01 -2.358723372788582040e+01 -2.312548425859413825e+01 -2.404898319717750255e+01
1.279492652639949313e+01 -2.358798910221484846e+01 -2.312569796746993589e+01 -2.405028023695976103e+01
1.280258914622832833e+01 -2.358865496358354363e+01 -2.312601763887814954e+01 -2.405129228828893773e+01
1.281025176605716531e+01 -2.358924193667811409e+01 -2.312638500637276096e+01 -2.405209886698346722e+01
1.281791438588600052e+01 -2.358974136946781286e+01 -2.312672540555829315e+01 -2.405275733337733257e+01
1.282557700571483750e+01 -2.359017617789023191e+01 -2.312706317007653922e+01 -2.405328918570392460e+01
1.283323962554367270e+01 -2.359056220161845019e+01 -2.312737386257676064e+01 -2.405375054066013973e+01
1.284090224537250968e+01 -2.359090663786190589e+01 -2.312765292025815356e+01 -2.405416035546565823e+01
1.284856486520134489e+01 -2.359121645691687164e+01 -2.312790313895817818e+01 -2.405452977487556510e+01
1.285622748503018187e+01 -2.359149682048732899e+01 -2.312812931613016332e+01 -2.405486432484449466e+01
1.286389010485901707e+01 -2.359174885360358687e+01 -2.312833365518062578e+01 -2.405516405202654795e+01
1.287155272468785228e+01 -2.359197483153780439e+01 -2.312851847270417238e+01 -2.405543119037143640e+01
1.287921534451668926e+01 -2.359217754774167020e+01 -2.312866946770831333e+01 -2.405568562777502706e+01
1.288687796434552624e+01 -2.359235982602485393e+01 -2.312879996417437667e+01 -2.405591968787533119e+01
1.289454058417436144e+01 -2.359252574868425967e+01 -2.312891844634476257e+01 -2.405613305102375676e+01
1.290220320400319665e+01 -2.359267909428527688e+01 -2.312903673495652512e+01 -2.405632145361402863e+01
1.290986582383203363e+01 -2.359282254123684197e+01 -2.312916585682165405e+01 -2.405647922565202990e+01
1.291752844366086883e+01 -2.359295803414886095e+01 -2.312929564317667541e+01 -2.405662042512104648e+01
1.292519106348970581e+01 -2.359308107852200109e+01 -2.312939801953852026e+01 -2.405676413750548193e+01
1.293285368331854102e+01 -2.359319293584549371e+01 -2.312948465427864164e+01 -2.405690121741234577e+01
1.294051630314737800e+01 -2.359329526691479018e+01 -2.312956290477495003e+01 -2.405702762905463032e+01
1.294817892297621320e+01 -2.359338808347976624e+01 -2.312963453344985254e+01 -2.405714163350967993e+01
1.295584154280505018e+01 -2.359347179820030505e+01 -2.312969969267864556e+01 -2.405724390372196453e+01
1.296350416263388539e+01 -2.359354875357590231e+01 -2.312976038603510887e+01 -2.405733712111669576e+01
1.297116678246272059e+01 -2.359362012267105513e+01 -2.312981768710831076e+01 -2.405742255823379949e+01
1.297882940229155757e+01 -2.359368864817272993e+01 -2.312987406640816701e+01 -2.405750322993729284e+01
1.298649202212039455e+01 -2.359375671579346090e+01 -2.312993144132556367e+01 -2.405758199026135813e+01
1.299415464194922976e+01 -2.359382264358760040e+01 -2.312998443439360940e+01 -2.405766085278159139e+01
1.300181726177806496e+01 -2.359388510902467928e+01 -2.313002319174504962e+01 -2.405774702630430895e+01
1.300947988160690194e+01 -2.359394399160463252e+01 -2.313004484169294273e+01 -2.405784314151632231e+01
1.301714250143573715e+01 -2.359400012582261041e+01 -2.313006839280611260e+01 -2.405793185883910823e+01
1.302480512126457413e+01 -2.359405073077977733e+01 -2.313009142587390699e+01 -2.405801003568564767e+01
1.303246774109340933e+01 -2.359409749900112629e+01 -2.313011402594660026e+01 -2.405808097205565232e+01
1.304013036092224631e+01 -2.359413995184620916e+01 -2.313013538522611512e+01 -2.405814451846630320e+01
1.304779298075108152e+01 -2.359417831373639984e+01 -2.313015537574705149e+01 -2.405820125172574819e+01
1.305545560057991850e+01 -2.359421346962455601e+01 -2.313017452128037021e+01 -2.405825241796874181e+01
1.306311822040875370e+01 -2.359424628991310868e+01 -2.313019338672833669e+01 -2.405829919309788067e+01
1.307078084023758890e+01 -2.359427553102544550e+01 -2.313021064945011673e+01 -2.405834041260077427e+01
1.307844346006642589e+01 -2.359430235264724729e+01 -2.313022721841684870e+01 -2.405837748687764588e+01
1.308610607989526287e+01 -2.359432705472869074e+01 -2.313024300782688059e+01 -2.405841110163050089e+01
1.309376869972409807e+01 -2.359434941810387443e+01 -2.313025763159808434e+01 -2.405844120460966451e+01
1.310143131955293327e+01 -2.359436927867903577e+01 -2.313027076605959564e+01 -2.405846779129847590e+01
1.310909393938177026e+01 -2.359438671674471522e+01 -2.313028236589012110e+01 -2.405849106759930933e+01
1.311675655921060724e+01 -2.359440218068962736e+01 -2.313029279472343802e+01 -2.405851156665581669e+01
1.312441917903944244e+01 -2.359441633463424282e+01 -2.313030264937557234e+01 -2.405853001989291329e+01
1.313208179886827764e+01 -2.359442895931617556e+01 -2.313031159842400442e+01 -2.405854632020834671e+01
1.313974441869711463e+01 -2.359443995524411264e+01 -2.313031941211881559e+01 -2.405856049836940969e+01
1.314740703852594983e+01 -2.359444948627388783e+01 -2.313032618485853931e+01 -2.405857278768923635e+01
1.315506965835478681e+01 -2.359445772446376566e+01 -2.313033203890759992e+01 -2.405858341001993139e+01
1.316273227818362201e+01 -2.359446481196032508e+01 -2.313033707527518956e+01 -2.405859254864546060e+01
1.317039489801245900e+01 -2.359447094261959776e+01 -2.313034143171521606e+01 -2.405860045352397947e+01
1.317805751784129420e+01 -2.359447605836130890e+01 -2.313034506695588988e+01 -2.405860704976672793e+01
1.318572013767013118e+01 -2.359448046724268266e+01 -2.313034819990235746e+01 -2.405861273458300786e+01
1.319338275749896638e+01 -2.359448427897808642e+01 -2.313035090851752074e+01 -2.405861764943865211e+01
1.320104537732780159e+01 -2.359448755925331653e+01 -2.313035323947764255e+01 -2.405862187902899052e+01
1.320870799715663857e+01 -2.359449037440503361e+01 -2.313035523992149223e+01 -2.405862550888857498e+01
1.321637061698547555e+01 -2.359449279872936955e+01 -2.313035696264381613e+01 -2.405862863481492298e+01
1.322403323681431075e+01 -2.359449485280050851e+01 -2.313035842226459948e+01 -2.405863128333641754e+01
1.323169585664314596e+01 -2.359449657520829646e+01 -2.313035964620576124e+01 -2.405863350421083169e+01
1.323935847647198294e+01 -2.359449806056736065e+01 -2.313036070170034719e+01 -2.405863541943437411e+01
1.324702109630081814e+01 -2.359449933301281632e+01 -2.313036160589874868e+01 -2.405863706012688397e+01
1.325468371612965512e+01 -2.359450042232527522e+01 -2.313036237996303512e+01 -2.405863846468751532e+01
1.326234633595849033e+01 -2.359450135622613942e+01 -2.313036304359200912e+01 -2.405863966886026972e+01
1.327000895578732731e+01 -2.359450215200507373e+01 -2.313036360907168287e+01 -2.405864069493846458e+01
1.327767157561616251e+01 -2.359450281558258666e+01 -2.313036408060916216e+01 -2.405864155055601117e+01
1.328533419544499949e+01 -2.359450337909812845e+01 -2.313036448104271159e+01 -2.405864227715354531e+01
1.329299681527383470e+01 -2.359450385958537311e+01 -2.313036482247644798e+01 -2.405864289669429823e+01
1.330065943510266990e+01 -2.359450426985853255e+01 -2.313036511401612216e+01 -2.405864342570094294e+01
1.330832205493150688e+01 -2.359450461998945059e+01 -2.313036536281877886e+01 -2.405864387716012232e+01
1.331598467476034386e+01 -2.359450491723582388e+01 -2.313036557404174332e+01 -2.405864426042990445e+01
1.332364729458917907e+01 -2.359450516912007245e+01 -2.313036575303042497e+01 -2.405864458520971993e+01
1.450000000000000000e+01 -2.359450516912007245e+01 -2.313036575303042497e+01 -2.405864458520971993e+01
