# # logMh LcMh -err(LcMh) +err(LcMh)
9.500000000000000000e+00 7.487522980321346111e+00 8.050023002527838756e+00 6.925022958114854355e+00
9.508060208593539286e+00 7.422280723527040713e+00 7.984071406188727238e+00 6.860490040865354189e+00
9.516120417187080349e+00 7.357154495963627028e+00 7.918355558067748490e+00 6.795953433859505566e+00
9.524180625780619636e+00 7.291966006458520333e+00 7.852573473287070449e+00 6.731358539629970217e+00
9.532240834374158922e+00 7.226607871002883599e+00 7.786534832445061838e+00 6.666680909560705359e+00
9.540301042967698208e+00 7.161213195674810628e+00 7.720605496291551795e+00 6.601820895058069461e+00
9.548361251561239271e+00 7.095794848255296827e+00 7.654881428343812466e+00 6.536708268166781188e+00
9.556421460154778558e+00 7.030234778222213876e+00 7.588797632870920573e+00 6.471671923573507179e+00
9.564481668748317844e+00 6.964548222804317845e+00 7.522561055581950207e+00 6.406535390026685484e+00
9.572541877341858907e+00 6.898834904989520567e+00 7.456643004737402158e+00 6.341026805241638975e+00
9.580602085935398193e+00 6.833125926889275448e+00 7.390329521552039260e+00 6.275922332226511635e+00
9.588662294528937480e+00 6.767197333336929077e+00 7.323826172808852064e+00 6.210568493865006090e+00
9.596722503122476766e+00 6.701171572112492925e+00 7.257332649509233846e+00 6.145010494715752003e+00
9.604782711716017829e+00 6.635181968541775888e+00 7.191039149870788627e+00 6.079324787212763148e+00
9.612842920309557115e+00 6.569048281940936818e+00 7.124362254693213714e+00 6.013734309188659921e+00
9.620903128903096402e+00 6.502787415873187982e+00 7.057471832330567629e+00 5.948102999415808334e+00
9.628963337496635688e+00 6.436564302709680163e+00 6.990712420778891101e+00 5.882416184640469226e+00
9.637023546090176751e+00 6.370320325384073001e+00 6.923888073672911148e+00 5.816752577095234855e+00
9.645083754683716037e+00 6.303732491616479194e+00 6.856730209615692573e+00 5.750734773617265816e+00
9.653143963277255324e+00 6.237306969553668701e+00 6.789488659864263198e+00 5.685125279243074203e+00
9.661204171870796387e+00 6.170820757269702916e+00 6.722435591657682785e+00 5.619205922881723048e+00
9.669264380464335673e+00 6.104105840994131782e+00 6.655101488265665388e+00 5.553110193722598176e+00
9.677324589057874960e+00 6.037496526529598562e+00 6.587794723834642596e+00 5.487198329224554527e+00
9.685384797651414246e+00 5.970769217934960515e+00 6.520301600883713355e+00 5.421236834986207676e+00
9.693445006244955309e+00 5.903937226464831767e+00 6.452720229329815815e+00 5.355154223599847718e+00
9.701505214838494595e+00 5.837087389917698488e+00 6.385161941513690209e+00 5.289012838321706766e+00
9.709565423432033882e+00 5.770190348969531868e+00 6.317545657460990505e+00 5.222835040478073232e+00
9.717625632025574944e+00 5.703238388969894324e+00 6.249755351964391359e+00 5.156721425975397288e+00
9.725685840619114231e+00 5.636345511404968533e+00 6.181976644415098754e+00 5.090714378394838313e+00
9.733746049212653517e+00 5.569176342646580125e+00 6.113924637718566757e+00 5.024428047574593492e+00
9.741806257806192804e+00 5.502095213190648870e+00 6.046034129211074415e+00 4.958156297170223326e+00
9.749866466399733866e+00 5.434985756425612990e+00 5.978071738792369416e+00 4.891899774058856565e+00
9.757926674993273153e+00 5.367781029968457851e+00 5.909987935284625848e+00 4.825574124652289854e+00
9.765986883586812439e+00 5.300564711517163907e+00 5.841922798091129465e+00 4.759206624943198349e+00
9.774047092180353502e+00 5.233280669667657925e+00 5.773787698648719768e+00 4.692773640686596082e+00
9.782107300773892788e+00 5.165910051209889886e+00 5.705515378311112329e+00 4.626304724108667443e+00
9.790167509367432075e+00 5.098579853042916277e+00 5.637297449501550872e+00 4.559862256584281681e+00
9.798227717960971361e+00 5.031114076609797259e+00 5.569031564504426157e+00 4.493196588715168360e+00
9.806287926554512424e+00 4.963516768059403894e+00 5.500736103145942302e+00 4.426297432972865487e+00
9.814348135148051711e+00 4.896129368078455890e+00 5.432521326273890061e+00 4.359737409883021719e+00
9.822408343741590997e+00 4.828431341843804958e+00 5.364105975755064648e+00 4.292756707932545268e+00
9.830468552335130283e+00 4.760627313605285238e+00 5.295655345207641140e+00 4.225599282002929336e+00
9.838528760928671346e+00 4.692869672941582415e+00 5.227215147413105001e+00 4.158524198470059829e+00
9.846588969522210633e+00 4.625025644146186998e+00 5.158746462716081282e+00 4.091304825576292714e+00
9.854649178115749919e+00 4.557031514158317975e+00 5.090213237885311770e+00 4.023849790431324180e+00
9.862709386709290982e+00 4.488960112590222096e+00 5.021552669965463345e+00 3.956367555214980847e+00
9.870769595302830268e+00 4.420723585578201664e+00 4.952843415048984177e+00 3.888603756107419152e+00
9.878829803896369555e+00 4.352486734924028156e+00 4.884431687202765104e+00 3.820541782645291207e+00
9.886890012489908841e+00 4.284060232072778973e+00 4.815836925086449227e+00 3.752283539059108719e+00
9.894950221083449904e+00 4.215337048744898674e+00 4.746829417827417963e+00 3.683844679662379384e+00
9.903010429676989190e+00 4.146648426518678932e+00 4.677927990506917766e+00 3.615368862530440541e+00
9.911070638270528477e+00 4.077806458659046562e+00 4.608910558373056965e+00 3.546702358945036160e+00
9.919130846864069539e+00 4.008725981203740574e+00 4.539724421794775644e+00 3.477727540612705504e+00
9.927191055457608826e+00 3.939484442034304923e+00 4.470507331174948362e+00 3.408461552893661484e+00
9.935251264051148112e+00 3.870084591109637984e+00 4.401184037826576301e+00 3.338985144392699667e+00
9.943311472644687399e+00 3.800452971621018250e+00 4.331671790465145833e+00 3.269234152776890667e+00
9.951371681238228462e+00 3.730925272026030637e+00 4.262272601031080299e+00 3.199577943020980975e+00
9.959431889831767748e+00 3.660726927100088623e+00 4.192135172231303386e+00 3.129318681968874305e+00
9.967492098425307034e+00 3.590584814681303971e+00 4.122219416234334410e+00 3.058950213128273532e+00
9.975552307018848097e+00 3.520293876989834203e+00 4.051868721787464267e+00 2.988719032192203695e+00
9.983612515612387384e+00 3.449814896863950153e+00 3.981547124318194797e+00 2.918082669409705510e+00
9.991672724205926670e+00 3.379143175621888151e+00 3.910890252415176960e+00 2.847396098828599342e+00
9.999732932799465956e+00 3.308302219972234948e+00 3.839910028290199229e+00 2.776694411654270667e+00
1.000779314139300702e+01 3.237335799570568273e+00 3.768688606300616861e+00 2.705982992840519685e+00
1.001585334998654631e+01 3.166258274514710092e+00 3.697238787947865646e+00 2.635277761081554537e+00
1.002391355858008559e+01 3.095018671190082227e+00 3.625682429062570655e+00 2.564354913317593798e+00
1.003197376717362488e+01 3.023704238317427961e+00 3.553705032329892433e+00 2.493703444304963490e+00
1.004003397576716594e+01 2.952369702023215581e+00 3.481898738250746916e+00 2.422840665795684245e+00
1.004809418436070523e+01 2.880904131662693324e+00 3.409812950518940067e+00 2.351995312806446581e+00
1.005615439295424451e+01 2.809356012891115029e+00 3.337598347029512524e+00 2.281113678752717533e+00
1.006421460154778558e+01 2.737891149488624443e+00 3.265482146556544674e+00 2.210300152420704212e+00
1.007227481014132486e+01 2.666283463014793575e+00 3.193140021186608557e+00 2.139426904842978594e+00
1.008033501873486415e+01 2.594564653677920329e+00 3.120674530542683733e+00 2.068454776813156926e+00
1.008839522732840344e+01 2.522897049609011511e+00 3.048239718224385442e+00 1.997554380993637579e+00
1.009645543592194450e+01 2.451025849589151040e+00 2.975656891029925255e+00 1.926394808148376825e+00
1.010451564451548379e+01 2.379106819149410690e+00 2.903014281907974059e+00 1.855199356390847321e+00
1.011257585310902307e+01 2.307245967169446299e+00 2.830458229614191801e+00 1.784033704724700575e+00
1.012063606170256413e+01 2.234992950803537770e+00 2.757525253036775315e+00 1.712460648570300226e+00
1.012869627029610342e+01 2.162881957289938484e+00 2.684928919563059235e+00 1.640834995016817732e+00
1.013675647888964271e+01 2.090546061953701518e+00 2.612018631092211773e+00 1.569073492815191262e+00
1.014481668748318199e+01 2.018071354578679255e+00 2.538952589054169984e+00 1.497190120103188749e+00
1.015287689607672306e+01 1.945551380596373336e+00 2.465921050298796047e+00 1.425181710893950626e+00
1.016093710467026234e+01 1.872896694130013806e+00 2.392852694060567664e+00 1.352940694199459948e+00
1.016899731326380163e+01 1.800070518601039726e+00 2.319563339102835187e+00 1.280577698099244044e+00
1.017705752185734269e+01 1.727282329650499992e+00 2.246362399679614708e+00 1.208202259621385277e+00
1.018511773045088198e+01 1.654202100783256135e+00 2.172742738398806939e+00 1.135661463167705332e+00
1.019317793904442127e+01 1.581081788920994047e+00 2.098937862839724389e+00 1.063225715002263483e+00
1.020123814763796055e+01 1.507852572508481481e+00 2.025250898363317287e+00 9.904542466536456757e-01
1.020929835623150161e+01 1.434472874654283636e+00 1.951262748375736322e+00 9.176830009328310611e-01
1.021735856482504090e+01 1.361013841608915254e+00 1.877168712136911832e+00 8.448589710809185638e-01
1.022541877341858019e+01 1.287435433369871429e+00 1.802957498114730495e+00 7.719133686250124748e-01
1.023347898201211947e+01 1.213712085377975480e+00 1.728585802301454866e+00 6.988383684544962060e-01
1.024153919060566054e+01 1.139923466751144421e+00 1.654120850270722753e+00 6.257260832315660881e-01
1.024959939919919982e+01 1.066102746615677166e+00 1.579696952294884493e+00 5.525085409364698386e-01
1.025765960779273911e+01 9.919775251814337835e-01 1.504832049720455922e+00 4.791230006424116450e-01
1.026571981638628017e+01 9.179647268899202572e-01 1.430111852228665770e+00 4.058176015511747448e-01
1.027378002497981946e+01 8.436579469574667645e-01 1.355054955246715043e+00 3.322609386682185972e-01
1.028184023357335874e+01 7.692895064399508653e-01 1.279982382899452764e+00 2.585966299804489665e-01
1.028990044216689803e+01 6.948942667187431033e-01 1.204856144876010671e+00 1.849323885614754248e-01
1.029796065076043909e+01 6.203113257726203811e-01 1.129571937683535143e+00 1.110507138617057299e-01
1.030602085935397838e+01 5.456223098465755594e-01 1.054176413587152972e+00 3.706820610599803612e-02
1.031408106794751767e+01 4.708910150155193319e-01 9.786928459735639851e-01 -3.691081594252532128e-02
1.032214127654105873e+01 3.959059448468046361e-01 9.029637821893465865e-01 -1.111518924957373144e-01
1.033020148513459802e+01 3.208271358866003897e-01 8.271668287747994119e-01 -1.855125570015986325e-01
1.033826169372813730e+01 2.457099301201884911e-01 7.513166325513652710e-01 -2.598967723109882888e-01
1.034632190232167659e+01 1.702824361476731607e-01 6.754160789595323733e-01 -3.348512066641861074e-01
1.035438211091521765e+01 9.490222042546181402e-02 5.995729429902674212e-01 -4.097685021393437932e-01
1.036244231950875694e+01 1.930233979777506298e-02 5.234157537444174002e-01 -4.848110741488672604e-01
1.037050252810229622e+01 -5.645868404051061079e-02 4.470477052748820790e-01 -5.599650733559032867e-01
1.037856273669583729e+01 -1.323074505070789275e-01 3.707275384360534387e-01 -6.353424394502112937e-01
1.038662294528937657e+01 -2.083620856569810831e-01 2.942493098497025450e-01 -7.109734811636647667e-01
1.039468315388291586e+01 -2.847024607490123982e-01 2.174979048549016136e-01 -7.869028263529264100e-01
1.040274336247645515e+01 -3.610648363148019624e-01 1.408805160570826831e-01 -8.630101886866865524e-01
1.041080357106999621e+01 -4.376998075643305786e-01 6.418336129966684123e-02 -9.395829764283279983e-01
1.041886377966353550e+01 -5.144884061348665716e-01 -1.277504725905476146e-02 -1.016201765010678493e+00
1.042692398825707478e+01 -5.913232316478210793e-01 -8.979416907454196295e-02 -1.092852294221100085e+00
1.043498419685061407e+01 -6.684596103001592127e-01 -1.671882391313102012e-01 -1.169730981469008224e+00
1.044304440544415513e+01 -7.457385162474876594e-01 -2.445891186511987003e-01 -1.246887913843776730e+00
1.045110461403769442e+01 -8.233112339116286371e-01 -3.221766309509843662e-01 -1.324445836872272908e+00
1.045916482263123370e+01 -9.011624503234156869e-01 -4.000913648901653907e-01 -1.402233535756665983e+00
1.046722503122477477e+01 -9.790717237521437966e-01 -4.781264827626452441e-01 -1.480016964741642349e+00
1.047528523981831405e+01 -1.057061682603750663e+00 -5.561690382179648173e-01 -1.557954326989536398e+00
1.048334544841185334e+01 -1.135378250983777981e+00 -6.346831170007505296e-01 -1.636073384966805433e+00
1.049140565700539440e+01 -1.213661520379852643e+00 -7.133907027639670995e-01 -1.713932337995738298e+00
1.049946586559893369e+01 -1.292260275559043992e+00 -7.922743948391505198e-01 -1.792246156278937352e+00
1.050752607419247298e+01 -1.370997523313963740e+00 -8.714695732850570309e-01 -1.870525473342870448e+00
1.051558628278601226e+01 -1.449792035038720783e+00 -9.508169509744119896e-01 -1.948767119103029577e+00
1.052364649137955332e+01 -1.528838407562243429e+00 -1.030330578428056310e+00 -2.027346236696430548e+00
1.053170669997309261e+01 -1.608026710866845121e+00 -1.109822836011695291e+00 -2.106230585721994952e+00
1.053976690856663190e+01 -1.687256098549962502e+00 -1.189347502069236118e+00 -2.185164695030688886e+00
1.054782711716017118e+01 -1.766662036910132461e+00 -1.269340343440607421e+00 -2.263983730379657722e+00
1.055588732575371225e+01 -1.846091319740238434e+00 -1.349076582472603647e+00 -2.343106057007873222e+00
1.056394753434725153e+01 -1.925509264025860645e+00 -1.428609069878983950e+00 -2.422409458172737562e+00
1.057200774294079082e+01 -2.005376587271915145e+00 -1.509003494754052266e+00 -2.501749679789778025e+00
1.058006795153433188e+01 -2.085355052152415123e+00 -1.589602844968096562e+00 -2.581107259336733684e+00
1.058812816012787117e+01 -2.165574674483589313e+00 -1.670082036798685277e+00 -2.661067312168493348e+00
1.059618836872141046e+01 -2.245986925871557016e+00 -1.750807469144712858e+00 -2.741166382598401174e+00
1.060424857731494974e+01 -2.326430824108788542e+00 -1.831515600687629641e+00 -2.821346047529947221e+00
1.061230878590849080e+01 -2.406989649648055174e+00 -1.912804552853866635e+00 -2.901174746442243713e+00
1.062036899450203009e+01 -2.487756033225353214e+00 -1.994006455118211729e+00 -2.981505611332494698e+00
1.062842920309556938e+01 -2.568471341636762606e+00 -2.074643613781821383e+00 -3.062299069491703829e+00
1.063648941168910866e+01 -2.649506869453362334e+00 -2.156161884528123629e+00 -3.142851854378601040e+00
1.064454962028264973e+01 -2.730925042384569679e+00 -2.238358454498855732e+00 -3.223491630270283625e+00
1.065260982887618901e+01 -2.812355495747855816e+00 -2.320620428954003334e+00 -3.304090562541708298e+00
1.066067003746972830e+01 -2.894128776200920683e+00 -2.402912397481362650e+00 -3.385345154920478716e+00
1.066873024606326936e+01 -2.975925986530696399e+00 -2.484990467317757634e+00 -3.466861505743635163e+00
1.067679045465680865e+01 -3.057812860350186845e+00 -2.567474009956964398e+00 -3.548151710743409293e+00
1.068485066325034794e+01 -3.139798590947593393e+00 -2.650628082010337394e+00 -3.628969099884849392e+00
1.069291087184388900e+01 -3.221750160915851424e+00 -2.733626001768748814e+00 -3.709874320062954034e+00
1.070097108043742828e+01 -3.303794493571433399e+00 -2.816616264072727027e+00 -3.790972723070139772e+00
1.070903128903096757e+01 -3.386526243994300245e+00 -2.899257512167727757e+00 -3.873794975820872732e+00
1.071709149762450686e+01 -3.469350127363473035e+00 -2.982360080201865493e+00 -3.956340174525080577e+00
1.072515170621804792e+01 -3.552344662502606276e+00 -3.066773086509077650e+00 -4.037916238496134902e+00
1.073321191481158721e+01 -3.635330396571061051e+00 -3.151303073544537092e+00 -4.119357719597585010e+00
1.074127212340512649e+01 -3.718104628138271917e+00 -3.235681318182490163e+00 -4.200527938094053226e+00
1.074933233199866578e+01 -3.801071246206042531e+00 -3.319776764048631534e+00 -4.282365728363453528e+00
1.075739254059220684e+01 -3.884292142129941450e+00 -3.403276178324875723e+00 -4.365308105935007177e+00
1.076545274918574613e+01 -3.967785865125512235e+00 -3.487215468260068008e+00 -4.448356261990956462e+00
1.077351295777928541e+01 -4.051667492933345827e+00 -3.572246486111086305e+00 -4.531088499755605348e+00
1.078157316637282648e+01 -4.135653522579736396e+00 -3.657468866497438853e+00 -4.613838178662033940e+00
1.078963337496636576e+01 -4.219370472405413963e+00 -3.742477975300383619e+00 -4.696262969510444307e+00
1.079769358355990505e+01 -4.303469597395254809e+00 -3.828227931891921010e+00 -4.778711262898588608e+00
1.080575379215344434e+01 -4.387439468997561320e+00 -3.912906833663514661e+00 -4.861972104331607980e+00
1.081381400074698540e+01 -4.471677781887326120e+00 -3.997267848658005995e+00 -4.946087715116646244e+00
1.082187420934052469e+01 -4.556309965309040422e+00 -4.082399992179346349e+00 -5.030219938438734495e+00
1.082993441793406397e+01 -4.641096794964457928e+00 -4.167937017909547848e+00 -5.114256572019368008e+00
1.083799462652760326e+01 -4.726070742186299078e+00 -4.253646667602903442e+00 -5.198494816769694715e+00
1.084605483512114432e+01 -4.811294639007663854e+00 -4.339516222012231417e+00 -5.283073056003096291e+00
1.085411504371468361e+01 -4.896490680212483682e+00 -4.425034828451507529e+00 -5.367946531973459834e+00
1.086217525230822289e+01 -4.981915987097259801e+00 -4.510578681095577025e+00 -5.453253293098942578e+00
1.087023546090176396e+01 -5.067571103396910637e+00 -4.596137754225770422e+00 -5.539004452568050851e+00
1.087829566949530324e+01 -5.153280075198568788e+00 -4.681626957219156893e+00 -5.624933193177980684e+00
1.088635587808884253e+01 -5.239639467324672673e+00 -4.767745176170383736e+00 -5.711533758478961609e+00
1.089441608668238359e+01 -5.326108130629373605e+00 -4.853819651461275697e+00 -5.798396609797471513e+00
1.090247629527592288e+01 -5.412797824456952789e+00 -4.940009550585468645e+00 -5.885586098328436933e+00
1.091053650386946217e+01 -5.499779681846313828e+00 -5.026400673656199913e+00 -5.973158690036427743e+00
1.091859671246300145e+01 -5.586880014080258583e+00 -5.112922418732305907e+00 -6.060837609428211259e+00
1.092665692105654252e+01 -5.674092599562610140e+00 -5.199532036039014926e+00 -6.148653163086205353e+00
1.093471712965008180e+01 -5.761843474179566549e+00 -5.286653997342620315e+00 -6.237032951016512783e+00
1.094277733824362109e+01 -5.849539070669756313e+00 -5.373809401363677019e+00 -6.325268739975835608e+00
1.095083754683716037e+01 -5.937583973327377862e+00 -5.461358643605837671e+00 -6.413809303048918053e+00
1.095889775543070144e+01 -6.025885327488090581e+00 -5.549253849305942232e+00 -6.502516805670238931e+00
1.096695796402424072e+01 -6.114160019534214285e+00 -5.637167388834355641e+00 -6.591152650234072929e+00
1.097501817261778001e+01 -6.202810095333686213e+00 -5.725483968917296274e+00 -6.680136221750076153e+00
1.098307838121132107e+01 -6.291637543813624944e+00 -5.813889826528680693e+00 -6.769385261098569195e+00
1.099113858980486036e+01 -6.380511905889325597e+00 -5.902241429707888898e+00 -6.858782382070762296e+00
1.099919879839839965e+01 -6.469627838316586832e+00 -5.990914598462627083e+00 -6.948341078170546581e+00
1.100725900699193893e+01 -6.558961846902753301e+00 -6.079859865191569845e+00 -7.038063828613936757e+00
1.101531921558547999e+01 -6.648262048291876170e+00 -6.168824322007579575e+00 -7.127699774576172764e+00
1.102337942417901928e+01 -6.738255109667051101e+00 -6.258569673336099370e+00 -7.217940545998002833e+00
1.103143963277255857e+01 -6.828217030735905801e+00 -6.348107337614639079e+00 -7.308326723857172524e+00
1.103949984136609785e+01 -6.918467663761081354e+00 -6.437884784900301582e+00 -7.399050542621861126e+00
1.104756004995963892e+01 -7.009010205122655712e+00 -6.528079740195115832e+00 -7.489940670050195592e+00
1.105562025855317820e+01 -7.099714525040670132e+00 -6.618423390191074063e+00 -7.581005659890266202e+00
1.106368046714671749e+01 -7.190802620059862704e+00 -6.709083168157622623e+00 -7.672522071962102785e+00
1.107174067574025855e+01 -7.282345676693764425e+00 -6.800277592880165756e+00 -7.764413760507363094e+00
1.107980088433379784e+01 -7.374012567820919628e+00 -6.891678675367209017e+00 -7.856346460274630239e+00
1.108786109292733713e+01 -7.465969142164723849e+00 -6.983520403894229567e+00 -7.948417880435218130e+00
1.109592130152087819e+01 -7.558321856906157876e+00 -7.075785685209098119e+00 -8.040858028603217633e+00
1.110398151011441747e+01 -7.650838003655997532e+00 -7.168439338757484514e+00 -8.133236668554509663e+00
1.111204171870795676e+01 -7.743997091713054282e+00 -7.261548982342943326e+00 -8.226445201083166125e+00
1.112010192730149605e+01 -7.837313211952604775e+00 -7.354792943420389584e+00 -8.319833480484820853e+00
1.112816213589503711e+01 -7.930893700887270192e+00 -7.448410835147633691e+00 -8.413376566626906694e+00
1.113622234448857640e+01 -8.024901879486192158e+00 -7.542596160508251657e+00 -8.507207598464132658e+00
1.114428255308211568e+01 -8.119164989880067296e+00 -7.637236845430094512e+00 -8.601093134330040968e+00
1.115234276167565497e+01 -8.213598334283457092e+00 -7.732085788515316693e+00 -8.695110880051597491e+00
1.116040297026919603e+01 -8.308664401162420887e+00 -7.827436095974877439e+00 -8.789892706349965223e+00
1.116846317886273532e+01 -8.403823905266058603e+00 -7.923163986407580239e+00 -8.884483824124536966e+00
1.117652338745627461e+01 -8.499196622104200571e+00 -8.019280496504865852e+00 -8.979112747703535291e+00
1.118458359604981567e+01 -8.595032825741949267e+00 -8.115674212610363369e+00 -9.074391438873535165e+00
1.119264380464335495e+01 -8.690843460170890822e+00 -8.212151430670573404e+00 -9.169535489671208239e+00
1.120070401323689424e+01 -8.787019154939008203e+00 -8.309147830951893354e+00 -9.264890478926123052e+00
1.120876422183043353e+01 -8.883390637841387161e+00 -8.406302673329053121e+00 -9.360478602353721200e+00
1.121682443042397459e+01 -8.979795747733835043e+00 -8.503508533283138604e+00 -9.456082962184531482e+00
1.122488463901751388e+01 -9.076331960142713484e+00 -8.600965821062576566e+00 -9.551698099222850402e+00
1.123294484761105316e+01 -9.173051320371513384e+00 -8.698553245126483091e+00 -9.647549395616543677e+00
1.124100505620459245e+01 -9.269804302354904380e+00 -8.796170750832743579e+00 -9.743437853877065180e+00
1.124906526479813351e+01 -9.367055752235062371e+00 -8.894036741259830237e+00 -9.840074763210294506e+00
1.125712547339167280e+01 -9.464273317977262678e+00 -8.991950794251609480e+00 -9.936595841702915877e+00
1.126518568198521209e+01 -9.561729909643204905e+00 -9.090113678355217885e+00 -1.003334614093119193e+01
1.127324589057875315e+01 -9.659522919984395273e+00 -9.188325961382062701e+00 -1.013071987858672784e+01
1.128130609917229243e+01 -9.757356474216678066e+00 -9.286483864773705577e+00 -1.022822908365965056e+01
1.128936630776583172e+01 -9.855466072768130914e+00 -9.384902398191238504e+00 -1.032602974734502332e+01
1.129742651635937278e+01 -9.953975113196880997e+00 -9.483753168082039053e+00 -1.042419705831172294e+01
1.130548672495291207e+01 -1.005257272460253404e+01 -9.582621044043428071e+00 -1.052252440516164000e+01
1.131354693354645136e+01 -1.015134381125430707e+01 -9.681685596989495934e+00 -1.062100202551911821e+01
1.132160714213999064e+01 -1.025055639298156862e+01 -9.781295702556345617e+00 -1.071981708340679162e+01
1.132966735073353171e+01 -1.034961783797277768e+01 -9.880836287195929657e+00 -1.081839938874962570e+01
1.133772755932707099e+01 -1.044936267525545581e+01 -9.981067587757880943e+00 -1.091765776275303068e+01
1.134578776792061028e+01 -1.054911125880725287e+01 -1.008130114923981679e+01 -1.101692136837468894e+01
1.135384797651414956e+01 -1.064898846020046363e+01 -1.018171671612649298e+01 -1.111626020427443429e+01
1.136190818510769063e+01 -1.074922090689206122e+01 -1.028258255436744939e+01 -1.121585925941667305e+01
1.136996839370122991e+01 -1.084963798824614400e+01 -1.038359780866996829e+01 -1.131567816782231972e+01
1.137802860229476920e+01 -1.095014872880582502e+01 -1.048458675200773627e+01 -1.141571070560391377e+01
1.138608881088831026e+01 -1.105112647431393214e+01 -1.058628169394807550e+01 -1.151597125467978877e+01
1.139414901948184955e+01 -1.115211250460710524e+01 -1.068793300678505176e+01 -1.161629200242915871e+01
1.140220922807538884e+01 -1.125333395215141863e+01 -1.078982699713708016e+01 -1.171684090716575710e+01
1.141026943666892812e+01 -1.135500016702119197e+01 -1.089214432090967932e+01 -1.181785601313270462e+01
1.141832964526246919e+01 -1.145658446233193217e+01 -1.099444254043736535e+01 -1.191872638422649899e+01
1.142638985385600847e+01 -1.155863523536565118e+01 -1.109709854991357858e+01 -1.202017192081772379e+01
1.143445006244954776e+01 -1.166092041265800461e+01 -1.119987976896347703e+01 -1.212196105635253218e+01
1.144251027104308704e+01 -1.176335484611832527e+01 -1.130285241099228521e+01 -1.222385728124436532e+01
1.145057047963662811e+01 -1.186611471626498826e+01 -1.140623444633554762e+01 -1.232599498619442890e+01
1.145863068823016739e+01 -1.196916237607843314e+01 -1.150980633141791820e+01 -1.242851842073894808e+01
1.146669089682370668e+01 -1.207220188656548032e+01 -1.161346684840106214e+01 -1.253093692472989851e+01
1.147475110541724774e+01 -1.217589626469718667e+01 -1.171769986163375243e+01 -1.263409266776062090e+01
1.148281131401078703e+01 -1.227962313895200452e+01 -1.182205776856044643e+01 -1.273718850934356261e+01
1.149087152260432632e+01 -1.238355757847734928e+01 -1.192666395603951557e+01 -1.284045120091518299e+01
1.149893173119786738e+01 -1.248786587512924129e+01 -1.203174887653080738e+01 -1.294398287372767520e+01
1.150699193979140666e+01 -1.259220106127213690e+01 -1.213674048516500648e+01 -1.304766163737926732e+01
1.151505214838494595e+01 -1.269685577326438519e+01 -1.224207510797382881e+01 -1.315163643855494158e+01
1.152311235697848524e+01 -1.280186036651199721e+01 -1.234785351233792738e+01 -1.325586722068606704e+01
1.153117256557202630e+01 -1.290687937008774711e+01 -1.245360884875868734e+01 -1.336014989141680687e+01
1.153923277416556559e+01 -1.301214021848203828e+01 -1.255963749863574641e+01 -1.346464293832833015e+01
1.154729298275910487e+01 -1.311785150466454830e+01 -1.266608229871694924e+01 -1.356962071061214736e+01
1.155535319135264416e+01 -1.322336637782484559e+01 -1.277231420514950244e+01 -1.367441855050018873e+01
1.156341339994618522e+01 -1.332953887091509593e+01 -1.287931120605263402e+01 -1.377976653577755783e+01
1.157147360853972451e+01 -1.343575836062963980e+01 -1.298617562414574600e+01 -1.388534109711353359e+01
1.157953381713326380e+01 -1.354206521645666861e+01 -1.309318394350405867e+01 -1.399094648940927854e+01
1.158759402572680486e+01 -1.364875556407964474e+01 -1.320056769595514012e+01 -1.409694343220414936e+01
1.159565423432034414e+01 -1.375563870350962858e+01 -1.330809126016023747e+01 -1.420318614685901970e+01
1.160371444291388343e+01 -1.386260474483758109e+01 -1.341569780014811997e+01 -1.430951168952704222e+01
1.161177465150742449e+01 -1.397001796476164159e+01 -1.352367931393514233e+01 -1.441635661558814085e+01
1.161983486010096378e+01 -1.407751525962236983e+01 -1.363167681250733132e+01 -1.452335370673740833e+01
1.162789506869450307e+01 -1.418506870950965393e+01 -1.373983531636461741e+01 -1.463030210265469044e+01
1.163595527728804235e+01 -1.429320033587164751e+01 -1.384844255677331404e+01 -1.473795811496998098e+01
1.164401548588158164e+01 -1.440116384804313299e+01 -1.395666239335273495e+01 -1.484566530273353102e+01
1.165207569447512270e+01 -1.450957651286979733e+01 -1.406534892749375665e+01 -1.495380409824583801e+01
1.166013590306866199e+01 -1.461820065036457628e+01 -1.417430112555881827e+01 -1.506210017517033428e+01
1.166819611166220128e+01 -1.472686027912749651e+01 -1.428326060702055678e+01 -1.517045995123443625e+01
1.167625632025574234e+01 -1.483576136358692388e+01 -1.439238777854778562e+01 -1.527913494862606214e+01
1.168431652884928162e+01 -1.494496808059521697e+01 -1.450165444805741366e+01 -1.538828171313302029e+01
1.169237673744282091e+01 -1.505401064115476117e+01 -1.461091097896244939e+01 -1.549711030334707296e+01
1.170043694603636197e+01 -1.516364029819388293e+01 -1.472064829675339226e+01 -1.560663229963437360e+01
1.170849715462990126e+01 -1.527317545527584741e+01 -1.483038838033080964e+01 -1.571596253022088518e+01
1.171655736322344055e+01 -1.538276311476239222e+01 -1.493997723814125855e+01 -1.582554899138352589e+01
1.172461757181697983e+01 -1.549273519066081128e+01 -1.505019056987463344e+01 -1.593527981144698913e+01
1.173267778041052090e+01 -1.560255475065715203e+01 -1.516008435213124450e+01 -1.604502514918305778e+01
1.174073798900406018e+01 -1.571256287671104701e+01 -1.527019931667751607e+01 -1.615492643674457796e+01
1.174879819759759947e+01 -1.582280077517484962e+01 -1.538068305617283826e+01 -1.626491849417686097e+01
1.175685840619113876e+01 -1.593290821079238206e+01 -1.549119616052941595e+01 -1.637462026105534818e+01
1.176491861478467982e+01 -1.604301496344585942e+01 -1.560156057597964718e+01 -1.648446935091207166e+01
1.177297882337821910e+01 -1.615348697901072583e+01 -1.571244992658511208e+01 -1.659452403143633958e+01
1.178103903197175839e+01 -1.626351572016383074e+01 -1.582304495862703142e+01 -1.670398648170063183e+01
1.178909924056529945e+01 -1.637392715791580500e+01 -1.593404161078427350e+01 -1.681381270504733649e+01
1.179715944915883874e+01 -1.648421625500797205e+01 -1.604509618444629382e+01 -1.692333632556965028e+01
1.180521965775237803e+01 -1.659430503726002115e+01 -1.615608611439495945e+01 -1.703252396012508285e+01
1.181327986634591909e+01 -1.670451934130074179e+01 -1.626744504351224663e+01 -1.714159363908923694e+01
1.182134007493945838e+01 -1.681462738510070665e+01 -1.637882991903769181e+01 -1.725042485116372148e+01
1.182940028353299766e+01 -1.692452891951160154e+01 -1.649016469032398291e+01 -1.735889314869922018e+01
1.183746049212653695e+01 -1.703452797112445793e+01 -1.660194840756199852e+01 -1.746710753468691735e+01
1.184552070072007623e+01 -1.714422824515490618e+01 -1.671349357127184376e+01 -1.757496291903796859e+01
1.185358090931361730e+01 -1.725354305899115204e+01 -1.682488155514412753e+01 -1.768220456283817654e+01
1.186164111790715658e+01 -1.736308842267332153e+01 -1.693678175458949298e+01 -1.778939509075715009e+01
1.186970132650069587e+01 -1.747199128809774393e+01 -1.704829682482256104e+01 -1.789568575137292683e+01
1.187776153509423693e+01 -1.758080355375123816e+01 -1.715985790314237747e+01 -1.800174920436009884e+01
1.188582174368777622e+01 -1.768941948035467249e+01 -1.727130287424760624e+01 -1.810753608646173873e+01
1.189388195228131551e+01 -1.779758422295440212e+01 -1.738250127007032475e+01 -1.821266717583847949e+01
1.190194216087485657e+01 -1.790551681058640909e+01 -1.749341769421506498e+01 -1.831761592695775320e+01
1.191000236946839586e+01 -1.801336869522996409e+01 -1.760421437754472151e+01 -1.842252301291520666e+01
1.191806257806193514e+01 -1.812063612569287585e+01 -1.771474528756996492e+01 -1.852652696381578679e+01
1.192612278665547443e+01 -1.822792186778833567e+01 -1.782497349382893503e+01 -1.863087024174773632e+01
1.193418299524901549e+01 -1.833483005788064801e+01 -1.793441573212635731e+01 -1.873524438363493871e+01
1.194224320384255478e+01 -1.844128661655430435e+01 -1.804353213402075795e+01 -1.883904109908785074e+01
1.195030341243609406e+01 -1.854791478494626134e+01 -1.815285534834068670e+01 -1.894297422155183597e+01
1.195836362102963335e+01 -1.865414195601908176e+01 -1.826165798841662280e+01 -1.904662592362154072e+01
1.196642382962317441e+01 -1.876019984148032194e+01 -1.836993537900285034e+01 -1.915046430395779353e+01
1.197448403821671370e+01 -1.886611403253072083e+01 -1.847824187965043308e+01 -1.925398618541100859e+01
1.198254424681025299e+01 -1.897159777840948180e+01 -1.858643853831565096e+01 -1.935675701850331265e+01
1.199060445540379405e+01 -1.907669778205717037e+01 -1.869408454858923818e+01 -1.945931101552510256e+01
1.199866466399733334e+01 -1.918186203019327607e+01 -1.880271688160234689e+01 -1.956100717878420525e+01
1.200672487259087262e+01 -1.928610757098513773e+01 -1.890952196259670970e+01 -1.966269317937356575e+01
1.201478508118441368e+01 -1.939004141740075937e+01 -1.901645717088094401e+01 -1.976362566392057474e+01
1.202284528977795297e+01 -1.949353873095676448e+01 -1.912303806555772567e+01 -1.986403939635580329e+01
1.203090549837149226e+01 -1.959622332825274071e+01 -1.922904959166066163e+01 -1.996339706484481979e+01
1.203896570696503154e+01 -1.969862408128628672e+01 -1.933504669491579264e+01 -2.006220146765678081e+01
1.204702591555857083e+01 -1.980040861051208267e+01 -1.944038999947714075e+01 -2.016042722154702460e+01
1.205508612415211189e+01 -1.990143834333304440e+01 -1.954482096823031867e+01 -2.025805571843577013e+01
1.206314633274565118e+01 -2.000207282031778888e+01 -1.964903772856533593e+01 -2.035510791207024184e+01
1.207120654133919047e+01 -2.010196312143463260e+01 -1.975297257034532805e+01 -2.045095367252393714e+01
1.207926674993273153e+01 -2.020086542264624541e+01 -1.985557606371314066e+01 -2.054615478157935016e+01
1.208732695852627081e+01 -2.029948998336812949e+01 -1.995811271680631549e+01 -2.064086724992994348e+01
1.209538716711981010e+01 -2.039705964402672578e+01 -2.006045267372830665e+01 -2.073366661432514491e+01
1.210344737571335116e+01 -2.049401845662491084e+01 -2.016106363602895968e+01 -2.082697327722086200e+01
1.211150758430689045e+01 -2.059014062343120699e+01 -2.026135261207888050e+01 -2.091892863478353348e+01
1.211956779290042974e+01 -2.068530760616920006e+01 -2.036114746456001612e+01 -2.100946774777838399e+01
1.212762800149396902e+01 -2.077965536009391911e+01 -2.045954576390587576e+01 -2.109976495628196247e+01
1.213568821008751009e+01 -2.087314656459878393e+01 -2.055663711837136987e+01 -2.118965601082619798e+01
1.214374841868104937e+01 -2.096549257098283547e+01 -2.065338994925177118e+01 -2.127759519271389976e+01
1.215180862727458866e+01 -2.105705974681937320e+01 -2.074915950542811771e+01 -2.136495998821062869e+01
1.215986883586812795e+01 -2.114741400844037855e+01 -2.084264257088793926e+01 -2.145218544599281785e+01
1.216792904446166901e+01 -2.123648611475049464e+01 -2.093637250781501180e+01 -2.153659972168597747e+01
1.217598925305520829e+01 -2.132475794816380699e+01 -2.102803002557321577e+01 -2.162148587075439821e+01
1.218404946164874758e+01 -2.141168351260645508e+01 -2.111925407668384835e+01 -2.170411294852906181e+01
1.219210967024228864e+01 -2.149734675946335472e+01 -2.120841957818518608e+01 -2.178627394074152335e+01
1.220016987883582793e+01 -2.158176254572270381e+01 -2.129639169079792183e+01 -2.186713340064748579e+01
1.220823008742936722e+01 -2.166468582884988692e+01 -2.138272544937847641e+01 -2.194664620832129742e+01
1.221629029602290828e+01 -2.174606543518045143e+01 -2.146653608333873819e+01 -2.202559478702216467e+01
1.222435050461644757e+01 -2.182632798398976703e+01 -2.155024888174363795e+01 -2.210240708623589612e+01
1.223241071320998685e+01 -2.190471699783550363e+01 -2.163127506092359198e+01 -2.217815893474741529e+01
1.224047092180352614e+01 -2.198137670330899596e+01 -2.171017081634516899e+01 -2.225258259027282293e+01
1.224853113039706543e+01 -2.205653431769210471e+01 -2.178848456894460739e+01 -2.232458406643960203e+01
1.225659133899060649e+01 -2.212972943618981958e+01 -2.186447250903493611e+01 -2.239498636334470305e+01
1.226465154758414577e+01 -2.220131488553924726e+01 -2.193824236793661697e+01 -2.246438740314187754e+01
1.227271175617768506e+01 -2.227104535528746965e+01 -2.201003714528264155e+01 -2.253205356529229775e+01
1.228077196477122612e+01 -2.233879458138447660e+01 -2.207998300658638513e+01 -2.259760615618256807e+01
1.228883217336476541e+01 -2.240466468707259651e+01 -2.214796365541006651e+01 -2.266136571873512651e+01
1.229689238195830470e+01 -2.246841794665877856e+01 -2.221362600557315403e+01 -2.272320988774440309e+01
1.230495259055184576e+01 -2.252989380789454543e+01 -2.227720835662915988e+01 -2.278257925915993098e+01
1.231301279914538505e+01 -2.258916640856748259e+01 -2.233791571744094284e+01 -2.284041709969402234e+01
1.232107300773892433e+01 -2.264606667677428575e+01 -2.239650918340149488e+01 -2.289562417014707663e+01
1.232913321633246539e+01 -2.270086562631261273e+01 -2.245287571258479176e+01 -2.294885554004043371e+01
1.233719342492600468e+01 -2.275343261821776508e+01 -2.250693310032351846e+01 -2.299993213611201170e+01
1.234525363351954397e+01 -2.280366987911680710e+01 -2.255776037294234371e+01 -2.304957938529127048e+01
1.235331384211308325e+01 -2.285171934975516095e+01 -2.260453035905361574e+01 -2.309890834045670616e+01
1.236137405070662254e+01 -2.289758800127059857e+01 -2.264920225722763547e+01 -2.314597374531356166e+01
1.236943425930016360e+01 -2.294105737221380892e+01 -2.268680289373300596e+01 -2.319531185069461188e+01
1.237749446789370289e+01 -2.298228034338832160e+01 -2.272159558813261526e+01 -2.324296509864402793e+01
1.238555467648724218e+01 -2.302115112343877712e+01 -2.275356374131634141e+01 -2.328873850556121283e+01
1.239361488508078324e+01 -2.305736698197515011e+01 -2.278289137768949502e+01 -2.333184258626080521e+01
1.240167509367432253e+01 -2.309151953267891599e+01 -2.281033458233884659e+01 -2.337270448301898540e+01
1.240973530226786181e+01 -2.312341165394086318e+01 -2.283530335501058772e+01 -2.341151995287113863e+01
1.241779551086140287e+01 -2.315325005813836157e+01 -2.285802767953990866e+01 -2.344847243673681447e+01
1.242585571945494216e+01 -2.318123301043951301e+01 -2.287874681121869003e+01 -2.348371920966033599e+01
1.243391592804848145e+01 -2.320742661398301721e+01 -2.289760160839999159e+01 -2.351725161956604282e+01
1.244197613664202073e+01 -2.323196007574390620e+01 -2.291467421541697291e+01 -2.354924593607083949e+01
1.245003634523556002e+01 -2.325515453512414865e+01 -2.292990542405545185e+01 -2.358040364619284546e+01
1.245809655382910108e+01 -2.327700687256380974e+01 -2.294317613280477275e+01 -2.361083761232284672e+01
1.246615676242264037e+01 -2.329772871038618121e+01 -2.295513692262206717e+01 -2.364032049815029524e+01
1.247421697101617966e+01 -2.331746928828173537e+01 -2.296635728196135418e+01 -2.366858129460211657e+01
1.248227717960972072e+01 -2.333618753007216640e+01 -2.297715060671218623e+01 -2.369522445343214656e+01
1.249033738820326001e+01 -2.335405927532728754e+01 -2.298757317573414483e+01 -2.372054537492043025e+01
1.249839759679679929e+01 -2.337108224643423071e+01 -2.299755400383756765e+01 -2.374461048903089377e+01
1.250645780539034035e+01 -2.338728032377074939e+01 -2.300731641657382553e+01 -2.376724423096767325e+01
1.251451801398387964e+01 -2.340269932625730931e+01 -2.301705556694586718e+01 -2.378834308556875143e+01
1.252257822257741893e+01 -2.341727748191136982e+01 -2.302648668131351783e+01 -2.380806828250922180e+01
1.253063843117095999e+01 -2.343093023702490285e+01 -2.303519540924140330e+01 -2.382666506480840241e+01
1.253869863976449928e+01 -2.344372821744397584e+01 -2.304323617995533624e+01 -2.384422025493261543e+01
1.254675884835803856e+01 -2.345552886627540801e+01 -2.305054678723188388e+01 -2.386051094531893213e+01
1.255481905695157785e+01 -2.346651861425458208e+01 -2.305751831176897326e+01 -2.387551891674019089e+01
1.256287926554511714e+01 -2.347674966819917941e+01 -2.306391177367813938e+01 -2.388958756272021944e+01
1.257093947413865820e+01 -2.348623046828705441e+01 -2.306972793799273447e+01 -2.390273299858137435e+01
1.257899968273219748e+01 -2.349504057223062148e+01 -2.307505399414563740e+01 -2.391502715031560555e+01
1.258705989132573677e+01 -2.350323262552943504e+01 -2.307998869712546508e+01 -2.392647655393340500e+01
1.259512009991927783e+01 -2.351080532717565674e+01 -2.308458876485487110e+01 -2.393702188949644238e+01
1.260318030851281712e+01 -2.351782246687207234e+01 -2.308881746164601623e+01 -2.394682747209812845e+01
1.261124051710635641e+01 -2.352432811109277111e+01 -2.309270279436137585e+01 -2.395595342782416637e+01
1.261930072569989747e+01 -2.353026303771266114e+01 -2.309626513873232412e+01 -2.396426093669299817e+01
1.262736093429343676e+01 -2.353579274162067492e+01 -2.309956846892845661e+01 -2.397201701431289322e+01
1.263542114288697604e+01 -2.354090035578183304e+01 -2.310261361342005415e+01 -2.397918709814361193e+01
1.264348135148051533e+01 -2.354562773228268568e+01 -2.310543181634329457e+01 -2.398582364822207680e+01
1.265154156007405462e+01 -2.355001077544317667e+01 -2.310806841067104145e+01 -2.399195314021531189e+01
1.265960176866759568e+01 -2.355406550952906741e+01 -2.311052988424490451e+01 -2.399760113481323032e+01
1.266766197726113496e+01 -2.355781240929280429e+01 -2.311280937375485323e+01 -2.400281544483075535e+01
1.267572218585467425e+01 -2.356128456425079065e+01 -2.311493591610109632e+01 -2.400763321240048498e+01
1.268378239444821531e+01 -2.356447471705985919e+01 -2.311690768470339918e+01 -2.401204174941631919e+01
1.269184260304175460e+01 -2.356739023517156895e+01 -2.311836948266471126e+01 -2.401641098767842664e+01
1.269990281163529389e+01 -2.357004877683246846e+01 -2.311953318873575824e+01 -2.402056436492917868e+01
1.270796302022883495e+01 -2.357246003007735169e+01 -2.312051188384220879e+01 -2.402440817631249459e+01
1.271602322882237424e+01 -2.357465703987810457e+01 -2.312135027415337518e+01 -2.402796380560283396e+01
1.272408343741591352e+01 -2.357665036612455367e+01 -2.312206444393172688e+01 -2.403123628831738046e+01
1.273214364600945459e+01 -2.357846731164322662e+01 -2.312268706272579877e+01 -2.403424756056065448e+01
1.274020385460299387e+01 -2.358014310060427476e+01 -2.312325162498590103e+01 -2.403703457622264850e+01
1.274826406319653316e+01 -2.358169344057070660e+01 -2.312376557405336541e+01 -2.403962130708804779e+01
1.275632427179007244e+01 -2.358311489934652627e+01 -2.312422052986330812e+01 -2.404200926882974443e+01
1.276438448038361173e+01 -2.358441273172990904e+01 -2.312461189713771148e+01 -2.404421356632210660e+01
1.277244468897715279e+01 -2.358554560465145045e+01 -2.312491093238562812e+01 -2.404618027691727278e+01
1.278050489757069208e+01 -2.358653638468822678e+01 -2.312513635770718068e+01 -2.404793641166927287e+01
1.278856510616423137e+01 -2.358740489067052337e+01 -2.312533390727321247e+01 -2.404947587406783427e+01
1.279662531475777243e+01 -2.358816401682151565e+01 -2.312564015097383674e+01 -2.405068788266919455e+01
1.280468552335131172e+01 -2.358882520534852389e+01 -2.312603271147638395e+01 -2.405161769922066384e+01
1.281274573194485100e+01 -2.358939646121201861e+01 -2.312642485469319098e+01 -2.405236806773084624e+01
1.282080594053839206e+01 -2.358988798211814597e+01 -2.312678305756261565e+01 -2.405299290667367629e+01
1.282886614913193135e+01 -2.359031818368391598e+01 -2.312712047320276199e+01 -2.405351589416506997e+01
1.283692635772547064e+01 -2.359069716717367271e+01 -2.312742895247469122e+01 -2.405396538187265421e+01
1.284498656631900992e+01 -2.359102857844810686e+01 -2.312770715897774210e+01 -2.405434999791847162e+01
1.285304677491254921e+01 -2.359132522605217730e+01 -2.312795393894455742e+01 -2.405469651315979718e+01
1.286110698350609027e+01 -2.359159137316516563e+01 -2.312817562661173199e+01 -2.405500711971859928e+01
1.286916719209962956e+01 -2.359183292949998290e+01 -2.312837773698647581e+01 -2.405528812201348998e+01
1.287722740069316885e+01 -2.359205102150274058e+01 -2.312855889792284003e+01 -2.405554314508264113e+01
1.288528760928670991e+01 -2.359224483974756126e+01 -2.312871024849343726e+01 -2.405577943100168525e+01
1.289334781788024920e+01 -2.359241661401468093e+01 -2.312883364835403199e+01 -2.405599957967532987e+01
1.290140802647378848e+01 -2.359257209543768852e+01 -2.312894615381464547e+01 -2.405619803706073156e+01
1.290946823506732954e+01 -2.359271493526846797e+01 -2.312905109648354696e+01 -2.405637877405338898e+01
1.291752844366086883e+01 -2.359284836504311755e+01 -2.312915121052461132e+01 -2.405654551956162379e+01
1.292558865225440812e+01 -2.359297263497768427e+01 -2.312926738920588576e+01 -2.405667788074948277e+01
1.293364886084794918e+01 -2.359308587069064345e+01 -2.312936952055440543e+01 -2.405680222082688147e+01
1.294170906944148847e+01 -2.359319020945916279e+01 -2.312945494806729840e+01 -2.405692547085102717e+01
1.294976927803502775e+01 -2.359328668900355552e+01 -2.312953159844523299e+01 -2.405704177956187806e+01
1.295782948662856704e+01 -2.359337552542280392e+01 -2.312960297310359792e+01 -2.405714807774200992e+01
1.296588969522210633e+01 -2.359345710337996849e+01 -2.312966914885740621e+01 -2.405724505790253076e+01
1.297394990381564739e+01 -2.359353207720278789e+01 -2.312973054603136092e+01 -2.405733360837421486e+01
1.298201011240918668e+01 -2.359360101555660449e+01 -2.312978757866170199e+01 -2.405741445245150700e+01
1.299007032100272596e+01 -2.359366607975422525e+01 -2.312984212414476559e+01 -2.405749003536368491e+01
1.299813052959626702e+01 -2.359372978927649456e+01 -2.312989675823834546e+01 -2.405756282031464366e+01
1.300619073818980631e+01 -2.359379364668115642e+01 -2.312995264955670294e+01 -2.405763464380560990e+01
1.301425094678334560e+01 -2.359385611305346941e+01 -2.313000189296320741e+01 -2.405771033314373142e+01
1.302231115537688666e+01 -2.359391540010558685e+01 -2.313003276305827072e+01 -2.405779803715290299e+01
1.303037136397042595e+01 -2.359397135209995966e+01 -2.313005566677697189e+01 -2.405788703742294743e+01
1.303843157256396523e+01 -2.359402347497974617e+01 -2.313007877341235030e+01 -2.405796817654714204e+01
1.304649178115750452e+01 -2.359407130508601114e+01 -2.313010124627429676e+01 -2.405804136389772552e+01
1.305455198975104381e+01 -2.359411552485891050e+01 -2.313012328068452916e+01 -2.405810776903329185e+01
1.306261219834458487e+01 -2.359415601283095754e+01 -2.313014432029148182e+01 -2.405816770537043325e+01
1.307067240693812415e+01 -2.359419252696339342e+01 -2.313016407090241344e+01 -2.405822098302437340e+01
1.307873261553166344e+01 -2.359422624780468425e+01 -2.313018319351517249e+01 -2.405826930209419601e+01
1.308679282412520450e+01 -2.359425683928477468e+01 -2.313020104802255972e+01 -2.405831263054698965e+01
1.309485303271874379e+01 -2.359428500594299294e+01 -2.313021810591104455e+01 -2.405835190597494133e+01
1.310291324131228308e+01 -2.359431105422959263e+01 -2.313023444539683737e+01 -2.405838766306234788e+01
1.311097344990582414e+01 -2.359433477143568680e+01 -2.313024970440416084e+01 -2.405841983846721277e+01
1.311903365849936343e+01 -2.359435585419021564e+01 -2.313026343161944709e+01 -2.405844827676098419e+01
1.312709386709290271e+01 -2.359437439378699963e+01 -2.313027555248456224e+01 -2.405847323508943703e+01
1.313515407568644378e+01 -2.359439100419783841e+01 -2.313028659750311533e+01 -2.405849541089256149e+01
1.314321428427998306e+01 -2.359440630255423343e+01 -2.313029707615563524e+01 -2.405851552895283163e+01
1.315127449287352235e+01 -2.359441982981326191e+01 -2.313030647245995297e+01 -2.405853318716657085e+01
1.315933470146706163e+01 -2.359443153904985380e+01 -2.313031460708945630e+01 -2.405854847101025129e+01
1.316739491006060092e+01 -2.359444173551512591e+01 -2.313032169076792854e+01 -2.405856178026232328e+01
1.317545511865414198e+01 -2.359445057851964478e+01 -2.313032783417146376e+01 -2.405857332286782579e+01
1.318351532724768127e+01 -2.359445822709274054e+01 -2.313033314778076033e+01 -2.405858330640472076e+01
1.319157553584122056e+01 -2.359446485223784507e+01 -2.313033775039514950e+01 -2.405859195408054063e+01
1.319963574443476162e+01 -2.359447058890760118e+01 -2.313034173576880193e+01 -2.405859944204640044e+01
1.320769595302830091e+01 -2.359447552728577335e+01 -2.313034516655410044e+01 -2.405860588801744626e+01
1.321575616162184019e+01 -2.359447980612729978e+01 -2.313034813914674359e+01 -2.405861147310785597e+01
1.322381637021538126e+01 -2.359448344143510923e+01 -2.313035066466426315e+01 -2.405861621820595531e+01
1.323187657880892054e+01 -2.359448655416611729e+01 -2.313035282713773455e+01 -2.405862028119450002e+01
1.323993678740245983e+01 -2.359448924926342173e+01 -2.313035469947311995e+01 -2.405862379905372350e+01
1.324799699599599911e+01 -2.359449156676132020e+01 -2.313035630948301957e+01 -2.405862682403962083e+01
1.325605720458953840e+01 -2.359449356351005278e+01 -2.313035769666236163e+01 -2.405862943035774393e+01
1.326411741318307946e+01 -2.359449528332470436e+01 -2.313035889145032797e+01 -2.405863167519908075e+01
1.327217762177661875e+01 -2.359449675805336000e+01 -2.313035991597239160e+01 -2.405863360013432839e+01
1.328023783037015804e+01 -2.359449802288532183e+01 -2.313036079467523010e+01 -2.405863525109541357e+01
1.328829803896369910e+01 -2.359449911079872564e+01 -2.313036155046937736e+01 -2.405863667112807391e+01
1.329635824755723839e+01 -2.359450003327287959e+01 -2.313036219132972704e+01 -2.405863787521603214e+01
1.330441845615077767e+01 -2.359450081513234920e+01 -2.313036273450238056e+01 -2.405863889576231784e+01
1.331247866474431873e+01 -2.359450148453308671e+01 -2.313036319954780851e+01 -2.405863976951836491e+01
1.332053887333785802e+01 -2.359450205678287560e+01 -2.313036359710062584e+01 -2.405864051646512536e+01
1.332859908193139731e+01 -2.359450254739343578e+01 -2.313036393793712264e+01 -2.405864115684974891e+01
1.333665929052493837e+01 -2.359450296642861389e+01 -2.313036422904883693e+01 -2.405864170380839084e+01
1.334471949911847766e+01 -2.359450332344971812e+01 -2.313036447707819221e+01 -2.405864216982124404e+01
1.335277970771201694e+01 -2.359450362849627680e+01 -2.313036468899984044e+01 -2.405864256799271317e+01
1.336083991630555623e+01 -2.359450388772613039e+01 -2.313036486909175693e+01 -2.405864290636050384e+01
1.336890012489909552e+01 -2.359450410769119344e+01 -2.313036502190566779e+01 -2.405864319347671909e+01
1.337696033349263658e+01 -2.359450429238119185e+01 -2.313036515021332562e+01 -2.405864343454905807e+01
1.338502054208617587e+01 -2.359450444828399895e+01 -2.313036525852197300e+01 -2.405864363804602490e+01
1.339308075067971515e+01 -2.359450458123757244e+01 -2.313036535088734880e+01 -2.405864381158779608e+01
1.340114095927325621e+01 -2.359450469418901264e+01 -2.313036542935686768e+01 -2.405864395902115760e+01
1.340920116786679550e+01 -2.359450478983471555e+01 -2.313036549580375834e+01 -2.405864408386567277e+01
1.341726137646033479e+01 -2.359450487093916493e+01 -2.313036555214856094e+01 -2.405864418972976893e+01
1.342532158505387585e+01 -2.359450493969961826e+01 -2.313036559991775576e+01 -2.405864427948148077e+01
1.343338179364741514e+01 -2.359450499760986020e+01 -2.313036564014910113e+01 -2.405864435507061927e+01
1.344144200224095442e+01 -2.359450504664739867e+01 -2.313036567421641720e+01 -2.405864441907838014e+01
1.344950221083449371e+01 -2.359450508757113596e+01 -2.313036570264691605e+01 -2.405864447249535587e+01
1.345756241942803300e+01 -2.359450512158500146e+01 -2.313036572627699528e+01 -2.405864451689300765e+01
1.346562262802157406e+01 -2.359450515044129304e+01 -2.313036574632400644e+01 -2.405864455455857964e+01
1.347368283661511335e+01 -2.359450517471353237e+01 -2.313036576318639703e+01 -2.405864458624066771e+01
1.348174304520865263e+01 -2.359450519516001776e+01 -2.313036577739095989e+01 -2.405864461292907563e+01
1.348980325380219369e+01 -2.359450521237623377e+01 -2.313036578935139076e+01 -2.405864463540107678e+01
1.349786346239573298e+01 -2.359450522681103735e+01 -2.313036579937952553e+01 -2.405864465424254917e+01
1.350592367098927227e+01 -2.359450523890680884e+01 -2.313036580778268814e+01 -2.405864467003092955e+01
1.351398387958281333e+01 -2.359450524907954261e+01 -2.313036581484988119e+01 -2.405864468330920403e+01
1.352204408817635262e+01 -2.359450525754418493e+01 -2.313036582073042524e+01 -2.405864469435794462e+01
1.450000000000000000e+01 -2.359450525754418493e+01 -2.313036582073042524e+01 -2.405864469435794462e+01
