# # logMh LcMh -err(LcMh) +err(LcMh)
9.500000000000000000e+00 1.052091992276243992e+01 1.073870912584407833e+01 1.030313071968080152e+01
9.508801169473214188e+00 1.044430481161719548e+01 1.066203137287478597e+01 1.022657825035960499e+01
9.517602338946430152e+00 1.036777046076808872e+01 1.058555663466489882e+01 1.014998428687127863e+01
9.526403508419644339e+00 1.029119742364133572e+01 1.050879396377925445e+01 1.007360088350341698e+01
9.535204677892860303e+00 1.021456106885733739e+01 1.043189523325860080e+01 9.997226904456073981e+00
9.544005847366074491e+00 1.013797443331461778e+01 1.035505510373049098e+01 9.920893762898744583e+00
9.552807016839290455e+00 1.006123368351006953e+01 1.027819320859401309e+01 9.844274158426125965e+00
9.561608186312504643e+00 9.984464884382862948e+00 1.020128029592440910e+01 9.767649472841316793e+00
9.570409355785720606e+00 9.907616147119579608e+00 1.012434965053679470e+01 9.690882643702364518e+00
9.579210525258934794e+00 9.830681975790875882e+00 1.004740728907186309e+01 9.613956662509888673e+00
9.588011694732148982e+00 9.753742217217984845e+00 9.970355555437945938e+00 9.537128878998023751e+00
9.596812864205364946e+00 9.676631494636360742e+00 9.893174848009003597e+00 9.460088141263717887e+00
9.605614033678579133e+00 9.599475108258477718e+00 9.815929747548592488e+00 9.383020468968362948e+00
9.614415203151795097e+00 9.522251507072766685e+00 9.738607706213302961e+00 9.305895307932230409e+00
9.623216372625009285e+00 9.444912565677469729e+00 9.661268807080391596e+00 9.228556324274547862e+00
9.632017542098225249e+00 9.367538383774979494e+00 9.583919810364024627e+00 9.151156957185934360e+00
9.640818711571439437e+00 9.289997799036072479e+00 9.506299236820076715e+00 9.073696361252068243e+00
9.649619881044653624e+00 9.212368464374261379e+00 9.428679835997179737e+00 8.996057092751343021e+00
9.658421050517869588e+00 9.134670747986163519e+00 9.350998422645904640e+00 8.918343073326422399e+00
9.667222219991083776e+00 9.056810578982105397e+00 9.273154308386683198e+00 8.840466849577527597e+00
9.676023389464299740e+00 8.978867401630001410e+00 9.195256234646224769e+00 8.762478568613778052e+00
9.684824558937513928e+00 8.900815305459010673e+00 9.117278559390344483e+00 8.684352051527676863e+00
9.693625728410729891e+00 8.822635842396875816e+00 9.039042231483282563e+00 8.606229453310469069e+00
9.702426897883944079e+00 8.744381716095034562e+00 8.960759364706490260e+00 8.528004067483578865e+00
9.711228067357160043e+00 8.666002766311605043e+00 8.882365058715997463e+00 8.449640473907212623e+00
9.720029236830374231e+00 8.587563774128458505e+00 8.803878782332592579e+00 8.371248765924324431e+00
9.728830406303588418e+00 8.509022681193057380e+00 8.725329322342211924e+00 8.292716040043902836e+00
9.737631575776804382e+00 8.430289315110981008e+00 8.646552160392623421e+00 8.214026469829338595e+00
9.746432745250018570e+00 8.351561623123160416e+00 8.567640970124060118e+00 8.135482276122260714e+00
9.755233914723234534e+00 8.272752037391148505e+00 8.488634359066240975e+00 8.056869715716056035e+00
9.764035084196448722e+00 8.193874004628332486e+00 8.409683444375721351e+00 7.978064564880943621e+00
9.772836253669664686e+00 8.114986877400440335e+00 8.330565863348137867e+00 7.899407891452743691e+00
9.781637423142878873e+00 8.035931784873831418e+00 8.251362558795442226e+00 7.820501010952219723e+00
9.790438592616093061e+00 7.956917824209361889e+00 8.172102026176466083e+00 7.741733622242257695e+00
9.799239762089309025e+00 7.877892491392257668e+00 8.092788311735919393e+00 7.662996671048595942e+00
9.808040931562523213e+00 7.798763879599915683e+00 8.013584258139129446e+00 7.583943501060701919e+00
9.816842101035739176e+00 7.719715312903123738e+00 7.934363679600727082e+00 7.505066946205520395e+00
9.825643270508953364e+00 7.640513822063159211e+00 7.854869831286582560e+00 7.426157812839735861e+00
9.834444439982169328e+00 7.561339867759082622e+00 7.775360756538142404e+00 7.347318978980022841e+00
9.843245609455383516e+00 7.481967918475317170e+00 7.695961278965131491e+00 7.267974557985502848e+00
9.852046778928599480e+00 7.402440357721823183e+00 7.616369199765244957e+00 7.188511515678401409e+00
9.860847948401813667e+00 7.323015427883151851e+00 7.536741517526438727e+00 7.109289338239864975e+00
9.869649117875027855e+00 7.243304641573169889e+00 7.457075868233333793e+00 7.029533414913005984e+00
9.878450287348243819e+00 7.163498039931578631e+00 7.377423673955187056e+00 6.949572405907970207e+00
9.887251456821458007e+00 7.083572391589778583e+00 7.297639231244860802e+00 6.869505551934696364e+00
9.896052626294673971e+00 7.003507886885338429e+00 7.217641587814329185e+00 6.789374185956347674e+00
9.904853795767888158e+00 6.923473509288992744e+00 7.137701687428175568e+00 6.709245331149809921e+00
9.913654965241104122e+00 6.843133192853258606e+00 7.057215706652456788e+00 6.629050679054060424e+00
9.922456134714318310e+00 6.762713783797263289e+00 6.976577924201964542e+00 6.548849643392562037e+00
9.931257304187532498e+00 6.682235420577069540e+00 6.895953998688314712e+00 6.468516842465824368e+00
9.940058473660748461e+00 6.601527019668873564e+00 6.815228596476431200e+00 6.387825442861315928e+00
9.948859643133962649e+00 6.520810165396393465e+00 6.734533279804558070e+00 6.307087050988228860e+00
9.957660812607178613e+00 6.439972736849640000e+00 6.653714648573259005e+00 6.226230825126020996e+00
9.966461982080392801e+00 6.359086793164538065e+00 6.572804875204741215e+00 6.145368711124334915e+00
9.975263151553608765e+00 6.278095131475900814e+00 6.491629001121829390e+00 6.064561261829972239e+00
9.984064321026822952e+00 6.196915560694548297e+00 6.410160363634190617e+00 5.983670757754905978e+00
9.992865490500038916e+00 6.115704416237686125e+00 6.328783902702850739e+00 5.902624929772521511e+00
1.000166665997325310e+01 6.034345438606923295e+00 6.247282156980508816e+00 5.821408720233337775e+00
1.001046782944646729e+01 5.952878487829113219e+00 6.165681701883496402e+00 5.740075273774730036e+00
1.001926899891968326e+01 5.871385493029662506e+00 6.084034657998581785e+00 5.658736328060743226e+00
1.002807016839289744e+01 5.789793993238046887e+00 6.002232701666613934e+00 5.577355284809479841e+00
1.003687133786611341e+01 5.708198513802309471e+00 5.920456315894542243e+00 5.495940711710076698e+00
1.004567250733932759e+01 5.626534240581784196e+00 5.838510133303852712e+00 5.414558347859715681e+00
1.005447367681254356e+01 5.544793185149958781e+00 5.756502391724700907e+00 5.333083978575216655e+00
1.006327484628575775e+01 5.463072770463933914e+00 5.674482120206842062e+00 5.251663420721025766e+00
1.007207601575897371e+01 5.381253027238552811e+00 5.592331146759187632e+00 5.170174907717917989e+00
1.008087718523218790e+01 5.299355053688898032e+00 5.510105219045717817e+00 5.088604888332078247e+00
1.008967835470540209e+01 5.217422781552063071e+00 5.427779916841065422e+00 5.007065646263060721e+00
1.009847952417861805e+01 5.135377842187789810e+00 5.345494194503100260e+00 4.925261489872479359e+00
1.010728069365183224e+01 5.053311102194379956e+00 5.263034124799514046e+00 4.843588079589245865e+00
1.011608186312504820e+01 4.971159231675024159e+00 5.180622300777042000e+00 4.761696162573006319e+00
1.012488303259826239e+01 4.888885177048328146e+00 5.098120268867831761e+00 4.679650085228824530e+00
1.013368420207147835e+01 4.806604285899032547e+00 5.015550786321965937e+00 4.597657785476099157e+00
1.014248537154469254e+01 4.724149728780250079e+00 4.932872668293540208e+00 4.515426789266959950e+00
1.015128654101790673e+01 4.641615215417113305e+00 4.850135394813168688e+00 4.433095036021057922e+00
1.016008771049112269e+01 4.558971338556576214e+00 4.767300084721342479e+00 4.350642592391809949e+00
1.016888887996433688e+01 4.476156059189621672e+00 4.684361089399242672e+00 4.267951028980000672e+00
1.017769004943755284e+01 4.393257653095070658e+00 4.601439986381148373e+00 4.185075319808992944e+00
1.018649121891076703e+01 4.310071961847167010e+00 4.518136216295990160e+00 4.102007707398343861e+00
1.019529238838398300e+01 4.226715290058390195e+00 4.434659987424630856e+00 4.018770592692149535e+00
1.020409355785719718e+01 4.143241698021824959e+00 4.351362927011065196e+00 3.935120469032584722e+00
1.021289472733041137e+01 4.059455608255161607e+00 4.267660361310261052e+00 3.851250855200062162e+00
1.022169589680362733e+01 3.975495435649382792e+00 4.183595645302226274e+00 3.767395225996538866e+00
1.023049706627684152e+01 3.891011221659368413e+00 4.099594909282149757e+00 3.682427534036587069e+00
1.023929823575005749e+01 3.806483127589755266e+00 4.015252912989852874e+00 3.597713342189657659e+00
1.024809940522327167e+01 3.721739627792450822e+00 3.930663379823189807e+00 3.512815875761711837e+00
1.025690057469648764e+01 3.636650063658604548e+00 3.846133883915191287e+00 3.427166243402017809e+00
1.026570174416970183e+01 3.551442273679423334e+00 3.761073782778947994e+00 3.341810764579898674e+00
1.027450291364291779e+01 3.465829765549428121e+00 3.675781877555883703e+00 3.255877653542972539e+00
1.028330408311613198e+01 3.379958864097275750e+00 3.590157376547881363e+00 3.169760351646670138e+00
1.029210525258934616e+01 3.293839809492695725e+00 3.504314992493067216e+00 3.083364626492324234e+00
1.030090642206256213e+01 3.207378221570374333e+00 3.418009982747323594e+00 2.996746460393425071e+00
1.030970759153577632e+01 3.120904146238931975e+00 3.331678601580204457e+00 2.910129690897659493e+00
1.031850876100899228e+01 3.034218828918419320e+00 3.245025033145693349e+00 2.823412624691145290e+00
1.032730993048220647e+01 2.947425876226958508e+00 3.157906787448608643e+00 2.736944965005308372e+00
1.033611109995542243e+01 2.860617432240442071e+00 3.070979183949509306e+00 2.650255680531374836e+00
1.034491226942863662e+01 2.773678831031041625e+00 2.983731691958133592e+00 2.563625970103949658e+00
1.035371343890185258e+01 2.686853848372661169e+00 2.896366891936925203e+00 2.477340804808397134e+00
1.036251460837506677e+01 2.600022880722981711e+00 2.809089950289090254e+00 2.390955811156873168e+00
1.037131577784828096e+01 2.513124206541836880e+00 2.722000869040654081e+00 2.304247544043019680e+00
1.038011694732149692e+01 2.426170854799887699e+00 2.634962364439174198e+00 2.217379345160601201e+00
1.038891811679471111e+01 2.338967003697561164e+00 2.547721571088545467e+00 2.130212436306576862e+00
1.039771928626792707e+01 2.251598318926607334e+00 2.460326201914044386e+00 2.042870435939170282e+00
1.040652045574114126e+01 2.164049533338202380e+00 2.372762800066006594e+00 1.955336266610398166e+00
1.041532162521435723e+01 2.076297955096327197e+00 2.284878370350241550e+00 1.867717539842412844e+00
1.042412279468757141e+01 1.988486607449393873e+00 2.196880692800180501e+00 1.780092522098607244e+00
1.043292396416078560e+01 1.900502229279372957e+00 2.108811076063362044e+00 1.692193382495383869e+00
1.044172513363400157e+01 1.812348824290070937e+00 2.020655434697253838e+00 1.604042213882888257e+00
1.045052630310721575e+01 1.724080288131041305e+00 1.932265663687412260e+00 1.515894912574670350e+00
1.045932747258043172e+01 1.635571803368228716e+00 1.843573179553263497e+00 1.427570427183193935e+00
1.046812864205364590e+01 1.546988687086137571e+00 1.754879705118149724e+00 1.339097669054125417e+00
1.047692981152686187e+01 1.458259452028191738e+00 1.666081588604957142e+00 1.250437315451426334e+00
1.048573098100007606e+01 1.369280709805082097e+00 1.576988842346408903e+00 1.161572577263755290e+00
1.049453215047329202e+01 1.280239443681090439e+00 1.487783466294169799e+00 1.072695421068011079e+00
1.050333331994650621e+01 1.190977999022402090e+00 1.398267267546863923e+00 9.836887304979401447e-01
1.051213448941972040e+01 1.101642587039702637e+00 1.308536961836377355e+00 8.947482122430279183e-01
1.052093565889293636e+01 1.012205985303484157e+00 1.218992223361322402e+00 8.054197472456459117e-01
1.052973682836615055e+01 9.225080955127449300e-01 1.128919291917359180e+00 7.160968991081305690e-01
1.053853799783936651e+01 8.328120861846893819e-01 1.038905726370324079e+00 6.267184459990546852e-01
1.054733916731258070e+01 7.428576994175527526e-01 9.486293439401427552e-01 5.370860548949627500e-01
1.055614033678579666e+01 6.527898517726404837e-01 8.582672517540403945e-01 4.473124517912405729e-01
1.056494150625901085e+01 5.626354078967608086e-01 7.677634842855955988e-01 3.575073315079260738e-01
1.057374267573222681e+01 4.721191351946180115e-01 6.767465708264900348e-01 2.674916995627459881e-01
1.058254384520544100e+01 3.816637119552837021e-01 5.860985592532842459e-01 1.772288646572831861e-01
1.059134501467865519e+01 2.908783646804288248e-01 4.948318802296317598e-01 8.692484913122586199e-02
1.060014618415187115e+01 1.999574573328810334e-01 4.034593628228919648e-01 -3.544448157129870269e-03
1.060894735362508534e+01 1.090476795235648805e-01 3.122013849285747988e-01 -9.410602588144505176e-02
1.061774852309830131e+01 1.766470767780257967e-02 2.204555190676986132e-01 -1.851261037120934261e-01
1.062654969257151549e+01 -7.374370417878255146e-02 1.288865041343635331e-01 -2.763739124919286083e-01
1.063535086204473146e+01 -1.654500710407162678e-01 3.674655106170451879e-02 -3.676466931431370266e-01
1.064415203151794564e+01 -2.573718968365759086e-01 -5.539418499420983855e-02 -4.593496086789419786e-01
1.065295320099115983e+01 -3.493764848731564787e-01 -1.475999504168146459e-01 -5.511530193294983393e-01
1.066175437046437580e+01 -4.418280103361078570e-01 -2.402003184423417981e-01 -6.434557022298739160e-01
1.067055553993758998e+01 -5.343563383510908649e-01 -3.326173300792186760e-01 -7.360953466229630537e-01
1.067935670941080595e+01 -6.272520325412010989e-01 -4.254039707180364838e-01 -8.291000943643657140e-01
1.068815787888402014e+01 -7.203974387173812666e-01 -5.187546875585337114e-01 -9.220401898762288218e-01
1.069695904835723610e+01 -8.136064028925744651e-01 -6.117839094169033043e-01 -1.015428896368245626e+00
1.070576021783045029e+01 -9.073014344809986476e-01 -7.048862608359116599e-01 -1.109716608126085635e+00
1.071456138730366447e+01 -1.001200130821580547e+00 -7.982873790717943674e-01 -1.204112882571366727e+00
1.072336255677688044e+01 -1.095347839186273653e+00 -8.924898588439161840e-01 -1.298205819528631011e+00
1.073216372625009463e+01 -1.189805430879856463e+00 -9.866440213425724526e-01 -1.392966840417140473e+00
1.074096489572331059e+01 -1.284395447052737449e+00 -1.080815715439914060e+00 -1.487975178665560838e+00
1.074976606519652478e+01 -1.379313623378350506e+00 -1.175591361474014995e+00 -1.583035885282686017e+00
1.075856723466974074e+01 -1.474329799651926010e+00 -1.270640260683393308e+00 -1.678019338620458711e+00
1.076736840414295493e+01 -1.569405121577618578e+00 -1.365850924399028443e+00 -1.772959318756208713e+00
1.077616957361617089e+01 -1.664747011638809671e+00 -1.460989819377370269e+00 -1.868504203900249072e+00
1.078497074308938508e+01 -1.760179611570330538e+00 -1.556381092332307592e+00 -1.963978130808353484e+00
1.079377191256260105e+01 -1.855806711721488034e+00 -1.652130251917464543e+00 -2.059483171525511302e+00
1.080257308203581523e+01 -1.951663053740932741e+00 -1.748382166803962079e+00 -2.154943940677903402e+00
1.081137425150902942e+01 -2.047632199283468513e+00 -1.844556552976935659e+00 -2.250707845590001366e+00
1.082017542098224538e+01 -2.143939014320392467e+00 -1.940763343173442790e+00 -2.347114685467342365e+00
1.082897659045545957e+01 -2.240415134582782297e+00 -2.036843482443858822e+00 -2.443986786721705773e+00
1.083777775992867554e+01 -2.337059988108697084e+00 -2.133861756063311521e+00 -2.540258220154082647e+00
1.084657892940188972e+01 -2.434026946934430669e+00 -2.231159751135334712e+00 -2.636894142733526625e+00
1.085538009887510569e+01 -2.531003803400714958e+00 -2.328439469464638645e+00 -2.733568137336791271e+00
1.086418126834831988e+01 -2.628321931582553894e+00 -2.425732507592119003e+00 -2.830911355572988786e+00
1.087298243782153406e+01 -2.725821196707876481e+00 -2.522905450940419847e+00 -2.928736942475333116e+00
1.088178360729475003e+01 -2.823498875637316274e+00 -2.620110459252685153e+00 -3.026887292021947395e+00
1.089058477676796421e+01 -2.921610153464024862e+00 -2.718874536322341662e+00 -3.124345770605708061e+00
1.089938594624118018e+01 -3.019667879125877974e+00 -2.817485868678307526e+00 -3.221849889573448422e+00
1.090818711571439437e+01 -3.118005863635636032e+00 -2.916396197460173312e+00 -3.319615529811098753e+00
1.091698828518761033e+01 -3.216626017599239162e+00 -3.015872504159482048e+00 -3.417379531038996276e+00
1.092578945466082452e+01 -3.315184141860752831e+00 -3.114596599093571783e+00 -3.515771684627933880e+00
1.093459062413403871e+01 -3.414365566951246045e+00 -3.212702967379454044e+00 -3.616028166523038045e+00
1.094339179360725467e+01 -3.513562497487093594e+00 -3.312380583116055988e+00 -3.714744411858131201e+00
1.095219296308046886e+01 -3.612978233331595845e+00 -3.412806831966782362e+00 -3.813149634696409329e+00
1.096099413255368482e+01 -3.712623364910466073e+00 -3.513363013407166058e+00 -3.911883716413766088e+00
1.096979530202689901e+01 -3.812125852542701310e+00 -3.614023750269057089e+00 -4.010227954816345530e+00
1.097859647150011497e+01 -3.912160555369563308e+00 -3.715052649414084307e+00 -4.109268461325042310e+00
1.098739764097332916e+01 -4.012108900372068021e+00 -3.816319737808880230e+00 -4.207898062935255368e+00
1.099619881044654335e+01 -4.112131314320505382e+00 -3.917500853290499130e+00 -4.306761775350511634e+00
1.100499997991975931e+01 -4.212447712647006348e+00 -4.018639681611751335e+00 -4.406255743682261361e+00
1.101380114939297350e+01 -4.312699234656217406e+00 -4.119587596525307482e+00 -4.505810872787127330e+00
1.102260231886618946e+01 -4.413565385835817700e+00 -4.220219071670522126e+00 -4.606911700001113275e+00
1.103140348833940365e+01 -4.514467271455843367e+00 -4.321446241851357506e+00 -4.707488301060329228e+00
1.104020465781261962e+01 -4.615662407169168979e+00 -4.423290612995417703e+00 -4.808034201342920255e+00
1.104900582728583380e+01 -4.717257384635653139e+00 -4.525500644423695817e+00 -4.909014124847610461e+00
1.105780699675904977e+01 -4.818845499451112069e+00 -4.627502069661200146e+00 -5.010188929241023992e+00
1.106660816623226395e+01 -4.920923160230199045e+00 -4.729782713563420948e+00 -5.112063606896977142e+00
1.107540933570547992e+01 -5.023177558299010137e+00 -4.831983072384890221e+00 -5.214372044213130053e+00
1.108421050517869411e+01 -5.125713068488789936e+00 -4.934443135437632577e+00 -5.316983001539947296e+00
1.109301167465190829e+01 -5.228580496062338767e+00 -5.037020606752735219e+00 -5.420140385371942315e+00
1.110181284412512426e+01 -5.331531005384193556e+00 -5.139421759754148944e+00 -5.523640251014238167e+00
1.111061401359833845e+01 -5.434976339619873364e+00 -5.242054075273575364e+00 -5.627898603966171365e+00
1.111941518307155441e+01 -5.538766800406341950e+00 -5.344832545617959063e+00 -5.732701055194724837e+00
1.112821635254476860e+01 -5.642793530918329914e+00 -5.447702107646466452e+00 -5.837884954190193376e+00
1.113701752201798456e+01 -5.747212566686364710e+00 -5.550791096565491856e+00 -5.943634036807237564e+00
1.114581869149119875e+01 -5.851828180736097451e+00 -5.653975940911524667e+00 -6.049680420560670235e+00
1.115461986096441294e+01 -5.956843487321414443e+00 -5.757553470444253030e+00 -6.156133504198575856e+00
1.116342103043762890e+01 -6.062231007916818015e+00 -5.861550522673995900e+00 -6.262911493159640131e+00
1.117222219991084309e+01 -6.167688699836325839e+00 -5.965776100297495610e+00 -6.369601299375156067e+00
1.118102336938405905e+01 -6.273421324945980260e+00 -6.070475860809827040e+00 -6.476366789082133479e+00
1.118982453885727324e+01 -6.379277188301849755e+00 -6.175577663531265138e+00 -6.582976713072434372e+00
1.119862570833048920e+01 -6.485307600276381201e+00 -6.280903413071708741e+00 -6.689711787481053662e+00
1.120742687780370339e+01 -6.591784707583815184e+00 -6.386463079235591422e+00 -6.797106335932038945e+00
1.121622804727691758e+01 -6.698354425842500959e+00 -6.492195123086013986e+00 -6.904513728598987932e+00
1.122502921675013354e+01 -6.805340103287875309e+00 -6.598407604189898024e+00 -7.012272602385852593e+00
1.123383038622334773e+01 -6.912690645302984827e+00 -6.705000647869148622e+00 -7.120380642736821031e+00
1.124263155569656369e+01 -7.020285027860301952e+00 -6.811820182842438953e+00 -7.228749872878164950e+00
1.125143272516977788e+01 -7.128549171859020817e+00 -6.919622398070433889e+00 -7.337475945647607745e+00
1.126023389464299385e+01 -7.236969689806644901e+00 -7.027636010392001253e+00 -7.446303369221288548e+00
1.126903506411620803e+01 -7.345799931228260249e+00 -7.135979074948555656e+00 -7.555620787507964842e+00
1.127783623358942400e+01 -7.455123205690754595e+00 -7.244886068146135116e+00 -7.665360343235374074e+00
1.128663740306263819e+01 -7.564661026274458244e+00 -7.354233959466357717e+00 -7.775088093082558771e+00
1.129543857253585415e+01 -7.675024062935814406e+00 -7.464552693893566016e+00 -7.885495431978062797e+00
1.130423974200906834e+01 -7.785494970248635127e+00 -7.575049952176700963e+00 -7.995939988320569292e+00
1.131304091148228252e+01 -7.896481812353498775e+00 -7.686179353187385210e+00 -8.106784271519611451e+00
1.132184208095549849e+01 -8.008028163433159818e+00 -7.797707253323903132e+00 -8.218349073542416505e+00
1.133064325042871268e+01 -8.119763608678328026e+00 -7.909877330407871554e+00 -8.329649886948784498e+00
1.133944441990192864e+01 -8.232269764133292256e+00 -8.022883845009635806e+00 -8.441655683256948706e+00
1.134824558937514283e+01 -8.344966589625110842e+00 -8.135941202372260150e+00 -8.553991976877961534e+00
1.135704675884835879e+01 -8.458059243265235949e+00 -8.249845868315549779e+00 -8.666272618214922119e+00
1.136584792832157298e+01 -8.571643252337770136e+00 -8.364140223249066253e+00 -8.779146281426474019e+00
1.137464909779478717e+01 -8.685143125200923464e+00 -8.478354819605844028e+00 -8.891931430796002900e+00
1.138345026726800313e+01 -8.799292583946360935e+00 -8.593353030923294611e+00 -9.005232136969427259e+00
1.139225143674121732e+01 -8.913457995638843556e+00 -8.708183886111960703e+00 -9.118732105165726409e+00
1.140105260621443328e+01 -9.027695031203290199e+00 -8.823009080238593427e+00 -9.232380982167986971e+00
1.140985377568764747e+01 -9.142238376710265513e+00 -8.937918401485109854e+00 -9.346558351935421172e+00
1.141865494516086343e+01 -9.256610945714463412e+00 -9.052746734186454702e+00 -9.460475157242472122e+00
1.142745611463407762e+01 -9.371432199166587651e+00 -9.167479704557038644e+00 -9.575384693776136658e+00
1.143625728410729181e+01 -9.486540339881710082e+00 -9.282558758507729380e+00 -9.690521921255690785e+00
1.144505845358050777e+01 -9.601847946310030579e+00 -9.397716316817930959e+00 -9.805979575802130199e+00
1.145385962305372196e+01 -9.717593070644154452e+00 -9.513329732565338759e+00 -9.921856408722970144e+00
1.146266079252693793e+01 -9.833462299201208623e+00 -9.629037763016171425e+00 -1.003788683538624582e+01
1.147146196200015211e+01 -9.949826120814144303e+00 -9.745271502503991101e+00 -1.015438073912429751e+01
1.148026313147336808e+01 -1.006650609569464727e+01 -9.861881981893537485e+00 -1.027113020949575706e+01
1.148906430094658226e+01 -1.018327613420238187e+01 -9.978679072999867117e+00 -1.038787319540489662e+01
1.149786547041979645e+01 -1.030047224518973970e+01 -1.009590220747533351e+01 -1.050504228290414588e+01
1.150666663989301242e+01 -1.041793663981377449e+01 -1.021345965845691239e+01 -1.062241362117063659e+01
1.151546780936622838e+01 -1.053567155075160144e+01 -1.033137634910967151e+01 -1.073996675239353138e+01
1.152426897883944257e+01 -1.065374883249728022e+01 -1.044969371887910903e+01 -1.085780394611545141e+01
1.153307014831265676e+01 -1.077195213324944234e+01 -1.056811969312938615e+01 -1.097578457336949853e+01
1.154187131778587272e+01 -1.089047541225619042e+01 -1.068678594510894975e+01 -1.109416487940343110e+01
1.155067248725908691e+01 -1.100926665056324438e+01 -1.080602126031674715e+01 -1.121251204080974162e+01
1.155947365673230109e+01 -1.112834837598015447e+01 -1.092560641361049534e+01 -1.133109033834981361e+01
1.156827482620551706e+01 -1.124798309038124344e+01 -1.104530410975101873e+01 -1.145066207101146816e+01
1.157707599567873302e+01 -1.136756930492517803e+01 -1.116526139233458714e+01 -1.156987721751576892e+01
1.158587716515194721e+01 -1.148740209315916516e+01 -1.128560893432399048e+01 -1.168919525199433984e+01
1.159467833462516140e+01 -1.160768079525629481e+01 -1.140632494995215218e+01 -1.180903664056043745e+01
1.160347950409837736e+01 -1.172811678862156981e+01 -1.152703942002636595e+01 -1.192919415721677368e+01
1.161228067357159155e+01 -1.184913839341054320e+01 -1.164816720372800063e+01 -1.205010958309308577e+01
1.162108184304480751e+01 -1.197035339804917164e+01 -1.176966962172178199e+01 -1.217103717437656130e+01
1.162988301251802170e+01 -1.209188102737879866e+01 -1.189149668003433469e+01 -1.229226537472326264e+01
1.163868418199123766e+01 -1.221379409143808914e+01 -1.201370844566738860e+01 -1.241387973720878968e+01
1.164748535146445185e+01 -1.233577269809164001e+01 -1.213596607479164291e+01 -1.253557932139163711e+01
1.165628652093766604e+01 -1.245851266911756028e+01 -1.225895457605693295e+01 -1.265807076217818761e+01
1.166508769041088200e+01 -1.258130259830589637e+01 -1.238182222259711018e+01 -1.278078297401468255e+01
1.167388885988409619e+01 -1.270421357110956428e+01 -1.250524071073892607e+01 -1.290318643148020250e+01
1.168269002935731216e+01 -1.282788852979856387e+01 -1.262938777690550118e+01 -1.302638928269162655e+01
1.169149119883052634e+01 -1.295111200795275863e+01 -1.275318845786879152e+01 -1.314903555803672575e+01
1.170029236830374231e+01 -1.307485853432168987e+01 -1.287720726063266241e+01 -1.327250980801071734e+01
1.170909353777695650e+01 -1.319902249462955979e+01 -1.300187931512215123e+01 -1.339616567413696835e+01
1.171789470725017068e+01 -1.332316247260296471e+01 -1.312619637616480261e+01 -1.352012856904112681e+01
1.172669587672338665e+01 -1.344786755336201622e+01 -1.325110738894744244e+01 -1.364462771777659000e+01
1.173549704619660083e+01 -1.357266438459711466e+01 -1.337628519915449488e+01 -1.376904357003973445e+01
1.174429821566981680e+01 -1.369805011930691485e+01 -1.350222681683963266e+01 -1.389387342177419704e+01
1.175309938514303099e+01 -1.382362213234830506e+01 -1.362796055816614604e+01 -1.401928370653046407e+01
1.176190055461624695e+01 -1.394932155804434082e+01 -1.375359371473988190e+01 -1.414504940134879973e+01
1.177070172408946114e+01 -1.407555073122051326e+01 -1.387987591823281974e+01 -1.427122554420820677e+01
1.177950289356267533e+01 -1.420146116018069193e+01 -1.400578562715949538e+01 -1.439713669320188849e+01
1.178830406303589129e+01 -1.432780847074243802e+01 -1.413238241797951922e+01 -1.452323452350535682e+01
1.179710523250910725e+01 -1.445463564860584782e+01 -1.425921806023084493e+01 -1.465005323698085071e+01
1.180590640198232144e+01 -1.458137278911751444e+01 -1.438591308350519427e+01 -1.477683249472983462e+01
1.181470757145553563e+01 -1.470867358101149591e+01 -1.451269791452166480e+01 -1.490464924750132703e+01
1.182350874092875159e+01 -1.483635928586622477e+01 -1.464013392725571805e+01 -1.503258464447673148e+01
1.183230991040196578e+01 -1.496399206974997220e+01 -1.476727074571052789e+01 -1.516071339378941651e+01
1.184111107987518174e+01 -1.509178401511101697e+01 -1.489417447855449694e+01 -1.528939355166753700e+01
1.184991224934839593e+01 -1.521987455845370540e+01 -1.502158310458048085e+01 -1.541816601232692996e+01
1.185871341882161190e+01 -1.534798961473136103e+01 -1.514870563133179182e+01 -1.554727359813093024e+01
1.186751458829482608e+01 -1.547608157947340679e+01 -1.527595007817960315e+01 -1.567621308076721043e+01
1.187631575776804027e+01 -1.560465192177163907e+01 -1.540428109203781837e+01 -1.580502275150545977e+01
1.188511692724125623e+01 -1.573329608500980648e+01 -1.553256046039525273e+01 -1.593403170962436022e+01
1.189391809671447042e+01 -1.586174039356419030e+01 -1.566042309169079338e+01 -1.606305769543758899e+01
1.190271926618768639e+01 -1.599062042858239252e+01 -1.578844109409525487e+01 -1.619279976306953017e+01
1.191152043566090057e+01 -1.611929131070488452e+01 -1.591603399799126350e+01 -1.632254862341850554e+01
1.192032160513411654e+01 -1.624757704405536174e+01 -1.604309225038393194e+01 -1.645206183772679154e+01
1.192912277460733073e+01 -1.637644244512874536e+01 -1.617094174554892305e+01 -1.658194314470856767e+01
1.193792394408054491e+01 -1.650502343274152395e+01 -1.629933402325713843e+01 -1.671071284222590947e+01
1.194672511355376088e+01 -1.663323454514902977e+01 -1.642810017397014377e+01 -1.683836891632791577e+01
1.195552628302697507e+01 -1.676181782743167403e+01 -1.655718652420640780e+01 -1.696644913065694027e+01
1.196432745250019103e+01 -1.689011915915751416e+01 -1.668540964652564540e+01 -1.709482867178938292e+01
1.197312862197340522e+01 -1.701787945106529421e+01 -1.681271094433045832e+01 -1.722304795780013009e+01
1.198192979144662118e+01 -1.714565966902411276e+01 -1.694134697082440155e+01 -1.734997236722382397e+01
1.199073096091983537e+01 -1.727314945260486923e+01 -1.706913911993667554e+01 -1.747715978527306291e+01
1.199953213039304956e+01 -1.740044927254966467e+01 -1.719766219248974082e+01 -1.760323635260958852e+01
1.200833329986626552e+01 -1.752687705102442450e+01 -1.732670473408420619e+01 -1.772704936796464281e+01
1.201713446933948148e+01 -1.765385203392067126e+01 -1.745513087201369373e+01 -1.785257319582764879e+01
1.202593563881269567e+01 -1.777972466630092185e+01 -1.758178142631673779e+01 -1.797766790628510591e+01
1.203473680828590986e+01 -1.790430478272903159e+01 -1.770947076743126658e+01 -1.809913879802679659e+01
1.204353797775912582e+01 -1.803026665657559846e+01 -1.783574676609752885e+01 -1.822478654705366807e+01
1.205233914723234001e+01 -1.815479594171059574e+01 -1.796186365728152978e+01 -1.834772822613966170e+01
1.206114031670555420e+01 -1.827840491441644488e+01 -1.808927180795770440e+01 -1.846753802087518537e+01
1.206994148617877016e+01 -1.840325738738129502e+01 -1.821486022274190475e+01 -1.859165455202068529e+01
1.207874265565198613e+01 -1.852650870681961237e+01 -1.833976878542341282e+01 -1.871324862821581192e+01
1.208754382512520031e+01 -1.864910355395816310e+01 -1.846493450740808129e+01 -1.883327260050824492e+01
1.209634499459841450e+01 -1.877244215520040527e+01 -1.858754999822544463e+01 -1.895733431217536591e+01
1.210514616407163047e+01 -1.889583069339768073e+01 -1.871307570352081129e+01 -1.907858568327455018e+01
1.211394733354484465e+01 -1.901762112156983164e+01 -1.883668408968536667e+01 -1.919855815345429662e+01
1.212274850301806062e+01 -1.913852143991387322e+01 -1.895872255399721240e+01 -1.931832032583053405e+01
1.213154967249127480e+01 -1.926100489930472648e+01 -1.908059628394455487e+01 -1.944141351466489809e+01
1.214035084196449077e+01 -1.938108228224452745e+01 -1.920299658920695052e+01 -1.955916797528210438e+01
1.214915201143770496e+01 -1.950018740920383920e+01 -1.932475756985943605e+01 -1.967561724854824234e+01
1.215795318091091914e+01 -1.961998147851292629e+01 -1.944423381106879845e+01 -1.979572914595705413e+01
1.216675435038413511e+01 -1.973838309914629008e+01 -1.956373443839219561e+01 -1.991303175990038454e+01
1.217555551985734930e+01 -1.985500728992926511e+01 -1.968493612762542710e+01 -2.002507845223310312e+01
1.218435668933056526e+01 -1.997078038214380769e+01 -1.980098575170851660e+01 -2.014057501257909877e+01
1.219315785880377945e+01 -2.008637435589154308e+01 -1.991733905925655890e+01 -2.025540965252652725e+01
1.220195902827699541e+01 -2.020112105790311574e+01 -2.003484950577644597e+01 -2.036739261002978552e+01
1.221076019775020960e+01 -2.031484367882171682e+01 -2.015083710553829377e+01 -2.047885025210513987e+01
1.221956136722342379e+01 -2.042762896438460629e+01 -2.026566815957333390e+01 -2.058958976919587869e+01
1.222836253669663975e+01 -2.053937750590984024e+01 -2.037992998575848702e+01 -2.069882502606119346e+01
1.223716370616985394e+01 -2.064998735379806760e+01 -2.049284312885604464e+01 -2.080713157874009056e+01
1.224596487564306990e+01 -2.075946360107308664e+01 -2.060458914266778052e+01 -2.091433805947839275e+01
1.225476604511628409e+01 -2.086744033188725211e+01 -2.071463625679281151e+01 -2.102024440698169272e+01
1.226356721458950005e+01 -2.097419536828819275e+01 -2.082280461304895169e+01 -2.112558612352743381e+01
1.227236838406271424e+01 -2.107964804601152764e+01 -2.093023656846578007e+01 -2.122905952355727521e+01
1.228116955353592843e+01 -2.118349786812066426e+01 -2.103551588663467342e+01 -2.133147984960665511e+01
1.228997072300914439e+01 -2.128620003801461280e+01 -2.113864892884399538e+01 -2.143375114718523022e+01
1.229877189248236036e+01 -2.138706108085799684e+01 -2.124129802666984546e+01 -2.153282413504614823e+01
1.230757306195557454e+01 -2.148643168760629862e+01 -2.134151405803205392e+01 -2.163134931718054332e+01
1.231637423142878873e+01 -2.158405873411086873e+01 -2.143941734503734864e+01 -2.172870012318438881e+01
1.232517540090200470e+01 -2.167973750437703373e+01 -2.153571756621322209e+01 -2.182375744254084537e+01
1.233397657037521888e+01 -2.177353865981321945e+01 -2.162925765356391850e+01 -2.191781966606252041e+01
1.234277773984843485e+01 -2.186525594771461911e+01 -2.171988595893231278e+01 -2.201062593649692545e+01
1.235157890932164904e+01 -2.195477597176270734e+01 -2.181078867986054703e+01 -2.209876326366486765e+01
1.236038007879486500e+01 -2.204239527118205899e+01 -2.189617857256328648e+01 -2.218861196980083150e+01
1.236918124826807919e+01 -2.212734208015503157e+01 -2.198078408123758720e+01 -2.227390007907247593e+01
1.237798241774129338e+01 -2.221040093622565337e+01 -2.206194342115441742e+01 -2.235885845129688931e+01
1.238678358721450934e+01 -2.229055576323417753e+01 -2.214233816674594024e+01 -2.243877335972241482e+01
1.239558475668772353e+01 -2.236812667840985114e+01 -2.221680070619361302e+01 -2.251945265062608925e+01
1.240438592616093949e+01 -2.244329915631212202e+01 -2.228691610461109818e+01 -2.259968220801314587e+01
1.241318709563415368e+01 -2.251538758419995290e+01 -2.235057983805717541e+01 -2.268019533034273039e+01
1.242198826510736964e+01 -2.258490863161214435e+01 -2.241203949161103282e+01 -2.275777777161325588e+01
1.243078943458058383e+01 -2.265210653463470081e+01 -2.247841213054826781e+01 -2.282580093872113380e+01
1.243959060405379802e+01 -2.271879342560984583e+01 -2.254533222492435485e+01 -2.289225462629533681e+01
1.244839177352701398e+01 -2.278362735536975237e+01 -2.260696467810163668e+01 -2.296029003263786805e+01
1.245719294300022817e+01 -2.284593651348258092e+01 -2.268496087194503730e+01 -2.300691215502012454e+01
1.246599411247344413e+01 -2.290416085399115431e+01 -2.273040423947969302e+01 -2.307791746850261561e+01
1.247479528194665832e+01 -2.295875992175854208e+01 -2.276778239037278340e+01 -2.314973745314430076e+01
1.248359645141987428e+01 -2.300991828446976584e+01 -2.280648934651693693e+01 -2.321334722242259474e+01
1.249239762089308847e+01 -2.305902982175622640e+01 -2.284363400200021488e+01 -2.327442564151223792e+01
1.250119879036630266e+01 -2.310443557345522692e+01 -2.287674705600035452e+01 -2.333212409091009931e+01
1.250999995983951862e+01 -2.314541640007959344e+01 -2.290587586932941733e+01 -2.338495693082976956e+01
1.251880112931273459e+01 -2.318243881545603813e+01 -2.292706485809786088e+01 -2.343781277281421538e+01
1.252760229878594878e+01 -2.321582693439416545e+01 -2.294234656757650015e+01 -2.348930730121183075e+01
1.253640346825916296e+01 -2.324601534570302164e+01 -2.295512752901582587e+01 -2.353690316239021740e+01
1.254520463773237893e+01 -2.327301410330454701e+01 -2.296659425485413308e+01 -2.357943395175496093e+01
1.255400580720559311e+01 -2.329812707757075074e+01 -2.297697708269058126e+01 -2.361927707245092023e+01
1.256280697667880730e+01 -2.332211257368462753e+01 -2.298770482304189500e+01 -2.365652032432736007e+01
1.257160814615202327e+01 -2.334462489855754441e+01 -2.300118685200710544e+01 -2.368806294510798338e+01
1.258040931562523923e+01 -2.336556721475864151e+01 -2.301549226452106467e+01 -2.371564216499621836e+01
1.258921048509845342e+01 -2.338545771458417377e+01 -2.302768513621274948e+01 -2.374323029295559806e+01
1.259801165457166761e+01 -2.340455373074325252e+01 -2.303889645544083464e+01 -2.377021100604567039e+01
1.260681282404488357e+01 -2.342254848338310680e+01 -2.304981088455783933e+01 -2.379528608220837427e+01
1.261561399351809776e+01 -2.343891452709496548e+01 -2.305915286205652137e+01 -2.381867619213340959e+01
1.262441516299131372e+01 -2.345401648755336410e+01 -2.306623434703215381e+01 -2.384179862807457440e+01
1.263321633246452791e+01 -2.346809873767885790e+01 -2.307292532335556956e+01 -2.386327215200214624e+01
1.264201750193774387e+01 -2.348076668226833874e+01 -2.308028224859769040e+01 -2.388125111593898708e+01
1.265081867141095806e+01 -2.349229527998556932e+01 -2.308651168418398569e+01 -2.389807887578715295e+01
1.265961984088417225e+01 -2.350285996122427434e+01 -2.309144327904571981e+01 -2.391427664340282888e+01
1.266842101035738821e+01 -2.351248538725295489e+01 -2.309593400914897288e+01 -2.392903676535693691e+01
1.267722217983060240e+01 -2.352123879553710140e+01 -2.310062661956419916e+01 -2.394185097151000363e+01
1.268602334930381836e+01 -2.352918191161953132e+01 -2.310421076832761500e+01 -2.395415305491144764e+01
1.269482451877703255e+01 -2.353641195743756853e+01 -2.310753087776950920e+01 -2.396529303710562786e+01
1.270362568825024852e+01 -2.354292197317104041e+01 -2.311052091482432758e+01 -2.397532303151775324e+01
1.271242685772346270e+01 -2.354882331279292274e+01 -2.311312348479567547e+01 -2.398452314079017000e+01
1.272122802719667689e+01 -2.355411710626296085e+01 -2.311524984375738612e+01 -2.399298436876853557e+01
1.273002919666989285e+01 -2.355885293947625669e+01 -2.311691392138981982e+01 -2.400079195756269357e+01
1.273883036614310704e+01 -2.356307976411640936e+01 -2.311825109847984905e+01 -2.400790842975296968e+01
1.274763153561632301e+01 -2.356686507192371494e+01 -2.311944081715682486e+01 -2.401428932669060501e+01
1.275643270508953719e+01 -2.357021369263337363e+01 -2.312037063162269135e+01 -2.402005675364405590e+01
1.276523387456275316e+01 -2.357319171150400550e+01 -2.312118142107527419e+01 -2.402520200193273681e+01
1.277403504403596735e+01 -2.357582245482859307e+01 -2.312188526885107365e+01 -2.402975964080611249e+01
1.278283621350918153e+01 -2.357816821507152838e+01 -2.312247773498733139e+01 -2.403385869515572537e+01
1.279163738298239750e+01 -2.358026497730419635e+01 -2.312304454426192635e+01 -2.403748541034646635e+01
1.280043855245561346e+01 -2.358210528205600554e+01 -2.312352755935263104e+01 -2.404068300475938003e+01
1.280923972192882765e+01 -2.358369917913238112e+01 -2.312392472109033648e+01 -2.404347363717442576e+01
1.281804089140204184e+01 -2.358502358492208018e+01 -2.312422556265237361e+01 -2.404582160719178674e+01
1.282684206087525780e+01 -2.358614266094921774e+01 -2.312447400779509366e+01 -2.404781131410334183e+01
1.283564323034847199e+01 -2.358711668564561137e+01 -2.312471791928489750e+01 -2.404951545200632523e+01
1.284444439982168618e+01 -2.358793329448621279e+01 -2.312513982887019992e+01 -2.405072676010222565e+01
1.285324556929490214e+01 -2.358861450724182873e+01 -2.312561611297975972e+01 -2.405161290150389775e+01
1.286204673876811810e+01 -2.358918477214962905e+01 -2.312604570648461788e+01 -2.405232383781464023e+01
1.287084790824133229e+01 -2.358966658679173989e+01 -2.312642380644724227e+01 -2.405290936713623751e+01
1.287964907771454648e+01 -2.359008779682336865e+01 -2.312675686614438320e+01 -2.405341872750235410e+01
1.288845024718776244e+01 -2.359045394500229520e+01 -2.312706766551161763e+01 -2.405384022449297277e+01
1.289725141666097663e+01 -2.359076863129803314e+01 -2.312734092783676232e+01 -2.405419633475930397e+01
1.290605258613419259e+01 -2.359104274118933731e+01 -2.312757734214345717e+01 -2.405450814023521744e+01
1.291485375560740678e+01 -2.359128311291178903e+01 -2.312778277605863053e+01 -2.405478344976494753e+01
1.292365492508062275e+01 -2.359149116424527293e+01 -2.312795797319428104e+01 -2.405502435529626482e+01
1.293245609455383693e+01 -2.359167076833012544e+01 -2.312810635434920314e+01 -2.405523518231104774e+01
1.294125726402705112e+01 -2.359182942219096901e+01 -2.312823565651432389e+01 -2.405542318786761413e+01
1.295005843350026709e+01 -2.359197226630858779e+01 -2.312835128953869912e+01 -2.405559324307847646e+01
1.295885960297348127e+01 -2.359210364824865280e+01 -2.312845751484012169e+01 -2.405574978165718392e+01
1.296766077244669724e+01 -2.359222480813510003e+01 -2.312855948465254485e+01 -2.405589013161765521e+01
1.297646194191991142e+01 -2.359233469270538563e+01 -2.312865896599325310e+01 -2.405601041941751816e+01
1.298526311139312739e+01 -2.359243525955634624e+01 -2.312874958405841852e+01 -2.405612093505427396e+01
1.299406428086634158e+01 -2.359252962545455290e+01 -2.312882735287798397e+01 -2.405623189803112183e+01
1.300286545033955576e+01 -2.359261896588531826e+01 -2.312889761032835878e+01 -2.405634032144227774e+01
1.301166661981277173e+01 -2.359270327875162820e+01 -2.312896427633547702e+01 -2.405644228116777938e+01
1.302046778928598769e+01 -2.359278195979247528e+01 -2.312902665865705032e+01 -2.405653726092790023e+01
1.302926895875920188e+01 -2.359285511296127069e+01 -2.312908478937067969e+01 -2.405662543655186170e+01
1.303807012823241607e+01 -2.359292494071731383e+01 -2.312914071977332853e+01 -2.405670916166129913e+01
1.304687129770563203e+01 -2.359299390914078742e+01 -2.312919690417016838e+01 -2.405679091411140647e+01
1.305567246717884622e+01 -2.359306255993160661e+01 -2.312925376737671357e+01 -2.405687135248649966e+01
1.306447363665206041e+01 -2.359312859195017609e+01 -2.312930756079426686e+01 -2.405694962310608531e+01
1.307327480612527637e+01 -2.359319171737173093e+01 -2.312935294057781022e+01 -2.405703049416565165e+01
1.308207597559849233e+01 -2.359325256639460022e+01 -2.312938880492218985e+01 -2.405711632786701060e+01
1.309087714507170652e+01 -2.359330972284317340e+01 -2.312942303468149419e+01 -2.405719641100485262e+01
1.309967831454492071e+01 -2.359336383034473883e+01 -2.312945606787312158e+01 -2.405727159281635608e+01
1.310847948401813667e+01 -2.359341596939792751e+01 -2.312949128750309669e+01 -2.405734065129275834e+01
1.311728065349135086e+01 -2.359346770416630434e+01 -2.312954285764063656e+01 -2.405739255069197213e+01
1.312608182296456683e+01 -2.359351771836189826e+01 -2.312959537334758764e+01 -2.405744006337620888e+01
1.313488299243778101e+01 -2.359356603674152097e+01 -2.312964598157578067e+01 -2.405748609190726128e+01
1.314368416191099698e+01 -2.359361261181755154e+01 -2.312969465479333664e+01 -2.405753056884176644e+01
1.315248533138421116e+01 -2.359365824136669687e+01 -2.312974221593842117e+01 -2.405757426679497257e+01
1.316128650085742535e+01 -2.359370021005547358e+01 -2.312978594456707526e+01 -2.405761447554387189e+01
1.317008767033064132e+01 -2.359373950470252979e+01 -2.312982685708557185e+01 -2.405765215231948773e+01
1.317888883980385550e+01 -2.359377979204771236e+01 -2.312986862216429884e+01 -2.405769096193112588e+01
1.318769000927707147e+01 -2.359382456745230883e+01 -2.312991474779597212e+01 -2.405773438710864554e+01
1.319649117875028566e+01 -2.359386910377464730e+01 -2.312996052432958649e+01 -2.405777768321970811e+01
1.320529234822350162e+01 -2.359391189743280748e+01 -2.312999324443675775e+01 -2.405783055042885721e+01
1.321409351769671581e+01 -2.359395401411354953e+01 -2.313001635574518389e+01 -2.405789167248191518e+01
1.322289468716992999e+01 -2.359399479228056151e+01 -2.313003856870210839e+01 -2.405795101585901463e+01
1.323169585664314596e+01 -2.359403343926096497e+01 -2.313006030150225456e+01 -2.405800657701967538e+01
1.324049702611636015e+01 -2.359406972183430184e+01 -2.313008110022046537e+01 -2.405805834344813832e+01
1.324929819558957611e+01 -2.359410395581659259e+01 -2.313010126068542505e+01 -2.405810665094776013e+01
1.325809936506279030e+01 -2.359413664424346635e+01 -2.313012109209606493e+01 -2.405815219639086777e+01
1.326690053453600626e+01 -2.359416739882040304e+01 -2.313014013739895347e+01 -2.405819466024185260e+01
1.327570170400922045e+01 -2.359419698821689337e+01 -2.313015908907167528e+01 -2.405823488736211146e+01
1.328450287348243464e+01 -2.359422491199578786e+01 -2.313017730815975881e+01 -2.405827251583181692e+01
1.329330404295565060e+01 -2.359425041200701756e+01 -2.313019399906948337e+01 -2.405830682494455175e+01
1.330210521242886657e+01 -2.359427368166684502e+01 -2.313020925594388544e+01 -2.405833810738980461e+01
1.331090638190208075e+01 -2.359429555457314365e+01 -2.313022384489977767e+01 -2.405836726424650962e+01
1.331970755137529494e+01 -2.359431591471393475e+01 -2.313023760640465554e+01 -2.405839422302321395e+01
1.332850872084851090e+01 -2.359433449396391680e+01 -2.313025018741910799e+01 -2.405841880050872561e+01
1.333730989032172509e+01 -2.359435133633704851e+01 -2.313026159230035717e+01 -2.405844108037373985e+01
1.334611105979493928e+01 -2.359436659046047069e+01 -2.313027192169187884e+01 -2.405846125922906253e+01
1.335491222926815524e+01 -2.359438042902745991e+01 -2.313028129253361698e+01 -2.405847956552130285e+01
1.336371339874137121e+01 -2.359439292956735557e+01 -2.313028975732489201e+01 -2.405849610180981912e+01
1.337251456821458540e+01 -2.359440424771536016e+01 -2.313029742145469925e+01 -2.405851107397602107e+01
1.338131573768779958e+01 -2.359441449260851087e+01 -2.313030435882562941e+01 -2.405852462639139233e+01
1.339011690716101555e+01 -2.359442373150512751e+01 -2.313031061498193353e+01 -2.405853684802832149e+01
1.339891807663422973e+01 -2.359443209479147185e+01 -2.313031627821518299e+01 -2.405854791136776072e+01
1.340771924610744570e+01 -2.359443962801908157e+01 -2.313032137937080535e+01 -2.405855787666735779e+01
1.341652041558065989e+01 -2.359444642075697729e+01 -2.313032597910081378e+01 -2.405856686241314080e+01
1.342532158505387585e+01 -2.359445256011414926e+01 -2.313033013639141089e+01 -2.405857498383688764e+01
1.343412275452709004e+01 -2.359445807215669433e+01 -2.313033386889336640e+01 -2.405858227542002226e+01
1.344292392400030423e+01 -2.359446304913344150e+01 -2.313033723907335215e+01 -2.405858885919353085e+01
1.345172509347352019e+01 -2.359446751921208829e+01 -2.313034026600522708e+01 -2.405859477241894950e+01
1.346052626294673438e+01 -2.359447153271199582e+01 -2.313034298376296150e+01 -2.405860008166103015e+01
1.346932743241995034e+01 -2.359447515474426638e+01 -2.313034543643679797e+01 -2.405860487305173478e+01
1.347812860189316453e+01 -2.359447839223662768e+01 -2.313034762871787464e+01 -2.405860915575538073e+01
1.348692977136638049e+01 -2.359448130753681738e+01 -2.313034960282521979e+01 -2.405861301224841498e+01
1.349573094083959468e+01 -2.359448391831993064e+01 -2.313035137072758829e+01 -2.405861646591227299e+01
1.350453211031280887e+01 -2.359448625175145864e+01 -2.313035295082021037e+01 -2.405861955268270691e+01
1.351333327978602483e+01 -2.359448835384847953e+01 -2.313035437426373164e+01 -2.405862233343322742e+01
1.352213444925924080e+01 -2.359449022436049503e+01 -2.313035564088852425e+01 -2.405862480783246582e+01
1.353093561873245498e+01 -2.359449190139055474e+01 -2.313035677649622812e+01 -2.405862702628488137e+01
1.353973678820566917e+01 -2.359449339741651741e+01 -2.313035778953627641e+01 -2.405862900529675841e+01
1.354853795767888514e+01 -2.359449472942710813e+01 -2.313035869151264734e+01 -2.405863076734156891e+01
1.355733912715209932e+01 -2.359449592578009103e+01 -2.313035950162792176e+01 -2.405863234993226030e+01
1.356614029662531351e+01 -2.359449698783670613e+01 -2.313036022080386189e+01 -2.405863375486955036e+01
1.357494146609852947e+01 -2.359449793731135969e+01 -2.313036086374447109e+01 -2.405863501087824829e+01
1.358374263557174544e+01 -2.359449878308058857e+01 -2.313036143646053233e+01 -2.405863612970064480e+01
1.359254380504495963e+01 -2.359449953364988062e+01 -2.313036194471157714e+01 -2.405863712258818410e+01
1.360134497451817381e+01 -2.359450020466660547e+01 -2.313036239909327207e+01 -2.405863801023993886e+01
1.361014614399138978e+01 -2.359450079927661292e+01 -2.313036280173584913e+01 -2.405863879681737671e+01
1.361894731346460397e+01 -2.359450132815123879e+01 -2.313036315986544267e+01 -2.405863949643703492e+01
1.362774848293781815e+01 -2.359450179788451152e+01 -2.313036347794723468e+01 -2.405864011782178835e+01
1.363654965241103412e+01 -2.359450221335000464e+01 -2.313036375928138000e+01 -2.405864066741862928e+01
1.364535082188425008e+01 -2.359450258293405511e+01 -2.313036400954671379e+01 -2.405864115632139644e+01
1.365415199135746427e+01 -2.359450290980801412e+01 -2.313036423089074134e+01 -2.405864158872528691e+01
1.366295316083067846e+01 -2.359450319907759663e+01 -2.313036442677081439e+01 -2.405864197138437888e+01
1.367175433030389442e+01 -2.359450345520583525e+01 -2.313036460020908436e+01 -2.405864231020258615e+01
1.368055549977711038e+01 -2.359450368098242379e+01 -2.313036475309462148e+01 -2.405864260887022610e+01
1.368935666925032280e+01 -2.359450388077146243e+01 -2.313036488838258009e+01 -2.405864287316034478e+01
1.369815783872353876e+01 -2.359450405710812504e+01 -2.313036500778966698e+01 -2.405864310642658310e+01
1.370695900819675472e+01 -2.359450421234974371e+01 -2.313036511291215547e+01 -2.405864331178733195e+01
1.371576017766996891e+01 -2.359450434933711094e+01 -2.313036520567370502e+01 -2.405864349300051686e+01
1.372456134714318310e+01 -2.359450446968187975e+01 -2.313036528716565599e+01 -2.405864365219810352e+01
1.373336251661639906e+01 -2.359450457560380698e+01 -2.313036535889111533e+01 -2.405864379231649863e+01
1.374216368608961503e+01 -2.359450466889667553e+01 -2.313036542206476298e+01 -2.405864391572858807e+01
1.375096485556282921e+01 -2.359450475059310293e+01 -2.313036547738582627e+01 -2.405864402380037959e+01
1.375976602503604340e+01 -2.359450482241141955e+01 -2.313036552601789708e+01 -2.405864411880494202e+01
1.376856719450925937e+01 -2.359450488528464973e+01 -2.313036556859275450e+01 -2.405864420197654496e+01
1.377736836398247355e+01 -2.359450494031259637e+01 -2.313036560585515033e+01 -2.405864427477004241e+01
1.378616953345568774e+01 -2.359450498867435186e+01 -2.313036563860351080e+01 -2.405864433874519293e+01
1.379497070292890371e+01 -2.359450503079908401e+01 -2.313036566712844433e+01 -2.405864439446972369e+01
1.380377187240211967e+01 -2.359450506768467548e+01 -2.313036569210567350e+01 -2.405864444326367746e+01
1.381257304187533386e+01 -2.359450509986246658e+01 -2.313036571389499585e+01 -2.405864448582993731e+01
1.382137421134854804e+01 -2.359450512785778997e+01 -2.313036573285214459e+01 -2.405864452286343536e+01
1.383017538082176401e+01 -2.359450515240028068e+01 -2.313036574947118851e+01 -2.405864455532937285e+01
1.383897655029497820e+01 -2.359450517366207123e+01 -2.313036576386869569e+01 -2.405864458345544676e+01
1.384777771976819238e+01 -2.359450519220160913e+01 -2.313036577642282055e+01 -2.405864460798039772e+01
1.385657888924140835e+01 -2.359450520831736497e+01 -2.313036578733566628e+01 -2.405864462929906367e+01
1.386538005871462431e+01 -2.359450522225271385e+01 -2.313036579677204685e+01 -2.405864464773338085e+01
1.387418122818783850e+01 -2.359450523443889836e+01 -2.313036580502397044e+01 -2.405864466385382627e+01
1.388298239766105269e+01 -2.359450524493768597e+01 -2.313036581213326670e+01 -2.405864467774210524e+01
1.389178356713426865e+01 -2.359450525405014076e+01 -2.313036581830380101e+01 -2.405864468979648052e+01
1.450000000000000000e+01 -2.359450525405014076e+01 -2.313036581830380101e+01 -2.405864468979648052e+01
