# # logMh LcMh -err(LcMh) +err(LcMh)
1.091583166332665300e+01 1.131300362956403660e+01 1.268839197628623872e+01 9.937615282841834485e+00
1.092199428917956183e+01 1.125931994936583180e+01 1.263596783961848224e+01 9.882672059113181362e+00
1.092815691503246889e+01 1.120560865371889925e+01 1.258335081183101423e+01 9.827866495606784270e+00
1.093431954088537772e+01 1.115186657944940407e+01 1.253056781502210271e+01 9.773165343876705435e+00
1.094048216673828655e+01 1.109803683697012389e+01 1.247779203378793866e+01 9.718281640152309109e+00
1.094664479259119361e+01 1.104416622629341482e+01 1.242492065805699397e+01 9.663411794529835674e+00
1.095280741844410244e+01 1.099025506212500858e+01 1.237200196757014226e+01 9.608508156679874901e+00
1.095897004429701127e+01 1.093625996527401512e+01 1.231916365460877216e+01 9.553356275939258069e+00
1.096513267014991833e+01 1.088223577565388922e+01 1.226617279231919433e+01 9.498298758988584112e+00
1.097129529600282716e+01 1.082820012640435436e+01 1.221314472614298907e+01 9.443255526665719657e+00
1.097745792185573599e+01 1.077417166068341636e+01 1.216023549342127197e+01 9.388107827945560757e+00
1.098362054770864304e+01 1.072003151952988276e+01 1.210719749101851583e+01 9.332865548041249681e+00
1.098978317356155188e+01 1.066583892305566650e+01 1.205408971784633820e+01 9.277588128264994793e+00
1.099594579941446071e+01 1.061160649234693665e+01 1.200094921426057404e+01 9.222263770433299257e+00
1.100210842526736776e+01 1.055724931972824265e+01 1.194780378090288231e+01 9.166694858553602998e+00
1.100827105112027660e+01 1.050287256958508664e+01 1.189465434400221255e+01 9.111090795167960721e+00
1.101443367697318543e+01 1.044850616662875709e+01 1.184141304968127884e+01 9.055599283576235337e+00
1.102059630282609248e+01 1.039400680926607379e+01 1.178830730241631208e+01 8.999706316115835492e+00
1.102675892867900131e+01 1.033947060767076565e+01 1.173516271507124564e+01 8.943778500270285647e+00
1.103292155453190837e+01 1.028490562986568158e+01 1.168195017886635334e+01 8.887861080865009811e+00
1.103908418038481720e+01 1.023030632493504299e+01 1.162842264814047510e+01 8.832190001729610884e+00
1.104524680623772603e+01 1.017565737613761812e+01 1.157496401070149084e+01 8.776350741573745395e+00
1.105140943209063309e+01 1.012096050654455581e+01 1.152158098187001301e+01 8.720340031219098620e+00
1.105757205794354192e+01 1.006623290829951145e+01 1.146825665708155206e+01 8.664209159517470837e+00
1.106373468379645075e+01 1.001141533673227357e+01 1.141488474920055296e+01 8.607945924263994186e+00
1.106989730964935781e+01 9.956528837924471631e+00 1.136146115709997773e+01 8.551596518748965536e+00
1.107605993550226664e+01 9.901603212486115524e+00 1.130790843872158291e+01 8.495297986250648137e+00
1.108222256135517547e+01 9.846628552131495127e+00 1.125421794147598398e+01 8.439039162787006276e+00
1.108838518720808253e+01 9.791600435828041071e+00 1.120045153221860801e+01 8.382749339437474134e+00
1.109454781306099136e+01 9.736457093423876330e+00 1.114666516859890422e+01 8.326249018248848444e+00
1.110071043891390019e+01 9.681308389842470774e+00 1.109293118553011226e+01 8.269685594154829289e+00
1.110687306476680725e+01 9.626129521072900985e+00 1.103916432066076148e+01 8.213094721485040495e+00
1.111303569061971608e+01 9.570874291257704058e+00 1.098525685653100581e+01 8.156491725984402308e+00
1.111919831647262491e+01 9.515580197753038760e+00 1.093133372468862952e+01 8.099826670817448004e+00
1.112536094232553197e+01 9.460237280239580215e+00 1.087725994099080751e+01 8.043214619488352923e+00
1.113152356817844080e+01 9.404818745067744956e+00 1.082290492892208000e+01 7.986732561213409909e+00
1.113768619403134963e+01 9.349312467605988886e+00 1.076850219098370509e+01 7.930122744228272680e+00
1.114384881988425668e+01 9.293791882131257509e+00 1.071410896179082606e+01 7.873474802471688960e+00
1.115001144573716552e+01 9.238268050200360904e+00 1.065973819897059904e+01 7.816797901430123652e+00
1.115617407159007435e+01 9.182580222563773376e+00 1.060514194334617244e+01 7.760018501781374312e+00
1.116233669744298140e+01 9.126883907873587276e+00 1.055059784776400988e+01 7.703169967983163779e+00
1.116849932329589024e+01 9.071184243911416090e+00 1.049611218431747517e+01 7.646256303505356122e+00
1.117466194914879907e+01 9.015376918835805498e+00 1.044135056398387462e+01 7.589403273687736373e+00
1.118082457500170612e+01 8.959497721800079972e+00 1.038666962877208633e+01 7.532325814828073618e+00
1.118698720085461495e+01 8.903561893410724792e+00 1.033204538078601864e+01 7.475078406035430945e+00
1.119314982670752379e+01 8.847618338392223336e+00 1.027736760833725072e+01 7.417869068447196845e+00
1.119931245256043084e+01 8.791602042188937816e+00 1.022255794697492171e+01 7.360646137402953926e+00
1.120547507841333967e+01 8.735524197820875969e+00 1.016767413443960777e+01 7.303374261202144169e+00
1.121163770426624851e+01 8.679350847349226683e+00 1.011279612403280304e+01 7.245905570665650330e+00
1.121780033011915556e+01 8.623098195386214471e+00 1.005795323456994872e+01 7.188243156202480222e+00
1.122396295597206439e+01 8.566794408284883033e+00 1.000303908859899948e+01 7.130549727970765694e+00
1.123012558182497322e+01 8.510433427610811563e+00 9.947862973450556368e+00 7.073003881771066759e+00
1.123628820767788028e+01 8.454075401677780377e+00 9.892938548767460816e+00 7.015212254588099938e+00
1.124245083353078911e+01 8.397652368280377644e+00 9.838022989622869474e+00 6.957281746937885814e+00
1.124861345938369794e+01 8.341089227355706015e+00 9.782977826829478474e+00 6.899200627881934444e+00
1.125477608523660500e+01 8.284480233947107308e+00 9.727836367441119236e+00 6.841124100453095380e+00
1.126093871108951383e+01 8.227851822630723788e+00 9.672579480408979080e+00 6.783124164852468496e+00
1.126710133694242089e+01 8.171205301156099665e+00 9.617169246102864832e+00 6.725241356209333610e+00
1.127326396279532972e+01 8.114428865349719189e+00 9.561798166114137132e+00 6.667059564585301246e+00
1.127942658864823855e+01 8.057616395189278080e+00 9.506442575966147501e+00 6.608790214412407771e+00
1.128558921450114561e+01 8.000773417392055720e+00 9.451100581193346173e+00 6.550446253590765266e+00
1.129175184035405444e+01 7.943753864663040787e+00 9.395506319290095831e+00 6.492001410035985742e+00
1.129791446620696327e+01 7.886732494269002913e+00 9.339839948141394288e+00 6.433625040396611539e+00
1.130407709205987032e+01 7.829705090466296369e+00 9.284113373072617748e+00 6.375296807859974990e+00
1.131023971791277916e+01 7.772623379860931436e+00 9.228402839710572181e+00 6.316843920011291580e+00
1.131640234376568799e+01 7.715429660861036432e+00 9.172596439057979723e+00 6.258262882664093141e+00
1.132256496961859504e+01 7.658156832867732966e+00 9.116725486578598492e+00 6.199588179156867440e+00
1.132872759547150388e+01 7.600836428671307488e+00 9.060831765890128509e+00 6.140841091452487355e+00
1.133489022132441271e+01 7.543442372516713235e+00 9.004885432597390604e+00 6.081999312436035865e+00
1.134105284717731976e+01 7.485994679631097881e+00 8.948863667273652567e+00 6.023125691988543196e+00
1.134721547303022859e+01 7.428477395403923822e+00 8.892662768467575418e+00 5.964292022340272226e+00
1.135337809888313743e+01 7.370921179359290143e+00 8.836268678809966914e+00 5.905573679908613371e+00
1.135954072473604448e+01 7.313323488193183231e+00 8.779894210058984072e+00 5.846752766327382389e+00
1.136570335058895331e+01 7.255656531558798861e+00 8.723711707037296037e+00 5.787601356080302573e+00
1.137186597644186214e+01 7.197955165372001751e+00 8.667453862385205099e+00 5.728456468358798404e+00
1.137802860229476920e+01 7.140192304024094661e+00 8.611130624440415104e+00 5.669253983607774217e+00
1.138419122814767803e+01 7.082336294747672234e+00 8.554721605063335232e+00 5.609950984432008347e+00
1.139035385400058686e+01 7.024294949302571034e+00 8.497833362092251264e+00 5.550756536512890804e+00
1.139651647985349392e+01 6.966214560830138680e+00 8.440902899945102789e+00 5.491526221715174572e+00
1.140267910570640275e+01 6.908109195992361506e+00 8.383981760578624431e+00 5.432236631406098581e+00
1.140884173155931158e+01 6.850008381799237434e+00 8.327210757129682506e+00 5.372806006468792361e+00
1.141500435741221864e+01 6.791809391839721322e+00 8.270476577439723087e+00 5.313142206239718668e+00
1.142116698326512747e+01 6.733509422618208617e+00 8.213751684841692935e+00 5.253267160394725188e+00
1.142732960911803630e+01 6.675050643825453989e+00 8.156626895256405163e+00 5.193474392394502814e+00
1.143349223497094336e+01 6.616549814003874985e+00 8.099389769357813407e+00 5.133709858649936564e+00
1.143965486082385219e+01 6.558007815159125009e+00 8.042076696579369965e+00 5.073938933738880053e+00
1.144581748667675924e+01 6.499383486888752337e+00 7.984779544752377944e+00 5.013987429025126730e+00
1.145198011252966808e+01 6.440695566616118306e+00 7.927645701633258213e+00 4.953745431598978399e+00
1.145814273838257691e+01 6.381943908330068638e+00 7.870509284054620025e+00 4.893378532605517250e+00
1.146430536423548574e+01 6.323066271579604880e+00 7.813028910470817934e+00 4.833103632688391826e+00
1.147046799008839280e+01 6.264113525785322878e+00 7.755303342941618716e+00 4.772923708629027040e+00
1.147663061594130163e+01 6.205105417122452671e+00 7.697564305950830743e+00 4.712646528294074599e+00
1.148279324179420868e+01 6.146021491555839766e+00 7.640023798789890463e+00 4.652019184321789069e+00
1.148895586764711751e+01 6.086863440563283767e+00 7.582451821419539328e+00 4.591275059707028205e+00
1.149511849350002635e+01 6.027634487085823167e+00 7.524886453424606714e+00 4.530382520747039621e+00
1.150128111935293340e+01 5.968304530842100775e+00 7.467347582436672404e+00 4.469261479247529145e+00
1.150744374520584223e+01 5.908950097526820322e+00 7.409416571308879540e+00 4.408483623744761104e+00
1.151360637105875107e+01 5.849527104362749697e+00 7.351393373686503807e+00 4.347660835038995586e+00
1.151976899691165812e+01 5.790013686008501637e+00 7.293314687812940456e+00 4.286712684204062818e+00
1.152593162276456695e+01 5.730410401567267442e+00 7.235290990487055041e+00 4.225529812647479844e+00
1.153209424861747578e+01 5.670719547116432224e+00 7.177292818592654555e+00 4.164146275640209893e+00
1.153825687447038284e+01 5.610941545209925607e+00 7.119315865889489281e+00 4.102567224530361933e+00
1.154441950032329167e+01 5.551122856709999276e+00 7.061257471437376587e+00 4.040988241982621965e+00
1.155058212617620050e+01 5.491261945323607563e+00 7.003091362748966375e+00 3.979432527898249194e+00
1.155674475202910756e+01 5.431351504752748305e+00 6.944815992405684923e+00 3.917887017099811242e+00
1.156290737788201639e+01 5.371291115329889010e+00 6.886307518808363781e+00 3.856274711851414239e+00
1.156907000373492522e+01 5.311116693308255421e+00 6.828036388435062776e+00 3.794196998181447622e+00
1.157523262958783228e+01 5.250876445466172271e+00 6.769881774360388960e+00 3.731871116571955138e+00
1.158139525544074111e+01 5.190629236660864620e+00 6.711645681812338893e+00 3.669612791509390348e+00
1.158755788129364994e+01 5.130231525168110096e+00 6.653336174576705453e+00 3.607126875759514739e+00
1.159372050714655700e+01 5.069762104968466687e+00 6.594849343016026211e+00 3.544674866920906720e+00
1.159988313299946583e+01 5.009259518764622499e+00 6.535917623344400518e+00 3.482601414184844479e+00
1.160604575885237466e+01 4.948607314435832905e+00 6.477064032867784427e+00 3.420150596003881383e+00
1.161220838470528172e+01 4.887877158535502531e+00 6.418432725274165307e+00 3.357321591796839755e+00
1.161837101055819055e+01 4.827068888135460867e+00 6.360223520669137542e+00 3.293914255601784635e+00
1.162453363641109938e+01 4.766105990604897258e+00 6.301475668016388809e+00 3.230736313193406151e+00
1.163069626226400644e+01 4.705063957547295672e+00 6.242434695243751719e+00 3.167693219850839181e+00
1.163685888811691527e+01 4.643939823388035570e+00 6.183081094679383050e+00 3.104798552096688091e+00
1.164302151396982410e+01 4.582718962621775916e+00 6.123927671395778205e+00 3.041510253847773182e+00
1.164918413982273115e+01 4.521386851295703835e+00 6.064801883241901947e+00 2.977971819349506166e+00
1.165534676567563999e+01 4.459935811598815469e+00 6.005689856419360595e+00 2.914181766778270344e+00
1.166150939152854704e+01 4.398316908774920542e+00 5.946387581048966808e+00 2.850246236500873831e+00
1.166767201738145587e+01 4.336627222905670820e+00 5.886789133901810800e+00 2.786465311909531284e+00
1.167383464323436471e+01 4.274862608038788814e+00 5.826912161135419765e+00 2.722813054942158306e+00
1.167999726908727354e+01 4.212920738160919498e+00 5.766700478677466712e+00 2.659140997644372284e+00
1.168615989494018059e+01 4.150846354911249314e+00 5.706837110900512045e+00 2.594855598921986584e+00
1.169232252079308942e+01 4.088658226519974903e+00 5.647123151212037229e+00 2.530193301827913022e+00
1.169848514664599648e+01 4.026297353724026529e+00 5.587031969122805641e+00 2.465562738325247416e+00
1.170464777249890531e+01 3.963832562915801550e+00 5.526727144085972654e+00 2.400937981745630445e+00
1.171081039835181414e+01 3.901290451479440424e+00 5.466381576682162624e+00 2.336199326276718224e+00
1.171697302420472120e+01 3.838643950426373408e+00 5.406226720955512377e+00 2.271061179897234883e+00
1.172313565005763003e+01 3.775760326032036041e+00 5.345720837029406702e+00 2.205799815034665379e+00
1.172929827591053886e+01 3.712754448092208115e+00 5.285030225575412466e+00 2.140478670609003764e+00
1.173546090176344592e+01 3.649635207989747610e+00 5.224163014812605255e+00 2.075107401166890408e+00
1.174162352761635475e+01 3.586294757801172572e+00 5.163472233347552454e+00 2.009117282254792691e+00
1.174778615346926358e+01 3.522873995997762187e+00 5.102564512391468909e+00 1.943183479604055242e+00
1.175394877932217064e+01 3.459391147615637152e+00 5.041232824913433497e+00 1.877549470317841029e+00
1.176011140517507947e+01 3.395588958071975583e+00 4.979693513720064857e+00 1.811484402423886308e+00
1.176627403102798830e+01 3.331651374981878799e+00 4.918372967548467756e+00 1.744929782415290287e+00
1.177243665688089536e+01 3.267585148258094652e+00 4.857350254780401499e+00 1.677820041735787804e+00
1.177859928273380419e+01 3.203519824644019298e+00 4.795609452600093192e+00 1.611430196687945626e+00
1.178476190858671302e+01 3.139303340521825803e+00 4.733679653845000779e+00 1.544927027198651048e+00
1.179092453443962007e+01 3.074932132012653696e+00 4.671590940835115724e+00 1.478273323190191446e+00
1.179708716029252891e+01 3.010312626320859053e+00 4.609574839302691629e+00 1.411050413339026699e+00
1.180324978614543774e+01 2.945579350992051371e+00 4.547488777552645800e+00 1.343669924431456497e+00
1.180941241199834479e+01 2.880743944991309924e+00 4.485281960328902251e+00 1.276205929653717597e+00
1.181557503785125363e+01 2.815747594390145547e+00 4.422584995014884335e+00 1.208910193765406538e+00
1.182173766370416246e+01 2.750608206037525871e+00 4.359702555333875296e+00 1.141513856741176669e+00
1.182790028955706951e+01 2.685345617311667876e+00 4.296729069013324853e+00 1.073962165610010899e+00
1.183406291540997834e+01 2.619880540604607067e+00 4.233763857318226798e+00 1.005997223890987335e+00
1.184022554126288718e+01 2.554408500869495668e+00 4.170741011398841458e+00 9.380759903401498789e-01
1.184638816711579423e+01 2.488865552998399622e+00 4.107612758963878896e+00 8.701183470329201253e-01
1.185255079296870306e+01 2.423142744532389870e+00 4.044261019953237835e+00 8.020244691115419045e-01
1.185871341882161190e+01 2.357226013243357343e+00 3.980603091232552515e+00 7.338489352541619493e-01
1.186487604467451895e+01 2.291213470551958675e+00 3.916797206257160546e+00 6.656297348467570263e-01
1.187103867052742778e+01 2.225105773569104439e+00 3.852847278611856829e+00 5.973642685263522711e-01
1.187720129638033484e+01 2.158820542526639130e+00 3.788879300263271688e+00 5.287617847900065726e-01
1.188336392223324367e+01 2.092449736107371283e+00 3.724764886604257974e+00 4.601345856104843701e-01
1.188952654808615250e+01 2.025993222658894588e+00 3.660453330312698483e+00 3.915331150050906928e-01
1.189568917393906133e+01 1.959346730181723784e+00 3.595708120503879002e+00 3.229853398595685654e-01
1.190185179979196839e+01 1.892605859765772447e+00 3.530939652900051406e+00 2.542720666314934874e-01
1.190801442564487722e+01 1.825776777928034278e+00 3.466170027742375037e+00 1.853835281136935187e-01
1.191417705149778428e+01 1.758934610746254235e+00 3.401508922131269763e+00 1.163602993612384839e-01
1.192033967735069311e+01 1.691878446920812351e+00 3.336538732958922893e+00 4.721816088270158751e-02
1.192650230320360194e+01 1.624633252980160592e+00 3.271299164910914214e+00 -2.203265895059325352e-02
1.193266492905651077e+01 1.557160342487497573e+00 3.205761574725813468e+00 -9.144088975081854365e-02
1.193882755490941783e+01 1.489627979651438894e+00 3.140181684013364283e+00 -1.609257247104867172e-01
1.194499018076232666e+01 1.422029327621984862e+00 3.074664716937895115e+00 -2.306060616939253904e-01
1.195115280661523371e+01 1.354278421585011216e+00 3.009544745403702315e+00 -3.009879022336801047e-01
1.195731543246814255e+01 1.286409004239846832e+00 2.943756664938061540e+00 -3.709386564583676549e-01
1.196347805832105138e+01 1.218393787975555531e+00 2.877698411841276283e+00 -4.409108358901652203e-01
1.196964068417395843e+01 1.150085956788461594e+00 2.811626602382952811e+00 -5.114546888060298446e-01
1.197580331002686727e+01 1.081633403448196473e+00 2.745667993108638960e+00 -5.824011862122460137e-01
1.198196593587977610e+01 1.013145086787392790e+00 2.679806948519053655e+00 -6.535167749442678531e-01
1.198812856173268315e+01 9.446629298176394407e-01 2.614085283412947103e+00 -7.247594237776682213e-01
1.199429118758559198e+01 8.758727537041806066e-01 2.547005916410845394e+00 -7.952604090024841810e-01
1.200045381343850082e+01 8.069228603737071959e-01 2.480069316863145357e+00 -8.662235961157310760e-01
1.200661643929140787e+01 7.378064406271853670e-01 2.413675085568878664e+00 -9.380622043145081523e-01
1.201277906514431670e+01 6.684430730210698668e-01 2.347695913158158287e+00 -1.010809767116018776e+00
1.201894169099722554e+01 5.990505139133104340e-01 2.281517863739071839e+00 -1.083416835912450971e+00
1.202510431685013259e+01 5.296421254306244997e-01 2.215069865300830720e+00 -1.155785614439581721e+00
1.203126694270304142e+01 4.599820783085870612e-01 2.146864354004539344e+00 -1.226900197387365221e+00
1.203742956855595025e+01 3.900121167250450438e-01 2.078713465768483371e+00 -1.298689232318393172e+00
1.204359219440885731e+01 3.197921569778194306e-01 2.010743764093034791e+00 -1.371159450137395819e+00
1.204975482026176614e+01 2.496645756878279887e-01 1.944290629509933366e+00 -1.444961478134277444e+00
1.205591744611467497e+01 1.794444037926738733e-01 1.877276588096450816e+00 -1.518387780511103013e+00
1.206208007196758203e+01 1.090841015401780301e-01 1.809629311500504878e+00 -1.591461108420148873e+00
1.206824269782049086e+01 3.827232389654240674e-02 1.740418940579254281e+00 -1.663874292786169606e+00
1.207440532367339969e+01 -3.269687372335768061e-02 1.671829134710104636e+00 -1.737222882156820081e+00
1.208056794952630675e+01 -1.037897096094641536e-01 1.603720316170710536e+00 -1.811299735389638954e+00
1.208673057537921558e+01 -1.750632727480697370e-01 1.536302339529836747e+00 -1.886428885025976054e+00
1.209289320123212264e+01 -2.464643340812930905e-01 1.467544357220905926e+00 -1.960473025383492107e+00
1.209905582708503147e+01 -3.180116128552087917e-01 1.397991804076761158e+00 -2.034015029787178630e+00
1.210521845293794030e+01 -3.898064521452029862e-01 1.327552317062867138e+00 -2.107165221353273221e+00
1.211138107879084913e+01 -4.617855602727595210e-01 1.258882877395539168e+00 -2.182453997941058432e+00
1.211754370464375619e+01 -5.339015969104773385e-01 1.190288876724946654e+00 -2.258092070545901109e+00
1.212370633049666502e+01 -6.061865229044010039e-01 1.121253974834296452e+00 -2.333627020643098682e+00
1.212986895634957207e+01 -6.787399037539314506e-01 1.050392363622900449e+00 -2.407872171130763128e+00
1.213603158220248091e+01 -7.514193926818540925e-01 9.797764436988342096e-01 -2.482615229062542284e+00
1.214219420805538974e+01 -8.242220180606205648e-01 9.096789383084866731e-01 -2.558122974429728025e+00
1.214835683390829857e+01 -8.974538010922027409e-01 8.403549863885181326e-01 -2.635262588572923725e+00
1.215451945976120562e+01 -9.708535160769713457e-01 7.708541700513289463e-01 -2.712561202205271638e+00
1.216068208561411446e+01 -1.044418633841025734e+00 7.010418507624993634e-01 -2.789879118444551054e+00
1.216684471146702151e+01 -1.118264153138645911e+00 6.289985546247369719e-01 -2.865526860902028794e+00
1.217300733731993034e+01 -1.192244498972337752e+00 5.569652061766139362e-01 -2.941454204121289440e+00
1.217916996317283918e+01 -1.266344999488810963e+00 4.851834992847881001e-01 -3.017873498262409804e+00
1.218533258902574623e+01 -1.340632961443072313e+00 4.150125526127477205e-01 -3.096278475498892568e+00
1.219149521487865506e+01 -1.415201984533659640e+00 3.435106848029469973e-01 -3.173914653870266278e+00
1.219765784073156389e+01 -1.489967789579368151e+00 2.712051784514548647e-01 -3.251140757610190946e+00
1.220382046658447095e+01 -1.564956140255751027e+00 1.983421269738581127e-01 -3.328254407485360389e+00
1.220998309243737978e+01 -1.639966544201712395e+00 1.266817738303713803e-01 -3.406614862233796170e+00
1.221614571829028861e+01 -1.715176673037796640e+00 5.514909267899748002e-02 -3.485502438754590759e+00
1.222230834414319567e+01 -1.790884121138768492e+00 -1.713623936031827277e-02 -3.564632002917218934e+00
1.222847096999610450e+01 -1.866812961093717860e+00 -9.068269742676515754e-02 -3.642943224760670340e+00
1.223463359584901333e+01 -1.942793892943473821e+00 -1.644016730343991206e-01 -3.721186112852548522e+00
1.224079622170192039e+01 -2.018778361455394688e+00 -2.379120297876968770e-01 -3.799644693123092498e+00
1.224695884755482922e+01 -2.095163791636891037e+00 -3.110104408686296118e-01 -3.879317142405152463e+00
1.225312147340773805e+01 -2.171784658221601383e+00 -3.846473373270162810e-01 -3.958921979116186485e+00
1.225928409926064511e+01 -2.248655797586519789e+00 -4.590819517998190324e-01 -4.038229643373220767e+00
1.226544672511355394e+01 -2.325899976386398116e+00 -5.336557790640870103e-01 -4.118144173708708777e+00
1.227160935096646277e+01 -2.402991840580584793e+00 -6.077868262066883354e-01 -4.198196854954481694e+00
1.227777197681936983e+01 -2.479941921595138155e+00 -6.815167240246871039e-01 -4.278367119165588761e+00
1.228393460267227866e+01 -2.557613046277180668e+00 -7.566115721771915492e-01 -4.358614520377170010e+00
1.229009722852518749e+01 -2.635675265581429727e+00 -8.324224183286388357e-01 -4.438928112834220840e+00
1.229625985437809454e+01 -2.713960501854090879e+00 -9.085082389620617871e-01 -4.519412764746119748e+00
1.230242248023100338e+01 -2.791672224914961031e+00 -9.824487556603260785e-01 -4.600895694169595984e+00
1.230858510608391043e+01 -2.869863276028916665e+00 -1.057666724869215535e+00 -4.682059827188617795e+00
1.231474773193681926e+01 -2.948452628182701929e+00 -1.133856461624580758e+00 -4.763048794740822878e+00
1.232091035778972810e+01 -3.027647998084177061e+00 -1.211257457375137347e+00 -4.844038538793216553e+00
1.232707298364263693e+01 -3.106844065873309191e+00 -1.287810830610917501e+00 -4.925877301135701103e+00
1.233323560949554398e+01 -3.185930442795736450e+00 -1.363912829268107085e+00 -5.007948056323366259e+00
1.233939823534845281e+01 -3.264695774448362453e+00 -1.439666687525407829e+00 -5.089724861371316855e+00
1.234556086120135987e+01 -3.344168977774559348e+00 -1.517984883014558806e+00 -5.170353072534560113e+00
1.235172348705426870e+01 -3.424178723428533022e+00 -1.596442954642510514e+00 -5.251914492214555530e+00
1.235788611290717753e+01 -3.504904908453676082e+00 -1.673808267758813972e+00 -5.336001549148537748e+00
1.236404873876008637e+01 -3.584727944731993965e+00 -1.750263026091668950e+00 -5.419192863372319202e+00
1.237021136461299342e+01 -3.664645237760344898e+00 -1.827593655878645862e+00 -5.501696819642043934e+00
1.237637399046590225e+01 -3.744912586932688470e+00 -1.906439925655704304e+00 -5.583385248209673080e+00
1.238253661631880931e+01 -3.826625076925349145e+00 -1.987187101878288065e+00 -5.666063051972409781e+00
1.238869924217171814e+01 -3.907976693767365450e+00 -2.065986247023589240e+00 -5.749967140511142105e+00
1.239486186802462697e+01 -3.988824058195187927e+00 -2.142530174618718419e+00 -5.835117941771657435e+00
1.240102449387753403e+01 -4.069610726969920655e+00 -2.222029108615066306e+00 -5.917192345324775005e+00
1.240718711973044286e+01 -4.151305327992854899e+00 -2.302930832182644494e+00 -5.999679823803065304e+00
1.241334974558335169e+01 -4.233768183683878306e+00 -2.384764249962707972e+00 -6.082772117405048640e+00
1.241951237143625875e+01 -4.316452083390122318e+00 -2.464192639864453582e+00 -6.168711526915791055e+00
1.242567499728916758e+01 -4.398341567230298566e+00 -2.542174656113599163e+00 -6.254508478346997968e+00
1.243183762314207641e+01 -4.479991040161200644e+00 -2.620323330849801735e+00 -6.339658749472599553e+00
1.243800024899498347e+01 -4.562934052124783868e+00 -2.704035358200187922e+00 -6.421832746049379814e+00
1.244416287484789230e+01 -4.646874611642309638e+00 -2.785705466019988030e+00 -6.508043757264631246e+00
1.245032550070080113e+01 -4.730802310267548272e+00 -2.865787457580064590e+00 -6.595817162955031954e+00
1.245648812655370818e+01 -4.813235603082008041e+00 -2.943574183014967538e+00 -6.682897023149048543e+00
1.246265075240661702e+01 -4.896364549376800213e+00 -3.026126503511894050e+00 -6.766602595241706375e+00
1.246881337825952585e+01 -4.980471774508564486e+00 -3.109926296932311374e+00 -6.851017252084817599e+00
1.247497600411243290e+01 -5.066330340142038757e+00 -3.193294291591900702e+00 -6.939366388692176812e+00
1.248113862996534174e+01 -5.150736617459795497e+00 -3.272734939361592765e+00 -7.028738295557998228e+00
1.248730125581825057e+01 -5.234734170633338124e+00 -3.353099143615150268e+00 -7.116369197651525980e+00
1.249346388167115762e+01 -5.318509088818014874e+00 -3.436195518084500744e+00 -7.200822659551528560e+00
1.249962650752406645e+01 -5.405271165919671716e+00 -3.522008111398737817e+00 -7.288534220440605615e+00
1.250578913337697529e+01 -5.491827901341225449e+00 -3.605275728442765892e+00 -7.378380074239684561e+00
1.251195175922988234e+01 -5.577798143718491808e+00 -3.685146447586652663e+00 -7.470449839850330953e+00
1.251811438508279117e+01 -5.662150536474809037e+00 -3.766060031318350099e+00 -7.558241041631267976e+00
1.252427701093569823e+01 -5.748502707398620792e+00 -3.851015914163227194e+00 -7.645989500634014391e+00
1.253043963678860706e+01 -5.836688011278959642e+00 -3.939122669616716088e+00 -7.734253352941203197e+00
1.253660226264151589e+01 -5.924963199157643245e+00 -4.019666478446456637e+00 -7.830259919868829854e+00
1.254276488849442472e+01 -6.011089770123759557e+00 -4.099679285453576405e+00 -7.922500254793942709e+00
1.254892751434733178e+01 -6.096446084759419293e+00 -4.180584254029371394e+00 -8.012307915489467192e+00
1.255509014020024061e+01 -6.186116372813234676e+00 -4.269497611550756133e+00 -8.102735134075713219e+00
1.256125276605314767e+01 -6.276017479504377938e+00 -4.353275024727286890e+00 -8.198759934281468986e+00
1.256741539190605650e+01 -6.365098046092994899e+00 -4.435302629099389549e+00 -8.294893463086600249e+00
1.257357801775896533e+01 -6.450628950947545626e+00 -4.520228337820395126e+00 -8.381029564074696125e+00
1.257974064361187416e+01 -6.540235798573515780e+00 -4.607464930685496896e+00 -8.473006666461534664e+00
1.258590326946478122e+01 -6.631481505567795587e+00 -4.694473658364072044e+00 -8.568489352771518242e+00
1.259206589531769005e+01 -6.723346778602074636e+00 -4.778880821652604638e+00 -8.667812735551544634e+00
1.259822852117059711e+01 -6.810843229041401159e+00 -4.863674787191280657e+00 -8.758011670891521661e+00
1.260439114702350594e+01 -6.899429052417253239e+00 -4.950309452879242400e+00 -8.848548651955264077e+00
1.261055377287641477e+01 -6.991760734705906088e+00 -5.040134562373875582e+00 -8.943386907037936595e+00
1.261671639872932182e+01 -7.085341099216563521e+00 -5.127177884659865015e+00 -9.043504313773262027e+00
1.262287902458223066e+01 -7.176409763882086068e+00 -5.213593131218722476e+00 -9.139226396545449660e+00
1.262904165043513949e+01 -7.263920776937721868e+00 -5.299621712889425851e+00 -9.228219840986017886e+00
1.263520427628804654e+01 -7.357660148737974026e+00 -5.392159924341530797e+00 -9.323160373134417256e+00
1.264136690214095537e+01 -7.452422102813486049e+00 -5.483241154207801671e+00 -9.421603051419170427e+00
1.264752952799386421e+01 -7.547690656841927748e+00 -5.572562818421543440e+00 -9.522818495262312055e+00
1.265369215384677126e+01 -7.635789720416928716e+00 -5.659990670669989399e+00 -9.611588770163868034e+00
1.265985477969968009e+01 -7.728468920453147817e+00 -5.752073879430540160e+00 -9.704863961475755474e+00
1.266601740555258893e+01 -7.824637494405918048e+00 -5.846996271343726903e+00 -9.802278717468109193e+00
1.267218003140549598e+01 -7.921611471518454906e+00 -5.937095935103181787e+00 -9.906127007933728024e+00
1.267834265725840481e+01 -8.013531637078072478e+00 -6.026030022738670056e+00 -1.000103325141747490e+01
1.268450528311131364e+01 -8.104637162923790328e+00 -6.115231705089536618e+00 -1.009404262075804404e+01
1.269066790896422070e+01 -8.204257040465462225e+00 -6.208406963797429512e+00 -1.020010711713349494e+01
1.269683053481712953e+01 -8.301651292696716311e+00 -6.301770710787112151e+00 -1.030153187460632047e+01
1.270299316067003836e+01 -8.396633161713147331e+00 -6.394704833503677577e+00 -1.039856148992261708e+01
1.270915578652294542e+01 -8.487150461153261105e+00 -6.486194514638428110e+00 -1.048810640766809499e+01
1.271531841237585425e+01 -8.587154027084638486e+00 -6.583017582054011996e+00 -1.059129047211526498e+01
1.272148103822876308e+01 -8.687413399356183064e+00 -6.680203647689229030e+00 -1.069462315102313710e+01
1.272764366408167014e+01 -8.783244888956055263e+00 -6.775342496818947069e+00 -1.079114728109316346e+01
1.273380628993457897e+01 -8.876651960337389013e+00 -6.869084722243432140e+00 -1.088421919843134589e+01
1.273996891578748603e+01 -8.974377783167184930e+00 -6.964959576800756835e+00 -1.098379598953361302e+01
1.274613154164039486e+01 -9.078998734215360855e+00 -7.064283892210126758e+00 -1.109371357622059406e+01
1.275229416749330369e+01 -9.173067382375021950e+00 -7.159276991694274450e+00 -1.118685777305577034e+01
1.275845679334621252e+01 -9.268774248229064483e+00 -7.254985892945446935e+00 -1.128256260351268203e+01
1.276461941919911958e+01 -9.367095921778398449e+00 -7.351814177131775097e+00 -1.138237766642502180e+01
1.277078204505202841e+01 -9.472666228312569103e+00 -7.451533312589382341e+00 -1.149379914403575498e+01
1.277694467090493546e+01 -9.571001050784795794e+00 -7.548221447820083085e+00 -1.159378065374950850e+01
1.278310729675784430e+01 -9.664493807122752855e+00 -7.642643329982458766e+00 -1.168634428426304694e+01
1.278926992261075313e+01 -9.768834101648289803e+00 -7.739143368065962036e+00 -1.179852483523061757e+01
1.279543254846366196e+01 -9.872435544239886340e+00 -7.839280965547532176e+00 -1.190559012293224050e+01
1.280159517431656901e+01 -9.974064907150332004e+00 -7.940671541845877535e+00 -1.200745827245478736e+01
1.280775780016947785e+01 -1.006774828129289645e+01 -8.037210661816336810e+00 -1.209828590076945609e+01
1.281392042602238490e+01 -1.017176308899659887e+01 -8.137357865751273067e+00 -1.220616831224192467e+01
1.282008305187529373e+01 -1.027816300443137365e+01 -8.239948613092888507e+00 -1.231637739576985879e+01
1.282624567772820257e+01 -1.037775715272388766e+01 -8.345417086701086617e+00 -1.241009721874668870e+01
1.283240830358110962e+01 -1.047601987298275361e+01 -8.441435349378400232e+00 -1.251060439658710699e+01
1.283857092943401845e+01 -1.057785155504507557e+01 -8.537838255147974564e+00 -1.261786485494217658e+01
1.284473355528692728e+01 -1.068859242589821434e+01 -8.641405148252852442e+00 -1.273577970354357625e+01
1.285089618113983434e+01 -1.078642941160670610e+01 -8.742845138138605421e+00 -1.283001368507480677e+01
1.285705880699274317e+01 -1.088604531516366869e+01 -8.841989568733994886e+00 -1.293010106159334249e+01
1.286322143284565200e+01 -1.099240281667432839e+01 -8.938043417378006339e+00 -1.304676221597065044e+01
1.286938405869855906e+01 -1.110055619234223023e+01 -9.048711466040519014e+00 -1.315240091864394145e+01
1.287554668455146789e+01 -1.120344180295566616e+01 -9.154435759039381892e+00 -1.325244784687195043e+01
1.288170931040437672e+01 -1.129981331156859881e+01 -9.252658736549735252e+00 -1.334696788658746236e+01
1.288787193625728378e+01 -1.141325588211343245e+01 -9.356660125300738429e+00 -1.346985163892612647e+01
1.289403456211019261e+01 -1.152004394247428110e+01 -9.465375290633257777e+00 -1.357471259431530441e+01
1.290019718796310144e+01 -1.162089530254124270e+01 -9.576793954149911414e+00 -1.366499665093257398e+01
1.290635981381600850e+01 -1.172393491667293297e+01 -9.666943450474780875e+00 -1.378092638287108507e+01
1.291252243966891733e+01 -1.183364712806168484e+01 -9.772785124872919837e+00 -1.389450913125044984e+01
1.291868506552182438e+01 -1.194542483335077776e+01 -9.886869119012592577e+00 -1.400398054768896294e+01
1.292484769137473322e+01 -1.204243244924191281e+01 -9.987390950489455577e+00 -1.409747394799437004e+01
1.293101031722764205e+01 -1.215153307603124944e+01 -1.009234340359164861e+01 -1.421072274847085026e+01
1.293717294308055088e+01 -1.226455181596859134e+01 -1.020195288062726391e+01 -1.432715075130991877e+01
1.294333556893345794e+01 -1.237040439938765957e+01 -1.032097275256925784e+01 -1.441983604620606130e+01
1.294949819478636677e+01 -1.247394309570691462e+01 -1.041854443495756932e+01 -1.452934175645625992e+01
1.295566082063927382e+01 -1.258107128342212633e+01 -1.051718440134954591e+01 -1.464495816549470675e+01
1.296182344649218265e+01 -1.269919169921748292e+01 -1.063670722362613219e+01 -1.476167617480883365e+01
1.296798607234509149e+01 -1.280103365124841375e+01 -1.074593411211228045e+01 -1.485613319038454705e+01
1.297414869819800032e+01 -1.290587519386101434e+01 -1.085267517010525040e+01 -1.495907521761677827e+01
1.298031132405090737e+01 -1.302246728951504018e+01 -1.095898040414223829e+01 -1.508595417488784207e+01
1.298647394990381621e+01 -1.313170410975414981e+01 -1.108260324549331344e+01 -1.518080497401498619e+01
1.299263657575672326e+01 -1.323826999559084072e+01 -1.119789315997684120e+01 -1.527864683120484024e+01
1.299879920160963209e+01 -1.334245671459156668e+01 -1.129866091019324692e+01 -1.538625251898988644e+01
1.300496182746254092e+01 -1.346267807831610597e+01 -1.141521007246131703e+01 -1.551014608417089491e+01
1.301112445331544976e+01 -1.357275826054344847e+01 -1.152682971737418427e+01 -1.561868680371271267e+01
1.301728707916835681e+01 -1.367315000447786311e+01 -1.163303448589579681e+01 -1.571326552305992941e+01
1.302344970502126564e+01 -1.379225146966611248e+01 -1.173796705715536604e+01 -1.584653588217685893e+01
1.302961233087417270e+01 -1.390573289262340850e+01 -1.185434988944174606e+01 -1.595711589580507095e+01
1.303577495672708153e+01 -1.401489958583970896e+01 -1.197684091003395324e+01 -1.605295826164546469e+01
1.304193758257999036e+01 -1.412246584502318036e+01 -1.208181944898226412e+01 -1.616311224106409838e+01
1.304810020843289919e+01 -1.423933160929524711e+01 -1.219814886217772099e+01 -1.628051435641277322e+01
1.305426283428580625e+01 -1.435726988989398656e+01 -1.231856308337506078e+01 -1.639597669641291233e+01
1.306042546013871508e+01 -1.445827501542240334e+01 -1.243032248443325471e+01 -1.648622754641155197e+01
1.306658808599162214e+01 -1.457475700548775954e+01 -1.254333768735594035e+01 -1.660617632361957874e+01
1.307275071184453097e+01 -1.469297368822080507e+01 -1.265691999257221667e+01 -1.672902738386939347e+01
1.307891333769743980e+01 -1.479942483591559110e+01 -1.277897367616784763e+01 -1.681987599566333458e+01
1.308507596355034686e+01 -1.491162511287589609e+01 -1.289218650731674920e+01 -1.693106371843504476e+01
1.309123858940325569e+01 -1.502770292751627146e+01 -1.300702964870689549e+01 -1.704837620632564921e+01
1.309740121525616452e+01 -1.514859775953378573e+01 -1.313088905365420622e+01 -1.716630646541336347e+01
1.310356384110907157e+01 -1.525465409290482199e+01 -1.324458257763266644e+01 -1.726472560817697754e+01
1.310972646696198041e+01 -1.536705903124952144e+01 -1.335912233484941858e+01 -1.737499572764962608e+01
1.311588909281488924e+01 -1.549188464596843495e+01 -1.347708052742566665e+01 -1.750668876451120326e+01
1.312205171866779629e+01 -1.559669725989398792e+01 -1.359121355686784938e+01 -1.760218096292012646e+01
1.312821434452070513e+01 -1.570861527411827829e+01 -1.371109551955960981e+01 -1.770613502867694677e+01
1.313437697037361218e+01 -1.582935825781510175e+01 -1.383734338141347564e+01 -1.782137313421672786e+01
1.314053959622652101e+01 -1.594350384257333531e+01 -1.395899380863938077e+01 -1.792801387650728984e+01
1.314670222207942984e+01 -1.605597108289837394e+01 -1.407906996863281357e+01 -1.803287219716393253e+01
1.315286484793233868e+01 -1.616815994431457426e+01 -1.419815598543914703e+01 -1.813816390319000149e+01
1.315902747378524573e+01 -1.629106281314204452e+01 -1.431425696512646262e+01 -1.826786866115762464e+01
1.316519009963815456e+01 -1.640248656143561234e+01 -1.442263213798105070e+01 -1.838234098489017398e+01
1.317135272549106162e+01 -1.651028487959611013e+01 -1.453528637083566721e+01 -1.848528338835655305e+01
1.317751535134397045e+01 -1.663430247211514512e+01 -1.469112264412344260e+01 -1.857748230010684765e+01
1.318367797719687928e+01 -1.674666341480316945e+01 -1.480140270095630761e+01 -1.869192412865002950e+01
1.318984060304978811e+01 -1.685662429802940920e+01 -1.490384086598860058e+01 -1.880940773007021960e+01
1.319600322890269517e+01 -1.697484979505605196e+01 -1.504351523660459833e+01 -1.890618435350750559e+01
1.320216585475560400e+01 -1.709080660079868963e+01 -1.517810552735501517e+01 -1.900350767424236409e+01
1.320832848060851106e+01 -1.720420035022583960e+01 -1.529669077498211038e+01 -1.911170992546956882e+01
1.321449110646141989e+01 -1.731337883217780060e+01 -1.538341004618676067e+01 -1.924334761816884054e+01
1.322065373231432872e+01 -1.743129711996360953e+01 -1.552994832689090998e+01 -1.933264591303630908e+01
1.322681635816723755e+01 -1.754569803963536856e+01 -1.565913656106145879e+01 -1.943225951820927833e+01
1.323297898402014461e+01 -1.765193953220790846e+01 -1.574550955450769685e+01 -1.955836950990811829e+01
1.323914160987305344e+01 -1.777236750616376426e+01 -1.588613099115973526e+01 -1.965860402116779326e+01
1.324530423572596050e+01 -1.788748616862228147e+01 -1.601832680222035066e+01 -1.975664553502421228e+01
1.325146686157886933e+01 -1.799486190728146084e+01 -1.613499885931202371e+01 -1.985472495525089798e+01
1.325762948743177816e+01 -1.810702152855921554e+01 -1.625437573292471782e+01 -1.995966732419371326e+01
1.326379211328468699e+01 -1.822058233132521821e+01 -1.638222480360778377e+01 -2.005893985904265264e+01
1.326995473913759405e+01 -1.833486008819325974e+01 -1.651512398527172465e+01 -2.015459619111479483e+01
1.327611736499050288e+01 -1.844227028358524834e+01 -1.661449465974938278e+01 -2.027004590742111390e+01
1.328227999084340993e+01 -1.855505223490862576e+01 -1.673549817859036182e+01 -2.037460629122688971e+01
1.328844261669631877e+01 -1.866964069915489688e+01 -1.686543136006994814e+01 -2.047385003823984562e+01
1.329460524254922760e+01 -1.877376776586186935e+01 -1.696333474975618216e+01 -2.058420078196755654e+01
1.330076786840213465e+01 -1.888440547712682616e+01 -1.709153331942924936e+01 -2.067727763482440295e+01
1.330693049425504348e+01 -1.899737941634151639e+01 -1.722644944302393455e+01 -2.076830938965909823e+01
1.331309312010795232e+01 -1.910754824367462845e+01 -1.733306505201061043e+01 -2.088203143533864647e+01
1.331925574596085937e+01 -1.921471888425757157e+01 -1.744667992852708238e+01 -2.098275783998806077e+01
1.332541837181376820e+01 -1.932198525598992234e+01 -1.756684758322421303e+01 -2.107712292875563165e+01
1.333158099766667704e+01 -1.943195741497771323e+01 -1.769750094241082650e+01 -2.116641388754459996e+01
1.333774362351958409e+01 -1.953724923297874483e+01 -1.780731467136733315e+01 -2.126718379459015651e+01
1.334390624937249292e+01 -1.964442876266528515e+01 -1.792389232354141271e+01 -2.136496520178915759e+01
1.335006887522539998e+01 -1.975672521803923587e+01 -1.806034460384000440e+01 -2.145310583223846734e+01
1.335623150107830881e+01 -1.986134126730798499e+01 -1.816553271891650922e+01 -2.155714981569946076e+01
1.336239412693121764e+01 -1.996521538835327547e+01 -1.827987002786197124e+01 -2.165056074884457971e+01
1.336855675278412647e+01 -2.006926757745677747e+01 -1.841080163391901081e+01 -2.172773352099454414e+01
1.337471937863703353e+01 -2.017297811986981060e+01 -1.852256459722958581e+01 -2.182339164251003538e+01
1.338088200448994236e+01 -2.027779754231374909e+01 -1.863913873288070988e+01 -2.191645635174678830e+01
1.338704463034284942e+01 -2.038359788955225937e+01 -1.876138538298006253e+01 -2.200581039612445622e+01
1.339320725619575825e+01 -2.048709602437520871e+01 -1.889315161622938533e+01 -2.208104043252103210e+01
1.339936988204866708e+01 -2.058918402763042366e+01 -1.900749116312146114e+01 -2.217087689213938617e+01
1.340553250790157591e+01 -2.069222896244561838e+01 -1.908046090798877614e+01 -2.230399701690246062e+01
1.341169513375448297e+01 -2.081013848061731153e+01 -1.893683209222560038e+01 -2.268344486900902268e+01
1.341785775960739180e+01 -2.091603416444981178e+01 -1.897862304055945160e+01 -2.285344528834017197e+01
1.342402038546029885e+01 -2.101517463000257990e+01 -1.911848251484392947e+01 -2.291186674516123034e+01
1.343018301131320769e+01 -2.111262460794443996e+01 -1.925814680169126802e+01 -2.296710241419761189e+01
1.343634563716611652e+01 -2.120841185922431649e+01 -1.940088719953217833e+01 -2.301593651891645465e+01
1.344250826301902535e+01 -2.130985187381005375e+01 -1.955001803234859281e+01 -2.306968571527151468e+01
1.344867088887193241e+01 -2.142879575213829924e+01 -1.971375397884917646e+01 -2.314383752542742201e+01
1.345483351472484124e+01 -2.154098922985682663e+01 -1.986735062081251968e+01 -2.321462783890113357e+01
1.346099614057774829e+01 -2.164547887438749285e+01 -2.001808729657608055e+01 -2.327287045219890516e+01
1.346715876643065712e+01 -2.173813316477097857e+01 -2.016816675423292082e+01 -2.330809957530903631e+01
1.347332139228356596e+01 -2.184683065902497745e+01 -2.032282962432931939e+01 -2.337083169372063551e+01
1.347948401813647479e+01 -2.195473068076143619e+01 -2.040219779353038021e+01 -2.350726356799249217e+01
1.348564664398938184e+01 -2.205816214017983157e+01 -2.054515297543084529e+01 -2.357117130492881785e+01
1.349180926984229068e+01 -2.215576077544286093e+01 -2.068680426794142235e+01 -2.362471728294429951e+01
1.349797189569519773e+01 -2.224849481611763480e+01 -2.082396126617662091e+01 -2.367302836605864869e+01
1.350413452154810656e+01 -2.233674004143713532e+01 -2.095646942379994471e+01 -2.371701065907432593e+01
1.351029714740101539e+01 -2.244184590070305774e+01 -2.109220147081028784e+01 -2.379149033059582763e+01
1.351645977325392245e+01 -2.254840728143605944e+01 -2.123982265752627896e+01 -2.385699190534583991e+01
1.352262239910683128e+01 -2.265533599604627568e+01 -2.139286932829346810e+01 -2.391780266379908326e+01
1.352878502495974011e+01 -2.275464184812276613e+01 -2.152433003124754407e+01 -2.398495366499798820e+01
1.353494765081264717e+01 -2.284178172318032196e+01 -2.165227547750341586e+01 -2.403128796885722807e+01
1.354111027666555600e+01 -2.292087421973473838e+01 -2.177342201126765531e+01 -2.406832642820182144e+01
1.354727290251846483e+01 -2.299539506310610903e+01 -2.187095763919321101e+01 -2.411983248701900706e+01
1.355343552837137189e+01 -2.309101390548435973e+01 -2.200371358719043258e+01 -2.417831422377828687e+01
1.355959815422428072e+01 -2.318494681076652597e+01 -2.214002493157735429e+01 -2.422986868995569765e+01
1.356576078007718777e+01 -2.324551079298393574e+01 -2.224075066045754667e+01 -2.425027092551032482e+01
1.357192340593009661e+01 -2.329039667850189232e+01 -2.232160903586233403e+01 -2.425918432114145062e+01
1.357808603178300544e+01 -2.333736031505136665e+01 -2.240345666912432421e+01 -2.427126396097840910e+01
1.358424865763591427e+01 -2.339870097904461943e+01 -2.249992835084099951e+01 -2.429747360724823935e+01
1.359041128348882133e+01 -2.343300048190581464e+01 -2.257338637117278068e+01 -2.429261459263884859e+01
1.359657390934173016e+01 -2.345600591768887000e+01 -2.263582602336407135e+01 -2.427618581201366865e+01
1.360273653519463721e+01 -2.346865864529268464e+01 -2.268722804033341234e+01 -2.425008925025195694e+01
1.360889916104754604e+01 -2.347953904487997789e+01 -2.273530426516595071e+01 -2.422377382459400508e+01
1.361506178690045488e+01 -2.349526689242887656e+01 -2.278791040268312784e+01 -2.420262338217462528e+01
1.362122441275336371e+01 -2.351684727058309221e+01 -2.284614720097848206e+01 -2.418754734018770236e+01
1.362738703860627076e+01 -2.353021679889894102e+01 -2.307865958642529947e+01 -2.398177401137258258e+01
1.363354966445917960e+01 -2.353980946787607920e+01 -2.308674910968093030e+01 -2.399286982607122809e+01
1.363971229031208665e+01 -2.354605902810030571e+01 -2.309161767336401994e+01 -2.400050038283659148e+01
1.364587491616499548e+01 -2.355145476842285035e+01 -2.309588459054936749e+01 -2.400702494629633321e+01
1.365203754201790431e+01 -2.355621842327127524e+01 -2.309959501915660240e+01 -2.401284182738594808e+01
1.365820016787081315e+01 -2.356049461362543340e+01 -2.310288183500125569e+01 -2.401810739224961111e+01
1.366436279372372020e+01 -2.356430426908261921e+01 -2.310579099485296695e+01 -2.402281754331227148e+01
1.367052541957662903e+01 -2.356773227668014314e+01 -2.310835077163708817e+01 -2.402711378172319812e+01
1.367668804542953609e+01 -2.357084071840947104e+01 -2.311063031513779364e+01 -2.403105112168114843e+01
1.368285067128244492e+01 -2.357344309708661356e+01 -2.311249101689267604e+01 -2.403439517728055108e+01
1.368901329713535375e+01 -2.357575521020384457e+01 -2.311417826788911256e+01 -2.403733215251857658e+01
1.369517592298826258e+01 -2.357785918998574815e+01 -2.311573522246241552e+01 -2.403998315750908077e+01
1.370133854884116964e+01 -2.357968631065687859e+01 -2.311711225529996128e+01 -2.404226036601379590e+01
1.370750117469407847e+01 -2.358124008128913829e+01 -2.311828078049608948e+01 -2.404419938208218710e+01
1.371366380054698553e+01 -2.358264557817900098e+01 -2.311939076635782087e+01 -2.404590039000018109e+01
1.371982642639989436e+01 -2.358389167896828553e+01 -2.312047465027787752e+01 -2.404730870765869355e+01
1.372598905225280319e+01 -2.358492547891471958e+01 -2.312141760884407660e+01 -2.404843334898536256e+01
1.373215167810571025e+01 -2.358585351955102993e+01 -2.312227987587411349e+01 -2.404942716322794638e+01
1.373831430395861908e+01 -2.358667557726376174e+01 -2.312305827605682751e+01 -2.405029287847069597e+01
1.374447692981152791e+01 -2.358734904839841562e+01 -2.312368593618506196e+01 -2.405101216061176927e+01
1.375063955566443497e+01 -2.358795194880267232e+01 -2.312425146727865766e+01 -2.405165243032668698e+01
1.375680218151734380e+01 -2.358848560575474096e+01 -2.312475620339992588e+01 -2.405221500810955604e+01
1.376296480737025263e+01 -2.358891002858952390e+01 -2.312515760341651827e+01 -2.405266245376252954e+01
1.376912743322315968e+01 -2.358928516227697969e+01 -2.312551023276395412e+01 -2.405306009179000526e+01
1.377529005907606852e+01 -2.358961679223127916e+01 -2.312581979993959891e+01 -2.405341378452295942e+01
1.378145268492897557e+01 -2.358988745206756832e+01 -2.312606892084128063e+01 -2.405370598329385601e+01
1.378761531078188440e+01 -2.359012046420851760e+01 -2.312628171153013312e+01 -2.405395921688690208e+01
1.379377793663479324e+01 -2.359032508188988686e+01 -2.312646899624253649e+01 -2.405418116753723723e+01
1.379994056248770207e+01 -2.359049332348136119e+01 -2.312662907292247993e+01 -2.405435757404024244e+01
1.380610318834060912e+01 -2.359064023642282848e+01 -2.312676802729676950e+01 -2.405451244554888746e+01
1.381226581419351795e+01 -2.359077301944781269e+01 -2.312689301334825842e+01 -2.405465302554736695e+01
1.381842844004642501e+01 -2.359088863365025190e+01 -2.312700106506620301e+01 -2.405477620223430080e+01
1.382459106589933384e+01 -2.359099140880734780e+01 -2.312709648461834178e+01 -2.405488633299635381e+01
1.383075369175224267e+01 -2.359108649465386875e+01 -2.312718436826228086e+01 -2.405498862104545665e+01
1.383691631760515151e+01 -2.359117275538745062e+01 -2.312726362621902254e+01 -2.405508188455587870e+01
1.384307894345805856e+01 -2.359125123467588026e+01 -2.312733530869845566e+01 -2.405516716065330485e+01
1.384924156931096739e+01 -2.359132620796063762e+01 -2.312740361325788641e+01 -2.405524880266338883e+01
1.385540419516387445e+01 -2.359139775861014954e+01 -2.312746863582282231e+01 -2.405532688139747677e+01
1.386156682101678328e+01 -2.359146293909496350e+01 -2.312752753878938350e+01 -2.405539833940054351e+01
1.386772944686969211e+01 -2.359152560937959109e+01 -2.312758402304697114e+01 -2.405546719571221104e+01
1.387389207272260094e+01 -2.359158590167888292e+01 -2.312763821801253883e+01 -2.405553358534522701e+01
1.388005469857550800e+01 -2.359164269546888093e+01 -2.312768916844532896e+01 -2.405559622249243290e+01
1.388621732442841683e+01 -2.359169810203411899e+01 -2.312773884600608554e+01 -2.405565735806215244e+01
1.389237995028132389e+01 -2.359175217822307502e+01 -2.312778730286891005e+01 -2.405571705357723999e+01
1.389854257613423272e+01 -2.359180400570623704e+01 -2.312783369650308885e+01 -2.405577431490938523e+01
1.390470520198714155e+01 -2.359185430330802546e+01 -2.312787870759045461e+01 -2.405582989902559632e+01
1.391086782784005038e+01 -2.359190357615378275e+01 -2.312792280489832919e+01 -2.405588434740923631e+01
1.391703045369295744e+01 -2.359195216878459433e+01 -2.312796634745529900e+01 -2.405593799011388967e+01
1.392319307954586627e+01 -2.359199963232425645e+01 -2.312801016198928039e+01 -2.405598910265923251e+01
1.392935570539877332e+01 -2.359204626352692813e+01 -2.312805468534295628e+01 -2.405603784171089998e+01
1.393551833125168216e+01 -2.359209176377440897e+01 -2.312810106121801468e+01 -2.405608246633080327e+01
1.394168095710459099e+01 -2.359213636344527742e+01 -2.312814651099526486e+01 -2.405612621589528999e+01
1.394784358295749804e+01 -2.359218041783860187e+01 -2.312819139645785071e+01 -2.405616943921935302e+01
1.395400620881040687e+01 -2.359222384365926217e+01 -2.312823562780127062e+01 -2.405621205951725372e+01
1.396016883466331571e+01 -2.359226659885219846e+01 -2.312827829701520344e+01 -2.405625490068919348e+01
1.396633146051622276e+01 -2.359230868549134996e+01 -2.312831825314997758e+01 -2.405629911783272235e+01
1.397249408636913159e+01 -2.359234990677911270e+01 -2.312835438603827498e+01 -2.405634542751995042e+01
1.397865671222204043e+01 -2.359239100502160014e+01 -2.312839057355944661e+01 -2.405639143648375367e+01
1.398481933807494748e+01 -2.359243159552334745e+01 -2.312842635436618366e+01 -2.405643683668051125e+01
1.399098196392785631e+01 -2.359247160922049247e+01 -2.312846165909880725e+01 -2.405648155934217769e+01
1.450000000000000000e+01 -2.359247160922049247e+01 -2.312846165909880725e+01 -2.405648155934217769e+01
