# # logMh LcMh -err(LcMh) +err(LcMh)
9.500000000000000000e+00 7.821561188323853386e+00 8.349029701421297744e+00 7.294092675226409916e+00
9.508493941791398285e+00 7.751773986216966783e+00 8.278474421388825277e+00 7.225073551045107401e+00
9.516987883582796570e+00 7.682181386214242735e+00 8.208346444778863216e+00 7.156016327649622255e+00
9.525481825374194855e+00 7.612624515498240818e+00 8.137980300431461700e+00 7.087268730565019936e+00
9.533975767165593140e+00 7.542803858851919507e+00 8.067536127677875868e+00 7.018071590025963147e+00
9.542469708956991425e+00 7.473024377787464090e+00 7.997238432710897627e+00 6.948810322864030553e+00
9.550963650748389711e+00 7.403226774473719907e+00 7.926958103080968598e+00 6.879495445866471215e+00
9.559457592539789772e+00 7.333274442071284760e+00 7.856425215035244491e+00 6.810123669107325028e+00
9.567951534331188057e+00 7.263134703809114967e+00 7.785772994502740296e+00 6.740496413115489638e+00
9.576445476122586342e+00 7.192973774367271034e+00 7.715111133174940683e+00 6.670836415559601384e+00
9.584939417913984627e+00 7.122910237131065081e+00 7.644514546022358914e+00 6.601305928239771248e+00
9.593433359705382912e+00 7.052614740514510316e+00 7.573870758247472246e+00 6.531358722781548387e+00
9.601927301496781197e+00 6.981971738552540607e+00 7.502966697151359554e+00 6.460976779953721660e+00
9.610421243288179483e+00 6.911530568754238324e+00 7.432135534322791059e+00 6.390925603185685588e+00
9.618915185079577768e+00 6.841019253390092203e+00 7.361280169877189472e+00 6.320758336902994934e+00
9.627409126870976053e+00 6.770307862322500370e+00 7.290083491785906311e+00 6.250532232859094428e+00
9.635903068662374338e+00 6.699464673140935744e+00 7.218791281588893938e+00 6.180138064692977551e+00
9.644397010453772623e+00 6.628475057918276292e+00 7.147346687135785359e+00 6.109603428700767225e+00
9.652890952245170908e+00 6.557694753370277851e+00 7.076150366966186489e+00 6.039239139774369214e+00
9.661384894036570969e+00 6.486683977817132352e+00 7.004732339435499888e+00 5.968635616198764815e+00
9.669878835827969255e+00 6.415347890617902671e+00 6.932816747907486032e+00 5.897879033328319309e+00
9.678372777619367540e+00 6.344266266887580663e+00 6.861097257010678518e+00 5.827435276764482808e+00
9.686866719410765825e+00 6.273041852737916813e+00 6.789415512863555158e+00 5.756668192612278467e+00
9.695360661202164110e+00 6.201671287983806735e+00 6.717561000322629816e+00 5.685781575644983654e+00
9.703854602993562395e+00 6.130181135394678016e+00 6.645316283544302927e+00 5.615045987245053105e+00
9.712348544784960680e+00 6.058695735807749116e+00 6.573134370220811817e+00 5.544257101394686416e+00
9.720842486576358965e+00 5.987238528808420668e+00 6.501113642930518743e+00 5.473363414686322592e+00
9.729336428367757250e+00 5.915615885550035813e+00 6.428873408779881338e+00 5.402358362320190288e+00
9.737830370159155535e+00 5.843860274056301485e+00 6.356376424224215782e+00 5.331344123888387188e+00
9.746324311950553820e+00 5.772168038336115359e+00 6.283883654364348814e+00 5.260452422307881903e+00
9.754818253741952105e+00 5.700393557916626719e+00 6.211396846053999887e+00 5.189390269779253551e+00
9.763312195533350391e+00 5.628525451768608967e+00 6.138739444930018330e+00 5.118311458607199604e+00
9.771806137324750452e+00 5.556728886725266214e+00 6.066087584579687331e+00 5.047370188870845098e+00
9.780300079116148737e+00 5.484691071616122571e+00 5.993252784696307955e+00 4.976129358535937186e+00
9.788794020907547022e+00 5.412725256914644234e+00 5.920415343218937920e+00 4.905035170610350548e+00
9.797287962698945307e+00 5.340723183298436538e+00 5.847619644735267741e+00 4.833826721861605336e+00
9.805781904490343592e+00 5.268554925809457501e+00 5.774548826403659518e+00 4.762561025215255484e+00
9.814275846281741877e+00 5.196502977431066483e+00 5.701717724924344921e+00 4.691288229937788046e+00
9.822769788073140163e+00 5.124241963608647588e+00 5.628704028975954010e+00 4.619779898241341165e+00
9.831263729864538448e+00 5.051970092291387715e+00 5.555547362965529423e+00 4.548392821617246007e+00
9.839757671655936733e+00 4.979678907337681260e+00 5.482521950068517391e+00 4.476835864606845128e+00
9.848251613447335018e+00 4.907264346453508175e+00 5.409427998082606770e+00 4.405100694824409580e+00
9.856745555238733303e+00 4.834866703145502598e+00 5.336309106211355235e+00 4.333424300079649960e+00
9.865239497030131588e+00 4.762330569005241543e+00 5.263086231308798268e+00 4.261574906701684817e+00
9.873733438821531649e+00 4.689640455048050605e+00 5.189812270710750575e+00 4.189468639385350635e+00
9.882227380612929935e+00 4.616934292490704195e+00 5.116547256884422801e+00 4.117321328096985589e+00
9.890721322404328220e+00 4.544085620156622873e+00 5.043172236766922722e+00 4.044999003546323024e+00
9.899215264195726505e+00 4.471087886613825724e+00 4.969716885772445636e+00 3.972458887455206256e+00
9.907709205987124790e+00 4.398090953065300290e+00 4.896392185279913711e+00 3.899789720850686869e+00
9.916203147778523075e+00 4.324794976469961583e+00 4.822903390206812801e+00 3.826686562733109920e+00
9.924697089569921360e+00 4.251440714997965387e+00 4.749322279845975103e+00 3.753559150149955226e+00
9.933191031361319645e+00 4.177946467626722615e+00 4.675536639349363810e+00 3.680356295904080977e+00
9.941684973152717930e+00 4.104103965938017851e+00 4.601665819229335597e+00 3.606542112646700105e+00
9.950178914944116215e+00 4.030356951183563297e+00 4.527821479859148290e+00 3.532892422507978303e+00
9.958672856735514500e+00 3.956185382240724024e+00 4.453741965997555674e+00 3.458628798483892375e+00
9.967166798526912785e+00 3.881892916183125042e+00 4.379526694879612769e+00 3.384259137486637314e+00
9.975660740318311070e+00 3.807470108773676198e+00 4.305307969536367629e+00 3.309632248010984323e+00
9.984154682109711132e+00 3.732767831155334282e+00 4.230794345056026806e+00 3.234741317254641757e+00
9.992648623901109417e+00 3.657914430657412730e+00 4.156028881973609757e+00 3.159799979341215703e+00
1.000114256569250770e+01 3.582805953836468049e+00 4.081215571931271491e+00 3.084396335741665052e+00
1.000963650748390599e+01 3.507443418212758512e+00 4.005988298239691048e+00 3.008898538185826421e+00
1.001813044927530427e+01 3.431938166035088500e+00 3.930564323119595027e+00 2.933312008950581973e+00
1.002662439106670256e+01 3.356231042244333107e+00 3.854956046527760360e+00 2.857506037960905854e+00
1.003511833285810084e+01 3.280330117455347416e+00 3.778943050801597536e+00 2.781717184109097296e+00
1.004361227464949913e+01 3.204325499613954520e+00 3.702781012063946164e+00 2.705869987163962875e+00
1.005210621644089741e+01 3.128055658998432520e+00 3.626157840154125012e+00 2.629953477842740028e+00
1.006060015823229570e+01 3.051790297211300906e+00 3.549462641133591667e+00 2.554117953289010146e+00
1.006909410002369398e+01 2.975470797604974571e+00 3.472654235218352703e+00 2.478287359991596439e+00
1.007758804181509227e+01 2.898993331171684229e+00 3.395471825968945812e+00 2.402514836374422647e+00
1.008608198360649055e+01 2.822617214286816889e+00 3.318507317996450823e+00 2.326727110577182955e+00
1.009457592539789061e+01 2.745936740319876002e+00 3.241211360172267852e+00 2.250662120467484151e+00
1.010306986718928890e+01 2.669318872782806995e+00 3.163855871463198355e+00 2.174781874102415635e+00
1.011156380898068718e+01 2.592724839670406567e+00 3.086533247646530143e+00 2.098916431694282991e+00
1.012005775077208547e+01 2.515939773051595996e+00 3.009026482617982001e+00 2.022853063485209990e+00
1.012855169256348375e+01 2.439177455439127229e+00 2.931493161641966605e+00 1.946861749236287853e+00
1.013704563435488204e+01 2.362227590509769826e+00 2.853884976556348541e+00 1.870570204463191111e+00
1.014553957614628033e+01 2.285145358524869774e+00 2.776108499748019653e+00 1.794182217301720117e+00
1.015403351793767861e+01 2.208014811511816777e+00 2.698422466779634377e+00 1.717607156243999178e+00
1.016252745972907690e+01 2.130716284307075270e+00 2.620766926674666042e+00 1.640665641939484498e+00
1.017102140152047518e+01 2.053325364263109520e+00 2.542899662498088631e+00 1.563751066028130410e+00
1.017951534331187347e+01 1.975868935970954254e+00 2.464892477966481366e+00 1.486845393975427143e+00
1.018800928510327353e+01 1.898153347873263730e+00 2.386813913826585587e+00 1.409492781919941873e+00
1.019650322689467181e+01 1.820367466290624181e+00 2.308507748777945512e+00 1.332227183803302850e+00
1.020499716868607010e+01 1.742488165342963358e+00 2.230196656821865631e+00 1.254779673864061307e+00
1.021349111047746838e+01 1.664374270225833508e+00 2.151604698062239862e+00 1.177143842389427375e+00
1.022198505226886667e+01 1.586260435162322180e+00 2.073032799100266388e+00 1.099488071224377972e+00
1.023047899406026495e+01 1.507886560612042848e+00 1.994264474638538953e+00 1.021508646585546742e+00
1.023897293585166324e+01 1.429475957576182843e+00 1.915178918580645595e+00 9.437729965717200908e-01
1.024746687764306152e+01 1.351016708922438747e+00 1.836208147752826925e+00 8.658252700920505696e-01
1.025596081943445981e+01 1.272244912609967527e+00 1.756799925955676356e+00 7.876898992642586972e-01
1.026445476122585809e+01 1.193546414395009858e+00 1.677431509171540380e+00 7.096613196184794470e-01
1.027294870301725638e+01 1.114602875341416999e+00 1.597859832899333199e+00 6.313459177835006875e-01
1.028144264480865466e+01 1.035483664219953637e+00 1.518009067470586393e+00 5.529582609693208806e-01
1.028993658660005295e+01 9.563747393863428758e-01 1.438316984820289690e+00 4.744324939523961171e-01
1.029843052839145301e+01 8.770862236253113009e-01 1.358365727997250971e+00 3.958067192533716305e-01
1.030692447018285129e+01 7.976897357816216116e-01 1.278216583459341082e+00 3.171628881039021963e-01
1.031541841197424958e+01 7.182104497408965393e-01 1.198082012101606253e+00 2.383388873801869368e-01
1.032391235376564786e+01 6.385511802557929384e-01 1.117662682071991043e+00 1.594396784395949451e-01
1.033240629555704615e+01 5.588440908851202149e-01 1.037156244495901714e+00 8.053193727433860527e-02
1.034090023734844443e+01 4.789822983765859576e-01 9.565760994719891830e-01 1.388497281182676790e-03
1.034939417913984272e+01 3.988165680137083502e-01 8.757761925766976985e-01 -7.814305654928099809e-02
1.035788812093124100e+01 3.187125279677233691e-01 7.950442179629690909e-01 -1.576191620275224081e-01
1.036638206272263929e+01 2.382866334604722969e-01 7.140666330861638045e-01 -2.374933661652191552e-01
1.037487600451403758e+01 1.578587890116278369e-01 6.329705511885544977e-01 -3.172529731652987683e-01
1.038336994630543586e+01 7.734211858069900414e-02 5.519087808113933846e-01 -3.972245436499953763e-01
1.039186388809683415e+01 -3.506113227824847467e-03 4.703940357108424841e-01 -4.774062621664921791e-01
1.040035782988823243e+01 -8.435065187426711575e-02 3.890618153849777494e-01 -5.577631191335119532e-01
1.040885177167963249e+01 -1.654578561157296623e-01 3.076336372063331881e-01 -6.385493494377925128e-01
1.041734571347103078e+01 -2.469529208288036015e-01 2.257416253655857852e-01 -7.196474670231929327e-01
1.042583965526242906e+01 -3.284383400917847973e-01 1.439469949091418122e-01 -8.008236750927113512e-01
1.043433359705382735e+01 -4.101646387970165897e-01 6.214541379793070419e-02 -8.824746913919638835e-01
1.044282753884522563e+01 -4.920709399644335735e-01 -1.991899037520850069e-02 -9.642228895536586464e-01
1.045132148063662392e+01 -5.741507251534220257e-01 -1.022806736508251046e-01 -1.046020776656019002e+00
1.045981542242802220e+01 -6.564318813046604584e-01 -1.846976782435569286e-01 -1.128166084365763933e+00
1.046830936421942049e+01 -7.388431261573276121e-01 -2.669974240307025348e-01 -1.210688828283952745e+00
1.047680330601081877e+01 -8.215451696434948881e-01 -3.496708462250780469e-01 -1.293419493061911840e+00
1.048529724780221706e+01 -9.046456130660639472e-01 -4.328619128279648232e-01 -1.376429313304162960e+00
1.049379118959361534e+01 -9.878408020019691094e-01 -5.160547628195161218e-01 -1.459626841184422208e+00
1.050228513138501540e+01 -1.071270062092860353e+00 -5.995747220497852359e-01 -1.542965402135935360e+00
1.051077907317641191e+01 -1.154839938870193983e+00 -6.834532408341766896e-01 -1.626226636906211276e+00
1.051927301496781197e+01 -1.238430349608945269e+00 -7.674226491277835738e-01 -1.709438050090106964e+00
1.052776695675921026e+01 -1.322477017689079881e+00 -8.515877562909410781e-01 -1.793366279087218684e+00
1.053626089855060854e+01 -1.406392976471908085e+00 -9.360267111045226240e-01 -1.876759241839293546e+00
1.054475484034200683e+01 -1.490620688830131435e+00 -1.020710819003961767e+00 -1.960530558656301103e+00
1.055324878213340511e+01 -1.575040139663524075e+00 -1.105187454586825213e+00 -2.044892824740222714e+00
1.056174272392480340e+01 -1.659453720432390256e+00 -1.190088909921342974e+00 -2.128818530943437537e+00
1.057023666571620168e+01 -1.744195306065545514e+00 -1.275332079510641092e+00 -2.213058532620450158e+00
1.057873060750759997e+01 -1.828991293807261442e+00 -1.360588565713465981e+00 -2.297394021901057126e+00
1.058722454929899826e+01 -1.913924197414451855e+00 -1.445694404082415119e+00 -2.382153990746488592e+00
1.059571849109039654e+01 -1.999031347639903977e+00 -1.531210852896031982e+00 -2.466851842383776194e+00
1.060421243288179483e+01 -2.084183553245012810e+00 -1.616855760548480792e+00 -2.551511345941544828e+00
1.061270637467319489e+01 -2.169554380379961511e+00 -1.702667834415805270e+00 -2.636440926344117752e+00
1.062120031646459317e+01 -2.255262267528896025e+00 -1.788478628116811686e+00 -2.722045906940980586e+00
1.062969425825599146e+01 -2.341112771767077660e+00 -1.874309049919534065e+00 -2.807916493614621256e+00
1.063818820004738974e+01 -2.427253854328943028e+00 -1.961124280337736447e+00 -2.893383428320149608e+00
1.064668214183878803e+01 -2.513483957966748505e+00 -2.048052972670089122e+00 -2.978914943263407888e+00
1.065517608363018631e+01 -2.599701208784230833e+00 -2.134710344534087589e+00 -3.064692073034374076e+00
1.066367002542158460e+01 -2.686395216195162305e+00 -2.221272455289562853e+00 -3.151517977100761758e+00
1.067216396721298288e+01 -2.772971802507566697e+00 -2.308693224526775278e+00 -3.237250380488358115e+00
1.068065790900438117e+01 -2.859839596747359103e+00 -2.396425169964758517e+00 -3.323254023529959689e+00
1.068915185079577945e+01 -2.946955959987210605e+00 -2.484274989721680704e+00 -3.409636930252740505e+00
1.069764579258717774e+01 -3.034120824416211448e+00 -2.571298294555672825e+00 -3.496943354276750071e+00
1.070613973437857602e+01 -3.121749057452724685e+00 -2.659553058544516624e+00 -3.583945056360932746e+00
1.071463367616997431e+01 -3.209432764655923087e+00 -2.748223353958876736e+00 -3.670642175352969439e+00
1.072312761796137437e+01 -3.297151215216311382e+00 -2.836999566624629043e+00 -3.757302863807993720e+00
1.073162155975277265e+01 -3.385002360762186413e+00 -2.925980774777693583e+00 -3.844023946746679243e+00
1.074011550154417094e+01 -3.472924162768953327e+00 -3.014299038098645411e+00 -3.931549287439261242e+00
1.074860944333556922e+01 -3.561113250285922849e+00 -3.102855876088691733e+00 -4.019370624483153520e+00
1.075710338512696751e+01 -3.649634988123406032e+00 -3.192849038396440964e+00 -4.106420937850370656e+00
1.076559732691836579e+01 -3.738248798394087746e+00 -3.282844118661714550e+00 -4.193653478126461387e+00
1.077409126870976408e+01 -3.826964886452621784e+00 -3.372821673665792552e+00 -4.281108099239451015e+00
1.078258521050116236e+01 -3.915780954547918302e+00 -3.462916191005368738e+00 -4.368645718090467867e+00
1.079107915229256065e+01 -4.004549467214703284e+00 -3.552214908359876411e+00 -4.456884026069530158e+00
1.079957309408395894e+01 -4.093853150141766761e+00 -3.641306810624519219e+00 -4.546399489659013859e+00
1.080806703587535722e+01 -4.183017634985349176e+00 -3.731992986118258582e+00 -4.634042283852440214e+00
1.081656097766675551e+01 -4.272686149596326644e+00 -3.823572492793657851e+00 -4.721799806398995436e+00
1.082505491945815379e+01 -4.362310835174469936e+00 -3.914431947443346438e+00 -4.810189722905593435e+00
1.083354886124955385e+01 -4.452115940960473139e+00 -4.005251648228139949e+00 -4.898980233692806330e+00
1.084204280304095214e+01 -4.542145102384791855e+00 -4.095928805686075869e+00 -4.988361399083507841e+00
1.085053674483235042e+01 -4.632347667572728867e+00 -4.186378374884141884e+00 -5.078316960261315849e+00
1.085903068662374871e+01 -4.722693132484244494e+00 -4.276685272545850403e+00 -5.168700992422638585e+00
1.086752462841514699e+01 -4.813379143620343470e+00 -4.367740090712208811e+00 -5.259018196528478128e+00
1.087601857020654528e+01 -4.904179706488568158e+00 -4.459050176122445919e+00 -5.349309236854690397e+00
1.088451251199794356e+01 -4.995284042916653178e+00 -4.550640679745228567e+00 -5.439927406088077788e+00
1.089300645378934185e+01 -5.086672545378746690e+00 -4.642270473381773677e+00 -5.531074617375719704e+00
1.090150039558074013e+01 -5.178224274219749290e+00 -4.733742032125126009e+00 -5.622706516314372571e+00
1.090999433737213842e+01 -5.270056477953253271e+00 -4.825143042362127765e+00 -5.714969913544378777e+00
1.091848827916353670e+01 -5.362096087929126398e+00 -4.916504101081918598e+00 -5.807688074776334197e+00
1.092698222095493676e+01 -5.454346654356499791e+00 -5.007982541036074764e+00 -5.900710767676924817e+00
1.093547616274633327e+01 -5.547100495660081343e+00 -5.100027871615250064e+00 -5.994173119704912622e+00
1.094397010453773333e+01 -5.639941774803131302e+00 -5.192177675576544083e+00 -6.087705874029718522e+00
1.095246404632913162e+01 -5.733143937889377817e+00 -5.284613098523487373e+00 -6.181674777255268260e+00
1.096095798812052990e+01 -5.826581973181744090e+00 -5.377313281820375934e+00 -6.275850664543112245e+00
1.096945192991192819e+01 -5.920068577271337062e+00 -5.470202840520000720e+00 -6.369934314022673405e+00
1.097794587170332647e+01 -6.014180145699747904e+00 -5.563781907688844619e+00 -6.464578383710651188e+00
1.098643981349472476e+01 -6.108235496483978011e+00 -5.657309254350653127e+00 -6.559161738617302895e+00
1.099493375528612304e+01 -6.202512664436870438e+00 -5.751084430632854350e+00 -6.653940898240886526e+00
1.100342769707752133e+01 -6.297059883393436586e+00 -5.845217462683961251e+00 -6.748902304102911920e+00
1.101192163886891962e+01 -6.391593964484586721e+00 -5.939319426748030928e+00 -6.843868502221142514e+00
1.102041558066031790e+01 -6.486540071725689138e+00 -6.033780596171858690e+00 -6.939299547279519587e+00
1.102890952245171619e+01 -6.581667668614404221e+00 -6.128502783232343987e+00 -7.034832553996464455e+00
1.103740346424311625e+01 -6.676941020053181575e+00 -6.223346949690238716e+00 -7.130535090416124433e+00
1.104589740603451453e+01 -6.772568968918336374e+00 -6.318528960234518266e+00 -7.226608977602154482e+00
1.105439134782591282e+01 -6.868366888900493628e+00 -6.413905290305328855e+00 -7.322828487495658401e+00
1.106288528961731110e+01 -6.964412281398196569e+00 -6.509452141279753690e+00 -7.419372421516639449e+00
1.107137923140870939e+01 -7.061051811510173692e+00 -6.605622513422013675e+00 -7.516481109598333710e+00
1.107987317320010767e+01 -7.157770874055501054e+00 -6.701958580676196320e+00 -7.613583167434805787e+00
1.108836711499150596e+01 -7.254904343080744944e+00 -6.798716855251750069e+00 -7.711091830909739819e+00
1.109686105678290424e+01 -7.352417025508004578e+00 -6.895937263384629645e+00 -7.808896787631379510e+00
1.110535499857430253e+01 -7.449978445310473596e+00 -6.993311553085490573e+00 -7.906645337535456619e+00
1.111384894036570081e+01 -7.548458248856569242e+00 -7.091587902678570643e+00 -8.005328595034567840e+00
1.112234288215709910e+01 -7.646917236540299534e+00 -7.189961813617250286e+00 -8.103872659463348782e+00
1.113083682394849738e+01 -7.745765182069775712e+00 -7.288909853298948249e+00 -8.202620510840603174e+00
1.113933076573989567e+01 -7.845106606724073117e+00 -7.388269093721071101e+00 -8.301944119727075133e+00
1.114782470753129573e+01 -7.944583411331982425e+00 -7.487887179652315872e+00 -8.401279643011649867e+00
1.115631864932269401e+01 -8.044687765680674119e+00 -7.588156387313275353e+00 -8.501219144048073773e+00
1.116481259111409230e+01 -8.145076399980585080e+00 -7.688884588569399270e+00 -8.601268211391770890e+00
1.117330653290549058e+01 -8.245691132808213197e+00 -7.789878638940717082e+00 -8.701503626675709313e+00
1.118180047469688887e+01 -8.346760694197239872e+00 -7.891342653368379700e+00 -8.802178735026100043e+00
1.119029441648828715e+01 -8.448060916897478734e+00 -7.993216704964996921e+00 -8.902905128829960546e+00
1.119878835827968544e+01 -8.549635991014813641e+00 -8.095496061982757396e+00 -9.003775920046869885e+00
1.120728230007108372e+01 -8.651682150075290068e+00 -8.198189102245731164e+00 -9.105175197904848972e+00
1.121577624186248201e+01 -8.753743337201594699e+00 -8.301170311088263531e+00 -9.206316363314925866e+00
1.122427018365388030e+01 -8.856054792212994187e+00 -8.404405293518776077e+00 -9.307704290907212297e+00
1.123276412544527858e+01 -8.958612875137042408e+00 -8.507698649304261451e+00 -9.409527100969823366e+00
1.124125806723667687e+01 -9.061037765209395189e+00 -8.610987805003135875e+00 -9.511087725415654504e+00
1.124975200902807515e+01 -9.163947571535665304e+00 -8.714860346467721897e+00 -9.613034796603608712e+00
1.125824595081947521e+01 -9.266982142992604921e+00 -8.818578999261976747e+00 -9.715385286723233094e+00
1.126673989261087350e+01 -9.370045649824557898e+00 -8.922546820679023938e+00 -9.817544478970091859e+00
1.127523383440227178e+01 -9.473567611701737334e+00 -9.026710803042991671e+00 -9.920424420360482998e+00
1.128372777619367007e+01 -9.576951220350879979e+00 -9.130547485203100777e+00 -1.002335495549865918e+01
1.129222171798506835e+01 -9.681015490479920160e+00 -9.234896198026243397e+00 -1.012713478293359692e+01
1.130071565977646664e+01 -9.785155183011234215e+00 -9.339397635968758493e+00 -1.023091273005370994e+01
1.130920960156786492e+01 -9.889469801620746736e+00 -9.443986161333381091e+00 -1.033495344190811238e+01
1.131770354335926321e+01 -9.994177915327016493e+00 -9.548924609011228526e+00 -1.043943122164280446e+01
1.132619748515066149e+01 -1.009903573990638392e+01 -9.654075198613702113e+00 -1.054399628119906573e+01
1.133469142694205978e+01 -1.020418933211524326e+01 -9.759628145631232599e+00 -1.064875051859925392e+01
1.134318536873345806e+01 -1.030969271078801164e+01 -9.865528432843877482e+00 -1.075385698873214579e+01
1.135167931052485812e+01 -1.041526663557719345e+01 -9.971505160626241704e+00 -1.085902811052814521e+01
1.136017325231625463e+01 -1.052115828650469531e+01 -1.007785943067974443e+01 -1.096445714232964619e+01
1.136866719410765469e+01 -1.062737333080489854e+01 -1.018462051322659789e+01 -1.107012614838319919e+01
1.137716113589905298e+01 -1.073356727941730604e+01 -1.029134341939303354e+01 -1.117579113944157854e+01
1.138565507769045126e+01 -1.084043209271334618e+01 -1.039889953411514156e+01 -1.128196465131155080e+01
1.139414901948184955e+01 -1.094721214826509303e+01 -1.050617651396087737e+01 -1.138824778256930870e+01
1.140264296127324783e+01 -1.105424488971476649e+01 -1.061394387625211344e+01 -1.149454590317741953e+01
1.141113690306464612e+01 -1.116179923357534953e+01 -1.072217831491874840e+01 -1.160142015223195067e+01
1.141963084485604440e+01 -1.126912602439683120e+01 -1.083023448864028282e+01 -1.170801756015337958e+01
1.142812478664744269e+01 -1.137718075139854612e+01 -1.093895589001141921e+01 -1.181540561278567303e+01
1.143661872843884098e+01 -1.148530627084894284e+01 -1.104762589413872931e+01 -1.192298664755915638e+01
1.144511267023023926e+01 -1.159361277628484110e+01 -1.115666070403555743e+01 -1.203056484853412478e+01
1.145360661202163755e+01 -1.170241525345326394e+01 -1.126596832687744687e+01 -1.213886218002908102e+01
1.146210055381303761e+01 -1.181125210101523315e+01 -1.137533802618026968e+01 -1.224716617585019662e+01
1.147059449560443589e+01 -1.192047300731790038e+01 -1.148514751668561473e+01 -1.235579849795018603e+01
1.147908843739583418e+01 -1.203011682077266897e+01 -1.159533872980844649e+01 -1.246489491173689146e+01
1.148758237918723246e+01 -1.213985650114415904e+01 -1.170567956860001857e+01 -1.257403343368829951e+01
1.149607632097863075e+01 -1.224992302790298382e+01 -1.181636886241094508e+01 -1.268347719339502255e+01
1.150457026277002903e+01 -1.236032607655385362e+01 -1.192740531851945462e+01 -1.279324683458825263e+01
1.151306420456142732e+01 -1.247078446573314636e+01 -1.203852971464738353e+01 -1.290303921681890920e+01
1.152155814635282560e+01 -1.258179397356211915e+01 -1.215025074645930658e+01 -1.301333720066493171e+01
1.153005208814422389e+01 -1.269286730804036090e+01 -1.226201881000941007e+01 -1.312371580607131172e+01
1.153854602993562217e+01 -1.280410490038096327e+01 -1.237404206514388960e+01 -1.323416773561803694e+01
1.154703997172702046e+01 -1.291582903239862290e+01 -1.248645598181751026e+01 -1.334520208297973554e+01
1.155553391351842052e+01 -1.302746007094450498e+01 -1.259892769095388232e+01 -1.345599245093512764e+01
1.156402785530981703e+01 -1.313969784857732037e+01 -1.271190740844151179e+01 -1.356748828871312895e+01
1.157252179710121709e+01 -1.325200404298667678e+01 -1.282498127234637764e+01 -1.367902681362697592e+01
1.158101573889261360e+01 -1.336446761159495189e+01 -1.293820265526599655e+01 -1.379073256792390723e+01
1.158950968068401366e+01 -1.347739333821501617e+01 -1.305189209847242537e+01 -1.390289457795760697e+01
1.159800362247541194e+01 -1.359033761513392591e+01 -1.316549127738510627e+01 -1.401518395288274554e+01
1.160649756426681023e+01 -1.370366233809509993e+01 -1.327945828100360437e+01 -1.412786639518659548e+01
1.161499150605820851e+01 -1.381727832335400485e+01 -1.339368809100409230e+01 -1.424086855570391741e+01
1.162348544784960680e+01 -1.393095259136863007e+01 -1.350797819118576015e+01 -1.435392699155149998e+01
1.163197938964100508e+01 -1.404495873147940621e+01 -1.362251414439351294e+01 -1.446740331856529949e+01
1.164047333143240337e+01 -1.415924681702274590e+01 -1.373722495108976283e+01 -1.458126868295572898e+01
1.164896727322380166e+01 -1.427360580253137812e+01 -1.385207735105267979e+01 -1.469513425401007645e+01
1.165746121501519994e+01 -1.438846790950879928e+01 -1.396739078563180669e+01 -1.480954503338579187e+01
1.166595515680660000e+01 -1.450336378741001297e+01 -1.408271710499065321e+01 -1.492401046982937274e+01
1.167444909859799651e+01 -1.461840546253233164e+01 -1.419771754201704717e+01 -1.503909338304761611e+01
1.168294304038939657e+01 -1.473395767769601861e+01 -1.431359970235329016e+01 -1.515431565303874706e+01
1.169143698218079486e+01 -1.484928726915954655e+01 -1.442917691888549925e+01 -1.526939761943359386e+01
1.169993092397219314e+01 -1.496526830801759544e+01 -1.454530118498284708e+01 -1.538523543105234381e+01
1.170842486576359143e+01 -1.508123932060202854e+01 -1.466134373132827662e+01 -1.550113490987578047e+01
1.171691880755498971e+01 -1.519720630086676039e+01 -1.477716105493357190e+01 -1.561725154679994887e+01
1.172541274934638800e+01 -1.531367016633711842e+01 -1.489405120151136330e+01 -1.573328913116287353e+01
1.173390669113778628e+01 -1.542993252535011095e+01 -1.501021577473869506e+01 -1.584964927596152684e+01
1.174240063292918457e+01 -1.554655155387938414e+01 -1.512674263926921547e+01 -1.596636046848955282e+01
1.175089457472058285e+01 -1.566328036095828224e+01 -1.524360447125288331e+01 -1.608295625066368117e+01
1.175938851651198114e+01 -1.577990611011552247e+01 -1.536043202505451433e+01 -1.619938019517653061e+01
1.176788245830337942e+01 -1.589676886773274589e+01 -1.547746165481542135e+01 -1.631607608065007042e+01
1.177637640009477948e+01 -1.601369069162431913e+01 -1.559475584340569654e+01 -1.643262553984294172e+01
1.178487034188617599e+01 -1.613054489335517516e+01 -1.571207567697076968e+01 -1.654901410973958065e+01
1.179336428367757605e+01 -1.624762373027332529e+01 -1.582941475411293020e+01 -1.666583270643371861e+01
1.180185822546897434e+01 -1.636451439287710485e+01 -1.594678360029386610e+01 -1.678224518546034361e+01
1.181035216726037262e+01 -1.648129599580568083e+01 -1.606432826430558691e+01 -1.689826372730577475e+01
1.181884610905177091e+01 -1.659833341996226252e+01 -1.618219708628506126e+01 -1.701446975363946379e+01
1.182734005084316919e+01 -1.671500912336936295e+01 -1.629990401279010115e+01 -1.713011423394862476e+01
1.183583399263456748e+01 -1.683193868311776598e+01 -1.641818799322289379e+01 -1.724568937301263816e+01
1.184432793442596576e+01 -1.694848253534630089e+01 -1.653628070419300400e+01 -1.736068436649959779e+01
1.185282187621736405e+01 -1.706474396667665516e+01 -1.665418019761473190e+01 -1.747530773573857843e+01
1.186131581800876234e+01 -1.718122835596900444e+01 -1.677247102370029808e+01 -1.758998568823771080e+01
1.186980975980016062e+01 -1.729706821648863269e+01 -1.689065350941864097e+01 -1.770348292355862441e+01
1.187830370159155891e+01 -1.741291344315338563e+01 -1.700892006445578986e+01 -1.781690682185098140e+01
1.188679764338295897e+01 -1.752850704512176350e+01 -1.712729116641926197e+01 -1.792972292382426502e+01
1.189529158517435548e+01 -1.764354975021009153e+01 -1.724522408033271503e+01 -1.804187542008746803e+01
1.190378552696575554e+01 -1.775848882574520715e+01 -1.736314875051278861e+01 -1.815382890097762569e+01
1.191227946875715382e+01 -1.787307431246874145e+01 -1.748075300983285629e+01 -1.826539561510462661e+01
1.192077341054855211e+01 -1.798727209220424683e+01 -1.759800950304921585e+01 -1.837653468135927781e+01
1.192926735233995039e+01 -1.810127181537308871e+01 -1.771515557700679366e+01 -1.848738805373938376e+01
1.193776129413134868e+01 -1.821479057225179687e+01 -1.783172448316509318e+01 -1.859785666133850057e+01
1.194625523592274696e+01 -1.832802876879967968e+01 -1.794776465951336419e+01 -1.870829287808599517e+01
1.195474917771414525e+01 -1.844122045084594674e+01 -1.806366333824810511e+01 -1.881877756344378838e+01
1.196324311950554353e+01 -1.855393173919913963e+01 -1.817939832817319612e+01 -1.892846515022508314e+01
1.197173706129694182e+01 -1.866666144638688607e+01 -1.829442878440135800e+01 -1.903889410837241414e+01
1.198023100308834188e+01 -1.877918271641711456e+01 -1.840903949616841473e+01 -1.914932593666581440e+01
1.198872494487973839e+01 -1.889101186356106865e+01 -1.852328645785910055e+01 -1.925873726926303675e+01
1.199721888667113845e+01 -1.900302841343124882e+01 -1.863799367090318526e+01 -1.936806315595931238e+01
1.200571282846253496e+01 -1.911429985274303789e+01 -1.875264738918095020e+01 -1.947595231630512558e+01
1.201420677025393502e+01 -1.922530835411283689e+01 -1.886593545685486717e+01 -1.958468125137080662e+01
1.202270071204533330e+01 -1.933574177068812361e+01 -1.897927400335637671e+01 -1.969220953801987051e+01
1.203119465383673159e+01 -1.944539077018183804e+01 -1.909195386903993352e+01 -1.979882767132374255e+01
1.203968859562812987e+01 -1.955471173531463691e+01 -1.920485302192669863e+01 -1.990457044870257519e+01
1.204818253741952816e+01 -1.966338297162011628e+01 -1.931727341041109014e+01 -2.000949253282914242e+01
1.205667647921092644e+01 -1.977132057431848011e+01 -1.942846312300657985e+01 -2.011417802563038038e+01
1.206517042100232473e+01 -1.987867974506240998e+01 -1.953909082075553627e+01 -2.021826866936928369e+01
1.207366436279372301e+01 -1.998524674431424231e+01 -1.964979910752689563e+01 -2.032069438110158899e+01
1.208215830458512130e+01 -2.009105375669506444e+01 -1.975985314149743743e+01 -2.042225437189269144e+01
1.209065224637652136e+01 -2.019632327608898237e+01 -1.986845373626054823e+01 -2.052419281591741651e+01
1.209914618816791787e+01 -2.030056610483780943e+01 -1.997660842877886367e+01 -2.062452378089675520e+01
1.210764012995931793e+01 -2.040410403281717322e+01 -2.008495115669835229e+01 -2.072325690893599415e+01
1.211613407175071622e+01 -2.050682412998090598e+01 -2.019125153001602158e+01 -2.082239672994579038e+01
1.212462801354211450e+01 -2.060820184311369019e+01 -2.029655288121586665e+01 -2.091985080501151373e+01
1.213312195533351279e+01 -2.070911890469263383e+01 -2.040223492392397731e+01 -2.101600288546129036e+01
1.214161589712491107e+01 -2.080855063875784339e+01 -2.050488885581914644e+01 -2.111221242169654033e+01
1.215010983891630936e+01 -2.090719083743213957e+01 -2.060754640489090761e+01 -2.120683526997337154e+01
1.215860378070770764e+01 -2.100480437083177421e+01 -2.070960325087033382e+01 -2.130000549079321459e+01
1.216709772249910593e+01 -2.110083918701262107e+01 -2.080944912800238455e+01 -2.139222924602285758e+01
1.217559166429050421e+01 -2.119618831016945038e+01 -2.090970060342798575e+01 -2.148267601691091500e+01
1.218408560608190250e+01 -2.129016301173623305e+01 -2.100726729186435549e+01 -2.157305873160811061e+01
1.219257954787330078e+01 -2.138273319492046909e+01 -2.110350123081446583e+01 -2.166196515902647235e+01
1.220107348966470084e+01 -2.147389975267456208e+01 -2.119811247613740690e+01 -2.174968702921171726e+01
1.220956743145609735e+01 -2.156330781294279220e+01 -2.129108702445595114e+01 -2.183552860142963326e+01
1.221806137324749741e+01 -2.165132116433511200e+01 -2.138245267933098148e+01 -2.192018964933924252e+01
1.222655531503889570e+01 -2.173808334501300266e+01 -2.147178823969433736e+01 -2.200437845033166795e+01
1.223504925683029398e+01 -2.182287732905500022e+01 -2.155968607567375273e+01 -2.208606858243624771e+01
1.224354319862169227e+01 -2.190596775378147143e+01 -2.164530174568290377e+01 -2.216663376188003909e+01
1.225203714041309055e+01 -2.198727583292675547e+01 -2.172916540535768348e+01 -2.224538626049582746e+01
1.226053108220448884e+01 -2.206653711828123221e+01 -2.181106282033606192e+01 -2.232201141622640250e+01
1.226902502399588712e+01 -2.214430771015978294e+01 -2.189075810651545950e+01 -2.239785731380410638e+01
1.227751896578728541e+01 -2.221974762893967537e+01 -2.196828861965778046e+01 -2.247120663822157027e+01
1.228601290757868369e+01 -2.229295097642032886e+01 -2.204391187404671726e+01 -2.254199007879394046e+01
1.229450684937008198e+01 -2.236396187871224583e+01 -2.211673006540296882e+01 -2.261119369202152285e+01
1.230300079116148027e+01 -2.243234467054735148e+01 -2.218685618448151331e+01 -2.267783315661318966e+01
1.231149473295288033e+01 -2.249868769643775934e+01 -2.225483552749225069e+01 -2.274253986538326799e+01
1.231998867474427684e+01 -2.256248120534509383e+01 -2.231987946458250605e+01 -2.280508294610768161e+01
1.232848261653567690e+01 -2.262397095228433841e+01 -2.238260154095417676e+01 -2.286534036361450006e+01
1.233697655832707518e+01 -2.268311590966840896e+01 -2.244305225251802938e+01 -2.292317956681878854e+01
1.234547050011847347e+01 -2.273963406488957162e+01 -2.250080836749143742e+01 -2.297845976228770581e+01
1.235396444190987175e+01 -2.279372779887821920e+01 -2.255463809354215599e+01 -2.303281750421428242e+01
1.236245838370127004e+01 -2.284538620099723261e+01 -2.260485913963615801e+01 -2.308591326235830721e+01
1.237095232549266832e+01 -2.289440189275425297e+01 -2.265250315785922908e+01 -2.313630062764927686e+01
1.237944626728406661e+01 -2.294089818209321407e+01 -2.269225209468013205e+01 -2.318954426950629610e+01
1.238794020907546489e+01 -2.298469228190531055e+01 -2.272912837553292675e+01 -2.324025618827769435e+01
1.239643415086686318e+01 -2.302574307696978195e+01 -2.276256952090685459e+01 -2.328891663303270931e+01
1.240492809265826324e+01 -2.306442725265347349e+01 -2.279343659824948176e+01 -2.333541790705746521e+01
1.241342203444965975e+01 -2.310040608806883355e+01 -2.282205889875577753e+01 -2.337875327738188957e+01
1.242191597624105981e+01 -2.313396063108822887e+01 -2.284767034111746042e+01 -2.342025092105899731e+01
1.243040991803245809e+01 -2.316507775329036178e+01 -2.287071393035948930e+01 -2.345944157622123427e+01
1.243890385982385638e+01 -2.319396116530878160e+01 -2.289147558411748662e+01 -2.349644674650007659e+01
1.244739780161525466e+01 -2.322100418639694652e+01 -2.291049684109609785e+01 -2.353151153169779519e+01
1.245589174340665295e+01 -2.324617591168112085e+01 -2.292716909944056525e+01 -2.356518272392167646e+01
1.246438568519805123e+01 -2.326984855681250508e+01 -2.294153653119641945e+01 -2.359816058242859071e+01
1.247287962698944952e+01 -2.329229544280501685e+01 -2.295447587230801645e+01 -2.363011501330201725e+01
1.248137356878084780e+01 -2.331354285697507933e+01 -2.296640886120157532e+01 -2.366067685274858334e+01
1.248986751057224609e+01 -2.333375098855501051e+01 -2.297802836362729195e+01 -2.368947361348272906e+01
1.249836145236364437e+01 -2.335292922970537788e+01 -2.298931076504359439e+01 -2.371654769436716137e+01
1.250685539415504266e+01 -2.337110567144558004e+01 -2.299997966604167488e+01 -2.374223167684948521e+01
1.251534933594644272e+01 -2.338841789497225321e+01 -2.301045299058953830e+01 -2.376638279935496811e+01
1.252384327773783923e+01 -2.340482425027918367e+01 -2.302093605920016373e+01 -2.378871244135820362e+01
1.253233721952923929e+01 -2.342023803000558146e+01 -2.303085416442905142e+01 -2.380962189558211151e+01
1.254083116132063758e+01 -2.343470101987161058e+01 -2.303997223915014914e+01 -2.382942980059307203e+01
1.254932510311203586e+01 -2.344806599631853672e+01 -2.304810445368908134e+01 -2.384802753894799210e+01
1.255781904490343415e+01 -2.346046628926924882e+01 -2.305571094014102229e+01 -2.386522163839747535e+01
1.256631298669483243e+01 -2.347195075947856679e+01 -2.306299528248522535e+01 -2.388090623647190824e+01
1.257480692848623072e+01 -2.348247127778705234e+01 -2.306937528223157585e+01 -2.389556727334252884e+01
1.258330087027762900e+01 -2.349224207759469252e+01 -2.307525337471469840e+01 -2.390923078047468664e+01
1.259179481206902729e+01 -2.350121945175162708e+01 -2.308048695552580298e+01 -2.392195194797745117e+01
1.260028875386042557e+01 -2.350950855393089967e+01 -2.308550019294129640e+01 -2.393351691492050293e+01
1.260878269565182386e+01 -2.351715555696863191e+01 -2.309002090968401077e+01 -2.394429020425325305e+01
1.261727663744322214e+01 -2.352417333743994732e+01 -2.309408448885216103e+01 -2.395426218602773361e+01
1.262577057923462220e+01 -2.353065548638850402e+01 -2.309791958015371094e+01 -2.396339139262329709e+01
1.263426452102601871e+01 -2.353662088782223805e+01 -2.310140683877130741e+01 -2.397183493687316869e+01
1.264275846281741877e+01 -2.354210013608970087e+01 -2.310457619391294060e+01 -2.397962407826646114e+01
1.265125240460881706e+01 -2.354714712993532189e+01 -2.310750807071870838e+01 -2.398678618915193539e+01
1.265974634640021534e+01 -2.355178394855236590e+01 -2.311018989477119590e+01 -2.399337800233353590e+01
1.266824028819161363e+01 -2.355603777550367539e+01 -2.311266923908621251e+01 -2.399940631192113827e+01
1.267673422998301191e+01 -2.355994652653528831e+01 -2.311494951426907818e+01 -2.400494353880149845e+01
1.268522817177441020e+01 -2.356350579532052336e+01 -2.311691445403511125e+01 -2.401009713660593548e+01
1.269372211356580848e+01 -2.356674765242441083e+01 -2.311837871329780825e+01 -2.401511659155101341e+01
1.270221605535720677e+01 -2.356969103705384327e+01 -2.311954630272120070e+01 -2.401983577138648585e+01
1.271070999714860505e+01 -2.357233445760700263e+01 -2.312054263099946283e+01 -2.402412628421454244e+01
1.271920393894000334e+01 -2.357471956168283356e+01 -2.312137972852897860e+01 -2.402805939483668851e+01
1.272769788073140163e+01 -2.357685267150579733e+01 -2.312208175533787013e+01 -2.403162358767372453e+01
1.273619182252280169e+01 -2.357879763654181815e+01 -2.312271281083406649e+01 -2.403488246224956981e+01
1.274468576431419820e+01 -2.358058467484956111e+01 -2.312328427205077119e+01 -2.403788507764835103e+01
1.275317970610559826e+01 -2.358221012571896580e+01 -2.312379147613681596e+01 -2.404062877530111564e+01
1.276167364789699654e+01 -2.358367870092279972e+01 -2.312422688801669324e+01 -2.404313051382890620e+01
1.277016758968839483e+01 -2.358497194862129476e+01 -2.312457543570791074e+01 -2.404536846153467877e+01
1.277866153147979311e+01 -2.358608962462420777e+01 -2.312483487765602774e+01 -2.404734437159238780e+01
1.278715547327119140e+01 -2.358705584207249828e+01 -2.312505102974298055e+01 -2.404906065440201601e+01
1.279564941506258968e+01 -2.358789230479303356e+01 -2.312536370771094596e+01 -2.405042090187512116e+01
1.280414335685398797e+01 -2.358861214440370091e+01 -2.312579868072313971e+01 -2.405142560808426211e+01
1.281263729864538625e+01 -2.358922627796561500e+01 -2.312623392368383790e+01 -2.405221863224739209e+01
1.282113124043678454e+01 -2.358974868027637228e+01 -2.312662877450359389e+01 -2.405286858604915068e+01
1.282962518222818460e+01 -2.359020189770646425e+01 -2.312698576804621453e+01 -2.405341802736671397e+01
1.283811912401958111e+01 -2.359059819924366863e+01 -2.312730539412232034e+01 -2.405389100436501693e+01
1.284661306581098117e+01 -2.359094533054749832e+01 -2.312758593390153550e+01 -2.405430472719346113e+01
1.285510700760237945e+01 -2.359125270633399296e+01 -2.312784788652386680e+01 -2.405465752614411912e+01
1.286360094939377774e+01 -2.359152387212954238e+01 -2.312808051315720803e+01 -2.405496723110187673e+01
1.287209489118517602e+01 -2.359176784841969976e+01 -2.312829026337720961e+01 -2.405524543346218991e+01
1.288058883297657431e+01 -2.359198804573129138e+01 -2.312847981761434824e+01 -2.405549627384823452e+01
1.288908277476797259e+01 -2.359218215667759111e+01 -2.312864602162276029e+01 -2.405571829173242193e+01
1.289757671655937088e+01 -2.359235494818191725e+01 -2.312877731980906759e+01 -2.405593257655476691e+01
1.290607065835076916e+01 -2.359250996376783149e+01 -2.312889130073358857e+01 -2.405612862680207442e+01
1.291456460014216745e+01 -2.359265030055646406e+01 -2.312899513329719525e+01 -2.405630546781573287e+01
1.292305854193356573e+01 -2.359277821727113178e+01 -2.312909050154831903e+01 -2.405646593299394453e+01
1.293155248372496402e+01 -2.359289555067293520e+01 -2.312917892120001540e+01 -2.405661218014585501e+01
1.294004642551636408e+01 -2.359300417186341647e+01 -2.312926206255679418e+01 -2.405674628117003877e+01
1.294854036730776059e+01 -2.359310508615635982e+01 -2.312934444875099516e+01 -2.405686572356172448e+01
1.295703430909916065e+01 -2.359319928302866387e+01 -2.312942574189352030e+01 -2.405697282416380745e+01
1.296552825089055894e+01 -2.359328820748610056e+01 -2.312950022833711117e+01 -2.405707618663508995e+01
1.297402219268195722e+01 -2.359337181337842537e+01 -2.312957101717854513e+01 -2.405717260957830561e+01
1.298251613447335551e+01 -2.359345028407373590e+01 -2.312963816583769727e+01 -2.405726240230977453e+01
1.299101007626475379e+01 -2.359352342903408228e+01 -2.312970124040658249e+01 -2.405734561766158208e+01
1.299950401805615208e+01 -2.359358964944443926e+01 -2.312975857628401855e+01 -2.405742072260485998e+01
1.300799795984755036e+01 -2.359365070856042479e+01 -2.312981178629931733e+01 -2.405748963082153224e+01
1.301649190163894865e+01 -2.359370982925433324e+01 -2.312986399707661178e+01 -2.405755566143205471e+01
1.302498584343034693e+01 -2.359377009914096490e+01 -2.312991818823449464e+01 -2.405762201004743517e+01
1.303347978522174522e+01 -2.359383176820619710e+01 -2.312997446370922461e+01 -2.405768907270316959e+01
1.304197372701314350e+01 -2.359389046892887976e+01 -2.313001484860161838e+01 -2.405776608925614113e+01
1.305046766880454356e+01 -2.359394594765333508e+01 -2.313004119113700341e+01 -2.405785070416966676e+01
1.305896161059594007e+01 -2.359399800351800991e+01 -2.313006420715292677e+01 -2.405793179988309305e+01
1.306745555238734013e+01 -2.359404646076697176e+01 -2.313008713166174957e+01 -2.405800578987219396e+01
1.307594949417873842e+01 -2.359409171928501081e+01 -2.313010989614053869e+01 -2.405807354242948293e+01
1.308444343597013670e+01 -2.359413344031769810e+01 -2.313013180693396720e+01 -2.405813507370142901e+01
1.309293737776153499e+01 -2.359417140848427152e+01 -2.313015239812954249e+01 -2.405819041883900056e+01
1.310143131955293327e+01 -2.359420622337621865e+01 -2.313017194069733762e+01 -2.405824050605509967e+01
1.310992526134433156e+01 -2.359423826063807539e+01 -2.313019056087328806e+01 -2.405828596040286271e+01
1.311841920313572984e+01 -2.359426779320870438e+01 -2.313020835592771718e+01 -2.405832723048969157e+01
1.312691314492712813e+01 -2.359429531311960204e+01 -2.313022555164126715e+01 -2.405836507459793694e+01
1.313540708671852641e+01 -2.359432034942885892e+01 -2.313024156903589557e+01 -2.405839912982182227e+01
1.314390102850992470e+01 -2.359434250802437205e+01 -2.313025584311123595e+01 -2.405842917293750816e+01
1.315239497030132299e+01 -2.359436209168980270e+01 -2.313026850634119924e+01 -2.405845567703840615e+01
1.316088891209272305e+01 -2.359437983619493551e+01 -2.313028027746486970e+01 -2.405847939492500132e+01
1.316938285388411956e+01 -2.359439620034362051e+01 -2.313029140338768741e+01 -2.405850099729955360e+01
1.317787679567551962e+01 -2.359441056883486354e+01 -2.313030120559861658e+01 -2.405851993207111050e+01
1.318637073746691790e+01 -2.359442309681983829e+01 -2.313030975466760708e+01 -2.405853643897206950e+01
1.319486467925831619e+01 -2.359443405403218819e+01 -2.313031723184485955e+01 -2.405855087621951682e+01
1.320335862104971447e+01 -2.359444357832121497e+01 -2.313032373119843754e+01 -2.405856342544399240e+01
1.321185256284111276e+01 -2.359445188151012118e+01 -2.313032939727602155e+01 -2.405857436574422081e+01
1.322034650463251104e+01 -2.359445911006950425e+01 -2.313033433002881623e+01 -2.405858389011019227e+01
1.322884044642390933e+01 -2.359446538129317261e+01 -2.313033860949785492e+01 -2.405859215308849031e+01
1.323733438821530761e+01 -2.359447083342438489e+01 -2.313034233002002438e+01 -2.405859933682874541e+01
1.324582833000670590e+01 -2.359447556827522874e+01 -2.313034556107167106e+01 -2.405860557547878642e+01
1.325432227179810596e+01 -2.359447966571141819e+01 -2.313034835715298598e+01 -2.405861097426985040e+01
1.326281621358950247e+01 -2.359448322615044802e+01 -2.313035078678863243e+01 -2.405861566551226360e+01
1.327131015538090253e+01 -2.359448630207500486e+01 -2.313035288579268922e+01 -2.405861971835732049e+01
1.327980409717230081e+01 -2.359448895987468120e+01 -2.313035469946925815e+01 -2.405862322028010425e+01
1.328829803896369910e+01 -2.359449126547229625e+01 -2.313035627280392248e+01 -2.405862625814067002e+01
1.329679198075509738e+01 -2.359449324634395140e+01 -2.313035762454632049e+01 -2.405862886814158230e+01
1.330528592254649567e+01 -2.359449495352763293e+01 -2.313035878952465652e+01 -2.405863111753060934e+01
1.331377986433789395e+01 -2.359449641859612967e+01 -2.313035978928413172e+01 -2.405863304790812762e+01
1.332227380612929224e+01 -2.359449767971519663e+01 -2.313036064986896534e+01 -2.405863470956142791e+01
1.333076774792069052e+01 -2.359449877082652947e+01 -2.313036139444090367e+01 -2.405863614721215527e+01
1.333926168971208881e+01 -2.359449970727385804e+01 -2.313036203347047248e+01 -2.405863738107724359e+01
1.334775563150348709e+01 -2.359450051414712135e+01 -2.313036258407898416e+01 -2.405863844421525855e+01
1.335624957329488538e+01 -2.359450120781744786e+01 -2.313036305743806764e+01 -2.405863935819682808e+01
1.336474351508628544e+01 -2.359450180224652271e+01 -2.313036346307514179e+01 -2.405864014141790364e+01
1.337323745687768195e+01 -2.359450231298616529e+01 -2.313036381160273791e+01 -2.405864081436959268e+01
1.338173139866908201e+01 -2.359450275089536220e+01 -2.313036411043099605e+01 -2.405864139135972835e+01
1.339022534046048030e+01 -2.359450312528729654e+01 -2.313036436591521650e+01 -2.405864188465937659e+01
1.339871928225187858e+01 -2.359450344631369845e+01 -2.313036458498291381e+01 -2.405864230764448308e+01
1.340721322404327687e+01 -2.359450372021628795e+01 -2.313036477189343287e+01 -2.405864266853914302e+01
1.341570716583467515e+01 -2.359450395389954735e+01 -2.313036493135836480e+01 -2.405864297644072991e+01
1.342420110762607344e+01 -2.359450415399930634e+01 -2.313036506790599489e+01 -2.405864324009261779e+01
1.343269504941747172e+01 -2.359450432377380835e+01 -2.313036518375973216e+01 -2.405864346378788454e+01
1.344118899120887001e+01 -2.359450446886800634e+01 -2.313036528277169523e+01 -2.405864365496431745e+01
1.344968293300026829e+01 -2.359450459162252400e+01 -2.313036536653909891e+01 -2.405864381670594909e+01
1.345817687479166658e+01 -2.359450469514231230e+01 -2.313036543718077453e+01 -2.405864395310385007e+01
1.346667081658306486e+01 -2.359450478365249637e+01 -2.313036549757993043e+01 -2.405864406972506231e+01
1.347516475837446492e+01 -2.359450485855070312e+01 -2.313036554869029615e+01 -2.405864416841111009e+01
1.348365870016586143e+01 -2.359450492225336404e+01 -2.313036559216084953e+01 -2.405864425234587856e+01
1.349215264195726149e+01 -2.359450497627701182e+01 -2.313036562902646764e+01 -2.405864432352755600e+01
1.350064658374865800e+01 -2.359450502193777766e+01 -2.313036566018527296e+01 -2.405864438369028235e+01
1.350914052554005806e+01 -2.359450506066719555e+01 -2.313036568661414094e+01 -2.405864443472025016e+01
1.351763446733145635e+01 -2.359450509340366509e+01 -2.313036570895343402e+01 -2.405864447785389615e+01
1.352612840912285463e+01 -2.359450512101827258e+01 -2.313036572779758160e+01 -2.405864451423896355e+01
1.353462235091425292e+01 -2.359450514435813417e+01 -2.313036574372465282e+01 -2.405864454499161553e+01
1.354311629270565120e+01 -2.359450516399610009e+01 -2.313036575712555276e+01 -2.405864457086664743e+01
1.355161023449704949e+01 -2.359450518051874468e+01 -2.313036576840056924e+01 -2.405864459263692012e+01
1.356010417628844777e+01 -2.359450519446252059e+01 -2.313036577791577031e+01 -2.405864461100927088e+01
1.356859811807984784e+01 -2.359450520612929836e+01 -2.313036578587715297e+01 -2.405864462638144374e+01
1.357709205987124435e+01 -2.359450521594986228e+01 -2.313036579257868297e+01 -2.405864463932104158e+01
1.358558600166264441e+01 -2.359450522417542118e+01 -2.313036579819178939e+01 -2.405864465015905296e+01
1.359407994345404092e+01 -2.359450523102528052e+01 -2.313036580286611610e+01 -2.405864465918444495e+01
1.360257388524544098e+01 -2.359450523674659905e+01 -2.313036580677032816e+01 -2.405864466672286994e+01
1.361106782703683926e+01 -2.359450524151269235e+01 -2.313036581002270609e+01 -2.405864467300267862e+01
1.361956176882823755e+01 -2.359450524550864259e+01 -2.313036581274952752e+01 -2.405864467826775766e+01
1.362805571061963583e+01 -2.359450524884763567e+01 -2.313036581502805333e+01 -2.405864468266721801e+01
1.363654965241103412e+01 -2.359450525162665713e+01 -2.313036581692444926e+01 -2.405864468632886499e+01
1.364504359420243240e+01 -2.359450525395086373e+01 -2.313036581851048368e+01 -2.405864468939124379e+01
1.365353753599383069e+01 -2.359450525588455250e+01 -2.313036581983003259e+01 -2.405864469193907240e+01
1.366203147778522897e+01 -2.359450525749144845e+01 -2.313036582092657056e+01 -2.405864469405632633e+01
1.367052541957662726e+01 -2.359450525882836303e+01 -2.313036582183887901e+01 -2.405864469581784704e+01
1.367901936136802732e+01 -2.359450525993581849e+01 -2.313036582259460161e+01 -2.405864469727703536e+01
1.368751330315942383e+01 -2.359450526085354127e+01 -2.313036582322085621e+01 -2.405864469848622633e+01
1.369600724495082389e+01 -2.359450526161565875e+01 -2.313036582374092021e+01 -2.405864469949039730e+01
1.370450118674222040e+01 -2.359450526224349787e+01 -2.313036582416935616e+01 -2.405864470031763958e+01
1.371299512853362046e+01 -2.359450526276325988e+01 -2.313036582452404133e+01 -2.405864470100247843e+01
1.372148907032501874e+01 -2.359450526319175978e+01 -2.313036582481645098e+01 -2.405864470156706858e+01
1.372998301211641703e+01 -2.359450526354359567e+01 -2.313036582505654337e+01 -2.405864470203064798e+01
1.373847695390781531e+01 -2.359450526383512425e+01 -2.313036582525547757e+01 -2.405864470241477093e+01
1.450000000000000000e+01 -2.359450526383512425e+01 -2.313036582525547757e+01 -2.405864470241477093e+01
