# # logMh LcMh -err(LcMh) +err(LcMh)
9.500000000000000000e+00 9.209832268344724682e+00 9.581935890591429583e+00 8.837728646098019780e+00
9.508765025040059271e+00 9.135082641437898943e+00 9.506936662663486359e+00 8.763228620212311526e+00
9.517530050080120319e+00 9.060346412592849674e+00 9.432031400204355265e+00 8.688661424981344084e+00
9.526295075120179590e+00 8.985491056887855876e+00 9.357112127712092331e+00 8.613869986063619422e+00
9.535060100160240637e+00 8.910530676484070156e+00 9.281996857252996946e+00 8.539064495715143366e+00
9.543825125200299908e+00 8.835557328943814070e+00 9.206906341481296607e+00 8.464208316406331534e+00
9.552590150240360956e+00 8.760359161863185307e+00 9.131593327548792161e+00 8.389124996177578453e+00
9.561355175280420227e+00 8.685137910697385166e+00 9.056185480610251304e+00 8.314090340784519029e+00
9.570120200320481274e+00 8.609814508186445892e+00 8.980713874624845161e+00 8.238915141748046622e+00
9.578885225360540545e+00 8.534372630220365963e+00 8.905075544643521468e+00 8.163669715797210458e+00
9.587650250400601593e+00 8.458948095988500171e+00 8.829298880956274687e+00 8.088597311020725655e+00
9.596415275440660864e+00 8.383352752359922277e+00 8.753494322985750031e+00 8.013211181734094524e+00
9.605180300480720135e+00 8.307711756543266546e+00 8.677586213115947800e+00 7.937837299970585292e+00
9.613945325520781182e+00 8.232043610897729735e+00 8.601519895270600458e+00 7.862567326524859901e+00
9.622710350560840453e+00 8.156271253047272296e+00 8.525382316354278345e+00 7.787160189740265359e+00
9.631475375600901501e+00 8.080522700727705399e+00 8.449224426453408654e+00 7.711820975002003031e+00
9.640240400640960772e+00 8.004684614013781285e+00 8.372929772091906031e+00 7.636439455935655651e+00
9.649005425681021819e+00 7.928783752983875388e+00 8.296553583747284577e+00 7.561013922220467087e+00
9.657770450721081090e+00 7.852927542725174348e+00 8.220295251880942899e+00 7.485559833569405797e+00
9.666535475761142138e+00 7.777012543781342657e+00 8.143936088490690395e+00 7.410088999071994920e+00
9.675300500801201409e+00 7.701072519386031878e+00 8.067530149337109435e+00 7.334614889434955209e+00
9.684065525841262456e+00 7.625089785736043346e+00 7.991181650258340596e+00 7.258997921213746096e+00
9.692830550881321727e+00 7.548976733809124262e+00 7.914848893002484509e+00 7.183104574615764015e+00
9.701595575921380998e+00 7.472854078336595762e+00 7.838335648163411662e+00 7.107372508509779863e+00
9.710360600961442046e+00 7.396623913780593362e+00 7.761895591519744286e+00 7.031352236041442438e+00
9.719125626001501317e+00 7.320273797682803618e+00 7.685261748604114374e+00 6.955285846761492863e+00
9.727890651041562364e+00 7.243897985473468637e+00 7.608805710597775551e+00 6.878990260349161723e+00
9.736655676081621635e+00 7.167261375934732115e+00 7.531976135311786891e+00 6.802546616557677339e+00
9.745420701121682683e+00 7.090632000273709323e+00 7.455135158402860895e+00 6.726128842144557751e+00
9.754185726161741954e+00 7.013860925031485394e+00 7.378348491315255053e+00 6.649373358747715734e+00
9.762950751201803001e+00 6.936965146813262706e+00 7.301567624539363699e+00 6.572362669087161713e+00
9.771715776241862272e+00 6.860070273790351614e+00 7.224417116527279248e+00 6.495723431053423980e+00
9.780480801281923320e+00 6.782900360602686085e+00 7.146955081831423584e+00 6.418845639373948586e+00
9.789245826321982591e+00 6.705725907373773609e+00 7.069493664294624224e+00 6.341958150452922993e+00
9.798010851362041862e+00 6.628507772398684494e+00 6.992028481731344058e+00 6.264987063066024930e+00
9.806775876402102909e+00 6.550997265965294858e+00 6.914488603574698189e+00 6.187505928355891527e+00
9.815540901442162181e+00 6.473605699398476077e+00 6.837022050407502327e+00 6.110189348389449826e+00
9.824305926482223228e+00 6.395921483764302806e+00 6.758892598576573540e+00 6.032950368952032072e+00
9.833070951522282499e+00 6.318233381079591204e+00 6.680808201318790829e+00 5.955658560840391580e+00
9.841835976562343546e+00 6.240487288617244666e+00 6.602797341433129574e+00 5.878177235801359757e+00
9.850601001602402818e+00 6.162651335592771673e+00 6.524694338931687376e+00 5.800608332253855970e+00
9.859366026642463865e+00 6.084797581262467503e+00 6.446572078857749410e+00 5.723023083667185595e+00
9.868131051682523136e+00 6.006729937160414146e+00 6.368159340879385510e+00 5.645300533441442781e+00
9.876896076722584183e+00 5.928687443465729068e+00 6.289739511965344754e+00 5.567635374966113382e+00
9.885661101762643455e+00 5.850581220361465995e+00 6.211120356398817322e+00 5.490042084324114668e+00
9.894426126802702726e+00 5.772335649395810897e+00 6.132315390678355627e+00 5.412355908113266167e+00
9.903191151842763773e+00 5.694149623515797565e+00 6.053704010036390137e+00 5.334595236995204992e+00
9.911956176882823044e+00 5.615806591065153341e+00 5.974917111193845720e+00 5.256696070936460963e+00
9.920721201922884092e+00 5.537417284267895923e+00 5.896063805091820598e+00 5.178770763443971248e+00
9.929486226962943363e+00 5.459039841446151620e+00 5.817111233893236033e+00 5.100968448999067206e+00
9.938251252003004410e+00 5.380587189822055194e+00 5.738084353098768631e+00 5.023090026545341757e+00
9.947016277043063681e+00 5.302124094007353960e+00 5.659054685848629695e+00 4.945193502166078225e+00
9.955781302083124729e+00 5.223554814566147009e+00 5.579975597886297933e+00 4.867134031245996084e+00
9.964546327123184000e+00 5.144913438248099880e+00 5.500841491978627040e+00 4.788985384517572719e+00
9.973311352163245047e+00 5.066261515149371952e+00 5.421619873660540989e+00 4.710903156638202915e+00
9.982076377203304318e+00 4.987493158105846369e+00 5.342299198088192647e+00 4.632687118123500092e+00
9.990841402243365366e+00 4.908671395879265376e+00 5.262988122473749364e+00 4.554354669284781387e+00
9.999606427283424637e+00 4.829795636118523916e+00 5.183622951084897679e+00 4.475968321152150153e+00
1.000837145232348391e+01 4.750791602416165382e+00 5.104191467232152668e+00 4.397391737600178097e+00
1.001713647736354496e+01 4.671757987145945812e+00 5.024778750405118011e+00 4.318737223886773613e+00
1.002590150240360423e+01 4.592559701401422778e+00 4.945211055288123880e+00 4.239908347514721676e+00
1.003466652744366527e+01 4.513203049135913858e+00 4.865647703745803909e+00 4.160758394526023807e+00
1.004343155248372454e+01 4.433801547591833980e+00 4.786054391039255229e+00 4.081548704144412731e+00
1.005219657752378559e+01 4.354147984628609969e+00 4.706205983361036793e+00 4.002089985896183144e+00
1.006096160256384486e+01 4.274389197403369423e+00 4.626434484429550409e+00 3.922343910377188436e+00
1.006972662760390591e+01 4.194451346366919964e+00 4.546556743728977779e+00 3.842345949004862593e+00
1.007849165264396518e+01 4.114213407251795296e+00 4.466352402140878475e+00 3.762074412362711673e+00
1.008725667768402445e+01 4.034027289697974084e+00 4.386118049358042725e+00 3.681936530037904998e+00
1.009602170272408550e+01 3.953338132295125096e+00 4.305720096172498401e+00 3.600956168417751346e+00
1.010478672776414477e+01 3.872551607764185722e+00 4.225061801740321421e+00 3.520041413788050022e+00
1.011355175280420582e+01 3.791553499610092359e+00 4.144394246029976081e+00 3.438712753190208193e+00
1.012231677784426509e+01 3.710191119591373266e+00 4.063382011327132837e+00 3.357000227855613250e+00
1.013108180288432614e+01 3.628792098630977847e+00 3.982194571967513586e+00 3.275389625294442109e+00
1.013984682792438541e+01 3.546845444735092112e+00 3.900799486025088303e+00 3.192891403445095921e+00
1.014861185296444646e+01 3.464779919544335840e+00 3.818776094714342317e+00 3.110783744374329363e+00
1.015737687800450573e+01 3.382649532819869798e+00 3.736895215376130786e+00 3.028403850263608810e+00
1.016614190304456677e+01 3.300152452460130004e+00 3.654784793132223708e+00 2.945520111788036299e+00
1.017490692808462605e+01 3.217446673372482024e+00 3.572129238042185406e+00 2.862764108702778643e+00
1.018367195312468709e+01 3.134515894094631605e+00 3.489125679248432199e+00 2.779906108940831011e+00
1.019243697816474636e+01 3.051561192433355885e+00 3.406082902157264947e+00 2.697039482709446823e+00
1.020120200320480564e+01 2.968495191427523494e+00 3.322613457499008049e+00 2.614376925356038939e+00
1.020996702824486668e+01 2.885304794711564647e+00 3.238904435231301449e+00 2.531705154191827845e+00
1.021873205328492595e+01 2.802206053376390393e+00 3.155329569547485669e+00 2.449082537205295118e+00
1.022749707832498700e+01 2.718980184197897998e+00 3.071534336740026738e+00 2.366426031655769258e+00
1.023626210336504627e+01 2.635733202440767364e+00 2.987756994313183867e+00 2.283709410568350862e+00
1.024502712840510732e+01 2.552483599939013192e+00 2.903898935243145019e+00 2.201068264634881366e+00
1.025379215344516659e+01 2.469080336255685459e+00 2.820061980075229346e+00 2.118098692436141572e+00
1.026255717848522764e+01 2.385626717395494811e+00 2.736252881171463702e+00 2.035000553619525920e+00
1.027132220352528691e+01 2.302034059514934228e+00 2.652308184148517434e+00 1.951759934881351244e+00
1.028008722856534618e+01 2.218252072885458670e+00 2.568278334614745528e+00 1.868225811156171812e+00
1.028885225360540723e+01 2.134411708339623015e+00 2.484262410310870806e+00 1.784561006368375446e+00
1.029761727864546650e+01 2.050369909523332534e+00 2.400010002374910467e+00 1.700729816671754824e+00
1.030638230368552755e+01 1.966144748540899378e+00 2.315525847408716587e+00 1.616763649673082393e+00
1.031514732872558682e+01 1.881862173561330787e+00 2.231011273941332362e+00 1.532713073181329433e+00
1.032391235376564786e+01 1.797355668897479219e+00 2.146310408787825530e+00 1.448400929007132687e+00
1.033267737880570714e+01 1.712759170990042712e+00 2.061520106605007729e+00 1.363998235375077694e+00
1.034144240384576818e+01 1.628040822811781529e+00 1.976488653007950624e+00 1.279592992615612435e+00
1.035020742888582745e+01 1.543035109405322736e+00 1.891190763666976471e+00 1.194879455143669000e+00
1.035897245392588850e+01 1.458039646735823425e+00 1.805927013898058986e+00 1.110152279573587863e+00
1.036773747896594777e+01 1.372826091685139360e+00 1.720412324442570640e+00 1.025239858927708081e+00
1.037650250400600882e+01 1.287520925711784558e+00 1.634680601871019157e+00 9.403612495525499604e-01
1.038526752904606809e+01 1.202188142992050901e+00 1.548994666877046900e+00 8.553816191070549024e-01
1.039403255408612736e+01 1.116473489618740267e+00 1.462778616822859146e+00 7.701683624146213880e-01
1.040279757912618841e+01 1.030769235700991215e+00 1.376808012576671070e+00 6.847304588253113611e-01
1.041156260416624768e+01 9.449451388127328988e-01 1.290367510248155547e+00 5.995227673773102506e-01
1.042032762920630873e+01 8.589329260630069740e-01 1.203756251413370171e+00 5.141096007126437772e-01
1.042909265424636800e+01 7.729595679940813868e-01 1.117468036184775748e+00 4.284510998033870810e-01
1.043785767928642905e+01 6.866348444985620469e-01 1.030519804680466445e+00 3.427498843166577047e-01
1.044662270432648832e+01 6.002434767109955382e-01 9.437088875685016864e-01 2.567780658534893901e-01
1.045538772936654937e+01 5.136635145197989694e-01 8.566859690349803991e-01 1.706410600046175952e-01
1.046415275440660864e+01 4.270857349337564557e-01 7.694929937639464201e-01 8.467847610356649124e-02
1.047291777944666791e+01 3.403087728893915975e-01 6.821737610482520031e-01 -1.556215269468808060e-03
1.048168280448672895e+01 2.532323039369044348e-01 5.945816187213279758e-01 -8.811701084751905055e-02
1.049044782952678823e+01 1.661739327449759385e-01 5.071898807899833939e-01 -1.748420153000315169e-01
1.049921285456684927e+01 7.879006971462068631e-02 4.192992684117288205e-01 -2.617191289824873923e-01
1.050797787960690854e+01 -8.722754902229826537e-03 3.311543113759901069e-01 -3.485998211804497982e-01
1.051674290464696959e+01 -9.629705777730035443e-02 2.432235997106031444e-01 -4.358177152652038533e-01
1.052550792968702886e+01 -1.842493953783355121e-01 1.549159845251363854e-01 -5.234147752818074650e-01
1.053427295472708991e+01 -2.722840836647457685e-01 6.680970838631267172e-02 -6.113778757158041532e-01
1.054303797976714918e+01 -3.605845524629096577e-01 -2.165755765185217729e-02 -6.995115472739671381e-01
1.055180300480721023e+01 -4.491859238127981491e-01 -1.104894569482166578e-01 -7.878823906773796404e-01
1.056056802984726950e+01 -5.378657246848586038e-01 -1.990793936783106233e-01 -8.766520556914065843e-01
1.056933305488733055e+01 -6.268517492956148240e-01 -2.878255052568910455e-01 -9.658779933343386581e-01
1.057809807992738982e+01 -7.160930797630038480e-01 -3.770673148440126243e-01 -1.055118844681995016e+00
1.058686310496744909e+01 -8.055782313880172074e-01 -4.665874850770300730e-01 -1.144568977699004453e+00
1.059562813000751014e+01 -8.953162681298821868e-01 -5.560712724743587243e-01 -1.234561263785405760e+00
1.060439315504756941e+01 -9.852150708096506504e-01 -6.456694890529396380e-01 -1.324760652566361774e+00
1.061315818008763046e+01 -1.075416467518736097e+00 -7.357413471972656938e-01 -1.415091587840206611e+00
1.062192320512768973e+01 -1.165856743813120877e+00 -8.261541638609284366e-01 -1.505559323765313318e+00
1.063068823016775077e+01 -1.256459736694024665e+00 -9.166982751230522419e-01 -1.596221198264997199e+00
1.063945325520781005e+01 -1.347337876526747413e+00 -1.007660980393111583e+00 -1.687014772660383244e+00
1.064821828024787109e+01 -1.438219164413873763e+00 -1.098878712191932117e+00 -1.777559616635815409e+00
1.065698330528793036e+01 -1.529244051333978893e+00 -1.190099116267433477e+00 -1.868388986400524310e+00
1.066574833032798963e+01 -1.620621357545091401e+00 -1.281487842144177325e+00 -1.959754872946005477e+00
1.067451335536805068e+01 -1.711989826417275928e+00 -1.373080702729545521e+00 -2.050898950105006335e+00
1.068327838040810995e+01 -1.803536473002719243e+00 -1.465051860341024748e+00 -2.142021085664413516e+00
1.069204340544817100e+01 -1.895273762846968690e+00 -1.557154402519509873e+00 -2.233393123174427508e+00
1.070080843048823027e+01 -1.987086342757227619e+00 -1.648846929362809410e+00 -2.325325756151645606e+00
1.070957345552829132e+01 -2.079348904081528726e+00 -1.741051958565695612e+00 -2.417645849597361618e+00
1.071833848056835059e+01 -2.171561755349984413e+00 -1.833607257817735370e+00 -2.509516252882233456e+00
1.072710350560841164e+01 -2.264070681517995176e+00 -1.926624479798485279e+00 -2.601516883237505073e+00
1.073586853064847091e+01 -2.356786578721316694e+00 -2.019481478657777718e+00 -2.694091678784855670e+00
1.074463355568853196e+01 -2.449578936389819717e+00 -2.111690748811456686e+00 -2.787467123968182747e+00
1.075339858072859123e+01 -2.542888615148623188e+00 -2.205302780122071482e+00 -2.880474450175174894e+00
1.076216360576865227e+01 -2.636109318692132497e+00 -2.299226530601208296e+00 -2.972992106783056698e+00
1.077092863080871155e+01 -2.729706320332841329e+00 -2.393448506738801385e+00 -3.065964133926881274e+00
1.077969365584877082e+01 -2.823441278882930838e+00 -2.487587023821200560e+00 -3.159295533944661116e+00
1.078845868088883186e+01 -2.917173307306639707e+00 -2.580854779876515348e+00 -3.253491834736764066e+00
1.079722370592889114e+01 -3.011464239981066271e+00 -2.675669658884520796e+00 -3.347258821077611746e+00
1.080598873096895218e+01 -3.105773772885593420e+00 -2.770572158566931176e+00 -3.440975387204255664e+00
1.081475375600901145e+01 -3.200318427471771088e+00 -2.866196635603146081e+00 -3.534440219340396094e+00
1.082351878104907250e+01 -3.294974238051874060e+00 -2.961397547948137809e+00 -3.628550928155610311e+00
1.083228380608913177e+01 -3.389586734422924685e+00 -3.056430661406279281e+00 -3.722742807439570090e+00
1.084104883112919282e+01 -3.484545937831877271e+00 -3.151027778091558318e+00 -3.818064097572196225e+00
1.084981385616925209e+01 -3.579718017049080103e+00 -3.246984408161036395e+00 -3.912451625937123811e+00
1.085857888120931136e+01 -3.675193438100745169e+00 -3.343676832977251046e+00 -4.006710043224239293e+00
1.086734390624937241e+01 -3.770782336483017971e+00 -3.440895264994529690e+00 -4.100669407971506253e+00
1.087610893128943346e+01 -3.866409817826432782e+00 -3.538183463132593243e+00 -4.194636172520271877e+00
1.088487395632949273e+01 -3.962418524078876292e+00 -3.635373495992680226e+00 -4.289463552165072358e+00
1.089363898136955200e+01 -4.058385268674571833e+00 -3.732169756595363985e+00 -4.384600780753779681e+00
1.090240400640961305e+01 -4.154342523906517926e+00 -3.828271043676633401e+00 -4.480414004136402006e+00
1.091116903144967232e+01 -4.250647949775306245e+00 -3.924772511340711478e+00 -4.576523388209901455e+00
1.091993405648973336e+01 -4.347116245150903779e+00 -4.021966977339654470e+00 -4.672265512962153089e+00
1.092869908152979264e+01 -4.443859027017463603e+00 -4.119713118844732236e+00 -4.768004935190194971e+00
1.093746410656985368e+01 -4.540896409656696164e+00 -4.217696560898912317e+00 -4.864096258414480012e+00
1.094622913160991295e+01 -4.638074853454422275e+00 -4.315825739491542024e+00 -4.960323967417302526e+00
1.095499415664997400e+01 -4.735564829780331664e+00 -4.414290284248429508e+00 -5.056839375312233820e+00
1.096375918169003327e+01 -4.833052946951104545e+00 -4.512302439224180617e+00 -5.153803454678028473e+00
1.097252420673009254e+01 -4.930754996855945649e+00 -4.610131356304073336e+00 -5.251378637407817962e+00
1.098128923177015359e+01 -5.028985476003060562e+00 -4.708137414436474266e+00 -5.349833537569646857e+00
1.099005425681021286e+01 -5.127213203100637884e+00 -4.805848688773470379e+00 -5.448577717427805389e+00
1.099881928185027391e+01 -5.225861994231662422e+00 -4.903863747027298992e+00 -5.547860241436025852e+00
1.100758430689033318e+01 -5.324810724232235337e+00 -5.002148614246197944e+00 -5.647472834218272730e+00
1.101634933193039423e+01 -5.423870894026107337e+00 -5.100582194889609511e+00 -5.747159593162605162e+00
1.102511435697045350e+01 -5.523667137861084875e+00 -5.199610498391092683e+00 -5.847723777331077066e+00
1.103387938201051455e+01 -5.623447810288615401e+00 -5.298419119428016799e+00 -5.948476501149214002e+00
1.104264440705057382e+01 -5.723603365130309761e+00 -5.397477861604284222e+00 -6.049728868656335301e+00
1.105140943209063309e+01 -5.824155448595766060e+00 -5.496931067633592072e+00 -6.151379829557940049e+00
1.106017445713069414e+01 -5.924619270027905671e+00 -5.596335957772721414e+00 -6.252902582283089927e+00
1.106893948217075518e+01 -6.025858057057847716e+00 -5.696606844284296756e+00 -6.355109269831398677e+00
1.107770450721081446e+01 -6.126999162705751623e+00 -5.796930287474603816e+00 -6.457068037936899429e+00
1.108646953225087373e+01 -6.228392097803258309e+00 -5.897669606846815959e+00 -6.559114588759700659e+00
1.109523455729093477e+01 -6.330052872919434748e+00 -5.998592267668701794e+00 -6.661513478170167701e+00
1.110399958233099404e+01 -6.431604100052693340e+00 -6.099408146643253481e+00 -6.763800053462133199e+00
1.111276460737105509e+01 -6.533732113824187948e+00 -6.200890807645698999e+00 -6.866573420002676897e+00
1.112152963241111436e+01 -6.635961009069904826e+00 -6.302381359302905217e+00 -6.969540658836904434e+00
1.113029465745117541e+01 -6.738485050794337461e+00 -6.404193723355677825e+00 -7.072776378232997097e+00
1.113905968249123468e+01 -6.841421554884487222e+00 -6.506553597017093793e+00 -7.176289512751880650e+00
1.114782470753129573e+01 -6.944516095065353944e+00 -6.609109524419156223e+00 -7.279922665711551666e+00
1.115658973257135500e+01 -7.048138946320918308e+00 -6.712134792748321033e+00 -7.384143099893515583e+00
1.116535475761141427e+01 -7.152069847364705524e+00 -6.815546422556893802e+00 -7.488593272172517246e+00
1.117411978265147532e+01 -7.256262903574208778e+00 -6.919326877327297787e+00 -7.593198929821119769e+00
1.118288480769153459e+01 -7.360910015478032697e+00 -7.023468325701974990e+00 -7.698351705254090405e+00
1.119164983273159564e+01 -7.465811364414541629e+00 -7.128192079964424721e+00 -7.803430648864658536e+00
1.120041485777165491e+01 -7.571235528954605165e+00 -7.233485908737021575e+00 -7.908985149172188756e+00
1.120917988281171596e+01 -7.677156807000215188e+00 -7.339270146930136463e+00 -8.015043467070293914e+00
1.121794490785177523e+01 -7.783356369424603294e+00 -7.445514887672482374e+00 -8.121197851176724214e+00
1.122670993289183627e+01 -7.890051675010340659e+00 -7.552306463863714292e+00 -8.227796886156967915e+00
1.123547495793189555e+01 -7.997081949867878237e+00 -7.659389724475008876e+00 -8.334774175260747597e+00
1.124423998297195482e+01 -8.104509952841654652e+00 -7.767076331081302243e+00 -8.441943574602007061e+00
1.125300500801201586e+01 -8.212521538566369017e+00 -7.875515246215852194e+00 -8.549527830916886728e+00
1.126177003305207691e+01 -8.320705933391870701e+00 -7.984240281777504222e+00 -8.657171585006237180e+00
1.127053505809213618e+01 -8.429301395310670131e+00 -8.093438938599501142e+00 -8.765163852021839119e+00
1.127930008313219545e+01 -8.538197109310415200e+00 -8.202821872188279073e+00 -8.873572346432551328e+00
1.128806510817225650e+01 -8.647280906163345549e+00 -8.312657978527374425e+00 -8.981903833799316672e+00
1.129683013321231577e+01 -8.756884105609401558e+00 -8.422983942149203429e+00 -9.090784269069599688e+00
1.130559515825237682e+01 -8.866491473786766164e+00 -8.533538838456296460e+00 -9.199444109117235868e+00
1.131436018329243609e+01 -8.976328583073097889e+00 -8.644201451509918144e+00 -9.308455714636277634e+00
1.132312520833249714e+01 -9.086376420267100684e+00 -8.754888612519533098e+00 -9.417864228014668271e+00
1.133189023337255641e+01 -9.196249784697506868e+00 -8.865557501746028635e+00 -9.526942067648985102e+00
1.134065525841261746e+01 -9.306760072741894874e+00 -8.976605028668334540e+00 -9.636915116815455207e+00
1.134942028345267673e+01 -9.417278173821667764e+00 -9.087517544081061160e+00 -9.747038803562274367e+00
1.135818530849273600e+01 -9.528009477196794919e+00 -9.198453926254154922e+00 -9.857565028139434915e+00
1.136695033353279705e+01 -9.639198171591617736e+00 -9.309698722792743908e+00 -9.968697620390491565e+00
1.137571535857285632e+01 -9.750257364838301299e+00 -9.420729547229273138e+00 -1.007978518244732946e+01
1.138448038361291736e+01 -9.862168868561475676e+00 -9.532758881204191681e+00 -1.019157885591875967e+01
1.139324540865297664e+01 -9.974070867282318176e+00 -9.644767999445971185e+00 -1.030337373511866517e+01
1.140201043369303768e+01 -1.008617456619467667e+01 -9.756998949637765151e+00 -1.041535018275158819e+01
1.141077545873309695e+01 -1.019876424269376614e+01 -9.869755820261593371e+00 -1.052777266512593890e+01
1.141954048377315800e+01 -1.031132484809612038e+01 -9.982641596409521867e+00 -1.064000809978271889e+01
1.142830550881321727e+01 -1.042451651840941551e+01 -1.009597125693826669e+01 -1.075306177988056433e+01
1.143707053385327832e+01 -1.053781581779713861e+01 -1.020959540717193548e+01 -1.086603622842234174e+01
1.144583555889333759e+01 -1.065133126363507898e+01 -1.032343798563893600e+01 -1.097922454163122197e+01
1.145460058393339864e+01 -1.076531495819580364e+01 -1.043790511359241435e+01 -1.109272480279919293e+01
1.146336560897345791e+01 -1.087922076135243010e+01 -1.055239478503904138e+01 -1.120604673766581882e+01
1.147213063401351718e+01 -1.099362557831301501e+01 -1.066723000903294505e+01 -1.132002114759308498e+01
1.148089565905357823e+01 -1.110833284310425206e+01 -1.078246105698967128e+01 -1.143420462921883285e+01
1.148966068409363750e+01 -1.122316168419537696e+01 -1.089775582910692897e+01 -1.154856753928382496e+01
1.149842570913369855e+01 -1.133830628230042592e+01 -1.101348367963376162e+01 -1.166312888496709022e+01
1.150719073417375782e+01 -1.145364465005804178e+01 -1.112939744660188346e+01 -1.177789185351420009e+01
1.151595575921381887e+01 -1.156942127763284844e+01 -1.124562118782116116e+01 -1.189322136744453573e+01
1.152472078425387814e+01 -1.168546385418831157e+01 -1.136212012868752375e+01 -1.200880757968909940e+01
1.153348580929393918e+01 -1.180164075010509706e+01 -1.147877924123210214e+01 -1.212450225897809197e+01
1.154225083433399845e+01 -1.191837096137662755e+01 -1.159597119547190047e+01 -1.224077072728135462e+01
1.155101585937405773e+01 -1.203537708161197628e+01 -1.171335792487285232e+01 -1.235739623835110024e+01
1.155978088441411877e+01 -1.215254289206822058e+01 -1.183087484238346221e+01 -1.247421094175297895e+01
1.156854590945417982e+01 -1.227021637729683334e+01 -1.194902827701302961e+01 -1.259140447758063708e+01
1.157731093449423909e+01 -1.238801029053745850e+01 -1.206732985055668195e+01 -1.270869073051823506e+01
1.158607595953429836e+01 -1.250609351539371694e+01 -1.218590074773558385e+01 -1.282628628305185003e+01
1.159484098457435941e+01 -1.262458819507424224e+01 -1.230493672855990361e+01 -1.294423966158858086e+01
1.160360600961441868e+01 -1.274314493865714937e+01 -1.242407305139213669e+01 -1.306221682592216204e+01
1.161237103465447973e+01 -1.286221565015648594e+01 -1.254375547284709569e+01 -1.318067582746587618e+01
1.162113605969453900e+01 -1.298127572746130198e+01 -1.266346886483106360e+01 -1.329908259009154037e+01
1.162990108473459827e+01 -1.310060283015906712e+01 -1.278341347768440173e+01 -1.341779218263373252e+01
1.163866610977465932e+01 -1.322038435896939390e+01 -1.290385492724201022e+01 -1.353691379069677758e+01
1.164743113481472037e+01 -1.334008549095875651e+01 -1.302400445792821237e+01 -1.365616652398930064e+01
1.165619615985477964e+01 -1.346054547175851468e+01 -1.314501058009936152e+01 -1.377608036341766784e+01
1.166496118489483891e+01 -1.358099964564727813e+01 -1.326598725068959439e+01 -1.389601204060496187e+01
1.167372620993489996e+01 -1.370162758560828031e+01 -1.338716399808875934e+01 -1.401609117312780128e+01
1.168249123497495923e+01 -1.382285906827349820e+01 -1.350879856741093654e+01 -1.413691956913605985e+01
1.169125626001502027e+01 -1.394386437021156411e+01 -1.363022151408046057e+01 -1.425750722634266765e+01
1.170002128505507955e+01 -1.406559271100735842e+01 -1.375242963989618517e+01 -1.437875578211853167e+01
1.170878631009514059e+01 -1.418733231707832942e+01 -1.387426175566086961e+01 -1.450040287849578924e+01
1.171755133513519986e+01 -1.430917334434908028e+01 -1.399647739045976103e+01 -1.462186929823839954e+01
1.172631636017526091e+01 -1.443158889428498348e+01 -1.411917147109927839e+01 -1.474400631747068857e+01
1.173508138521532018e+01 -1.455380665822876196e+01 -1.424141582858705846e+01 -1.486619748787046547e+01
1.174384641025537945e+01 -1.467663086029116393e+01 -1.436405101670046314e+01 -1.498921070388186472e+01
1.175261143529544050e+01 -1.479971178569662271e+01 -1.448712844341428507e+01 -1.511229512797896035e+01
1.176137646033550155e+01 -1.492284055266056342e+01 -1.461015929415284909e+01 -1.523552181116827775e+01
1.177014148537556082e+01 -1.504640865934114657e+01 -1.473362796030542299e+01 -1.535918935837687016e+01
1.177890651041562009e+01 -1.516989194316560940e+01 -1.485730234911886782e+01 -1.548248153721235099e+01
1.178767153545568114e+01 -1.529355425581512407e+01 -1.498044444313097046e+01 -1.560666406849927768e+01
1.179643656049574041e+01 -1.541742952424316826e+01 -1.510322824682267395e+01 -1.573163080166366257e+01
1.180520158553580146e+01 -1.554131749944352237e+01 -1.522701490804869806e+01 -1.585562009083834667e+01
1.181396661057586073e+01 -1.566550538682332672e+01 -1.535144146307320590e+01 -1.597956931057344754e+01
1.182273163561592000e+01 -1.578968104843755071e+01 -1.547522816479012242e+01 -1.610413393208497723e+01
1.183149666065598105e+01 -1.591395664631629181e+01 -1.559941534725180468e+01 -1.622849794538077717e+01
1.184026168569604209e+01 -1.603832766169642454e+01 -1.572389665535541425e+01 -1.635275866803743483e+01
1.184902671073610136e+01 -1.616247313019517051e+01 -1.584740895006137151e+01 -1.647753731032896951e+01
1.185779173577616064e+01 -1.628677034952021785e+01 -1.597143978172180745e+01 -1.660210091731862647e+01
1.186655676081622168e+01 -1.641111184188222794e+01 -1.609622438223337682e+01 -1.672599930153107906e+01
1.187532178585628095e+01 -1.653524528671614746e+01 -1.622024189332650579e+01 -1.685024868010578913e+01
1.188408681089634200e+01 -1.665954443693515330e+01 -1.634479493826188090e+01 -1.697429393560842570e+01
1.189285183593640127e+01 -1.678361429590318821e+01 -1.647025936877831853e+01 -1.709696922302805788e+01
1.190161686097646232e+01 -1.690746291264868617e+01 -1.659499606185822529e+01 -1.721992976343914705e+01
1.191038188601652159e+01 -1.703129187305345482e+01 -1.671941579023029689e+01 -1.734316795587661275e+01
1.191914691105658264e+01 -1.715478822189015062e+01 -1.684450035561619430e+01 -1.746507608816410695e+01
1.192791193609664191e+01 -1.727826072051529138e+01 -1.696991016731568180e+01 -1.758661127371490096e+01
1.193667696113670118e+01 -1.740109647716927199e+01 -1.709381630521447804e+01 -1.770837664912406595e+01
1.194544198617676223e+01 -1.752371263624380049e+01 -1.721871399450718343e+01 -1.782871127798041755e+01
1.195420701121682328e+01 -1.764634002455301953e+01 -1.734403482703244492e+01 -1.794864522207359414e+01
1.196297203625688255e+01 -1.776799807458842650e+01 -1.746844356438559487e+01 -1.806755258479125814e+01
1.197173706129694182e+01 -1.788961941032825465e+01 -1.759215574773446988e+01 -1.818708307292203941e+01
1.198050208633700286e+01 -1.801085952682874591e+01 -1.771726873064397267e+01 -1.830445032301351915e+01
1.198926711137706214e+01 -1.813131141206575592e+01 -1.783875238993889667e+01 -1.842387043419261516e+01
1.199803213641712318e+01 -1.825201656385396021e+01 -1.796124941112254803e+01 -1.854278371658537239e+01
1.200679716145718245e+01 -1.837208699828090985e+01 -1.808646320434333887e+01 -1.865771079221848083e+01
1.201556218649724173e+01 -1.849184385121957064e+01 -1.820795940111672451e+01 -1.877572830132241677e+01
1.202432721153730277e+01 -1.861110236491929015e+01 -1.832811176914708540e+01 -1.889409296069149491e+01
1.203309223657736382e+01 -1.873030376691038867e+01 -1.844929814640668297e+01 -1.901130938741409437e+01
1.204185726161742309e+01 -1.884958754284153315e+01 -1.857101338139975510e+01 -1.912816170428331120e+01
1.205062228665748236e+01 -1.896798869284132749e+01 -1.869059527672333232e+01 -1.924538210895932266e+01
1.205938731169754341e+01 -1.908615871798352970e+01 -1.881124249391686831e+01 -1.936107494205019108e+01
1.206815233673760268e+01 -1.920413005586515709e+01 -1.893166326204270078e+01 -1.947659684968761340e+01
1.207691736177766373e+01 -1.932107085346115127e+01 -1.905080619167414824e+01 -1.959133551524815431e+01
1.208568238681772300e+01 -1.943753890260851946e+01 -1.916902869406644072e+01 -1.970604911115059821e+01
1.209444741185778405e+01 -1.955329781238966191e+01 -1.928839651478665473e+01 -1.981819910999266909e+01
1.210321243689784332e+01 -1.966838819236985003e+01 -1.940572157622867877e+01 -1.993105480851102129e+01
1.211197746193790437e+01 -1.978266299109504445e+01 -1.952169398077165852e+01 -2.004363200141843038e+01
1.212074248697796364e+01 -1.989584018377953356e+01 -1.963846598058239579e+01 -2.015321438697667134e+01
1.212950751201802291e+01 -2.000850312566889855e+01 -1.975501718178355048e+01 -2.026198906955424661e+01
1.213827253705808396e+01 -2.012033739712296665e+01 -1.986926715393802212e+01 -2.037140764030791118e+01
1.214703756209814500e+01 -2.023142977426149258e+01 -1.998314311323570180e+01 -2.047971643528728336e+01
1.215580258713820427e+01 -2.034165120229102897e+01 -2.009691214167431639e+01 -2.058639026290774154e+01
1.216456761217826354e+01 -2.045049493744274471e+01 -2.020889367817681048e+01 -2.069209619670867895e+01
1.217333263721832459e+01 -2.055860212315645086e+01 -2.032015866872719201e+01 -2.079704557758570971e+01
1.218209766225838386e+01 -2.066580605318095820e+01 -2.043067460088434117e+01 -2.090093750547757523e+01
1.219086268729844491e+01 -2.077161577510830170e+01 -2.053960795972834319e+01 -2.100362359048826022e+01
1.219962771233850418e+01 -2.087655138321394688e+01 -2.064764338919826514e+01 -2.110545937722962861e+01
1.220839273737856345e+01 -2.097995457478327808e+01 -2.075390652680950154e+01 -2.120600262275705461e+01
1.221715776241862450e+01 -2.108200853888354231e+01 -2.085914950108411148e+01 -2.130486757668297315e+01
1.222592278745868555e+01 -2.118313272886105025e+01 -2.096360179603912854e+01 -2.140266366168297196e+01
1.223468781249874482e+01 -2.128259042341641205e+01 -2.106576507250595398e+01 -2.149941577432687012e+01
1.224345283753880409e+01 -2.138062468836277574e+01 -2.116693313366629425e+01 -2.159431624305925723e+01
1.225221786257886514e+01 -2.147709407825830397e+01 -2.126544819323403956e+01 -2.168873996328256837e+01
1.226098288761892441e+01 -2.157168237183775616e+01 -2.136240077345685862e+01 -2.178096397021865371e+01
1.226974791265898546e+01 -2.166496506882675988e+01 -2.145612081127089965e+01 -2.187380932638262010e+01
1.227851293769904473e+01 -2.175612615094193814e+01 -2.155009987777862079e+01 -2.196215242410525548e+01
1.228727796273910577e+01 -2.184555646716465205e+01 -2.164182286630624930e+01 -2.204929006802305480e+01
1.229604298777916505e+01 -2.193291591237837679e+01 -2.172791273468311957e+01 -2.213791909007363401e+01
1.230480801281922609e+01 -2.201807621166896567e+01 -2.181546041330255292e+01 -2.222069201003537842e+01
1.231357303785928536e+01 -2.210150498461702284e+01 -2.190015486622374041e+01 -2.230285510301030527e+01
1.232233806289934464e+01 -2.218220333318868498e+01 -2.198060285786984025e+01 -2.238380380850752971e+01
1.233110308793940568e+01 -2.226081128376865337e+01 -2.205854185873281992e+01 -2.246308070880448682e+01
1.233986811297946673e+01 -2.233694712793079873e+01 -2.213639680386653552e+01 -2.253749745199506194e+01
1.234863313801952600e+01 -2.241031513893137372e+01 -2.220882266388071713e+01 -2.261180761398203032e+01
1.235739816305958527e+01 -2.248168450513095351e+01 -2.228049330770814151e+01 -2.268287570255376551e+01
1.236616318809964632e+01 -2.254996755874065784e+01 -2.234922066148719111e+01 -2.275071445599412456e+01
1.237492821313970559e+01 -2.261566807909925103e+01 -2.241427801048473967e+01 -2.281705814771376239e+01
1.238369323817976664e+01 -2.267934725905430327e+01 -2.247546844696471524e+01 -2.288322607114389129e+01
1.239245826321982591e+01 -2.274033783190413516e+01 -2.253344970125440483e+01 -2.294722596255386549e+01
1.240122328825988696e+01 -2.279912904550278085e+01 -2.258870096632950109e+01 -2.300955712467606062e+01
1.240998831329994623e+01 -2.285541065031154417e+01 -2.264907177460861476e+01 -2.306174952601447359e+01
1.241875333834000728e+01 -2.290879358478658645e+01 -2.269697860757396413e+01 -2.312060856199920877e+01
1.242751836338006655e+01 -2.295904328937179528e+01 -2.273749057972761989e+01 -2.318059599901597068e+01
1.243628338842012582e+01 -2.300617643626244657e+01 -2.277322082283223281e+01 -2.323913204969266033e+01
1.244504841346018686e+01 -2.305051660443146488e+01 -2.280740349943544487e+01 -2.329362970942748490e+01
1.245381343850024614e+01 -2.309172807726856647e+01 -2.283919281508045884e+01 -2.334426333945667409e+01
1.246257846354030718e+01 -2.312971016155254489e+01 -2.286645658402137826e+01 -2.339296373908371152e+01
1.247134348858036645e+01 -2.316473993608533277e+01 -2.288974552915108873e+01 -2.343973434301957681e+01
1.248010851362042750e+01 -2.319684545187007529e+01 -2.291080266874434201e+01 -2.348288823499580857e+01
1.248887353866048677e+01 -2.322625071849498113e+01 -2.292921370738919151e+01 -2.352328772960077075e+01
1.249763856370054782e+01 -2.325336965600288153e+01 -2.294433260622490423e+01 -2.356240670578085883e+01
1.250640358874060709e+01 -2.327856785787815141e+01 -2.295758563966062837e+01 -2.359955007609567446e+01
1.251516861378066636e+01 -2.330224591314539495e+01 -2.296965395062731474e+01 -2.363483787566347516e+01
1.252393363882072741e+01 -2.332464653347217620e+01 -2.298161139837572264e+01 -2.366768166856862976e+01
1.253269866386078846e+01 -2.334590357285140527e+01 -2.299462994219218004e+01 -2.369717720351063051e+01
1.254146368890084773e+01 -2.336601593824720879e+01 -2.300689121087451028e+01 -2.372514066561990731e+01
1.255022871394090700e+01 -2.338506808395995051e+01 -2.301841721045619593e+01 -2.375171895746370510e+01
1.255899373898096805e+01 -2.340320343709014139e+01 -2.302965510476987987e+01 -2.377675176941040291e+01
1.256775876402102732e+01 -2.342030821384266659e+01 -2.304018808809239971e+01 -2.380042833959293347e+01
1.257652378906108837e+01 -2.343610749088605871e+01 -2.304973737955673485e+01 -2.382247760221538257e+01
1.258528881410114764e+01 -2.345067364309695890e+01 -2.305756847851805347e+01 -2.384377880767586433e+01
1.259405383914120868e+01 -2.346412862313556857e+01 -2.306482993177831986e+01 -2.386342731449281729e+01
1.260281886418126795e+01 -2.347647087430078727e+01 -2.307274542785557259e+01 -2.388019632074600196e+01
1.261158388922132900e+01 -2.348779179770222925e+01 -2.307904035359702988e+01 -2.389654324180742861e+01
1.262034891426138827e+01 -2.349809173124483408e+01 -2.308475383215771615e+01 -2.391142963033195201e+01
1.262911393930144754e+01 -2.350760668496257111e+01 -2.308942641572885890e+01 -2.392578695419628332e+01
1.263787896434150859e+01 -2.351627965803474751e+01 -2.309459722968110640e+01 -2.393796208638838863e+01
1.264664398938156786e+01 -2.352418501106263449e+01 -2.309865165192006842e+01 -2.394971837020520056e+01
1.265540901442162891e+01 -2.353142737173422461e+01 -2.310237608073597571e+01 -2.396047866273247351e+01
1.266417403946168818e+01 -2.353802384674798986e+01 -2.310585657019291261e+01 -2.397019112330306712e+01
1.267293906450174923e+01 -2.354403815250666554e+01 -2.310890558781276738e+01 -2.397917071720056370e+01
1.268170408954180850e+01 -2.354950712430321147e+01 -2.311157718955614726e+01 -2.398743705905027568e+01
1.269046911458186955e+01 -2.355445756582374983e+01 -2.311406135987740385e+01 -2.399485377177009582e+01
1.269923413962192882e+01 -2.355893504796108928e+01 -2.311610303896822671e+01 -2.400176705695395185e+01
1.270799916466198809e+01 -2.356294591079104350e+01 -2.311762673692555126e+01 -2.400826508465653575e+01
1.271676418970204914e+01 -2.356656426355294087e+01 -2.311886773673391104e+01 -2.401426079037197070e+01
1.272552921474211018e+01 -2.356980145576986274e+01 -2.311991146893464233e+01 -2.401969144260508315e+01
1.273429423978216946e+01 -2.357268282088051592e+01 -2.312079786244445501e+01 -2.402456777931657683e+01
1.274305926482222873e+01 -2.357525746992905624e+01 -2.312155875325927568e+01 -2.402895618659883681e+01
1.275182428986228977e+01 -2.357756314017768773e+01 -2.312222046500917116e+01 -2.403290581534620429e+01
1.276058931490234905e+01 -2.357964446085904342e+01 -2.312281597325035420e+01 -2.403647294846773264e+01
1.276935433994241009e+01 -2.358151272208071703e+01 -2.312334710052382647e+01 -2.403967834363760758e+01
1.277811936498246936e+01 -2.358315711819525973e+01 -2.312379765661113140e+01 -2.404251657977938805e+01
1.278688439002253041e+01 -2.358457021741189763e+01 -2.312415541991456536e+01 -2.404498501490922990e+01
1.279564941506258968e+01 -2.358576446466118171e+01 -2.312443156710499892e+01 -2.404709736221736449e+01
1.280441444010265073e+01 -2.358678698934040341e+01 -2.312468534079161486e+01 -2.404888863788919195e+01
1.281317946514271000e+01 -2.358767010668800168e+01 -2.312503613837073502e+01 -2.405030407500526834e+01
1.282194449018276927e+01 -2.358841264296249207e+01 -2.312550006493120947e+01 -2.405132522099377468e+01
1.283070951522283032e+01 -2.358903231655466470e+01 -2.312595066697026880e+01 -2.405211396613906061e+01
1.283947454026289137e+01 -2.358956025234651577e+01 -2.312637222524434222e+01 -2.405274827944868932e+01
1.284823956530295064e+01 -2.359001299465445456e+01 -2.312673827354504041e+01 -2.405328771576386870e+01
1.285700459034300991e+01 -2.359041130124412078e+01 -2.312707484054442375e+01 -2.405374776194381781e+01
1.286576961538307096e+01 -2.359075672709511906e+01 -2.312736899301654603e+01 -2.405414446117369209e+01
1.287453464042313023e+01 -2.359105654167896660e+01 -2.312762180752135777e+01 -2.405449127583657543e+01
1.288329966546319127e+01 -2.359131982512937498e+01 -2.312784167637225252e+01 -2.405479797388649743e+01
1.289206469050325055e+01 -2.359154956049777496e+01 -2.312803033134597541e+01 -2.405506878964957451e+01
1.290082971554330982e+01 -2.359175038125550827e+01 -2.312819340649643962e+01 -2.405530735601457692e+01
1.290959474058337086e+01 -2.359192636216817718e+01 -2.312833823144683976e+01 -2.405551449288951460e+01
1.291835976562343191e+01 -2.359208757120699573e+01 -2.312848467140460329e+01 -2.405569047100938818e+01
1.292712479066349118e+01 -2.359223776222720304e+01 -2.312862133156039590e+01 -2.405585419289401017e+01
1.293588981570355045e+01 -2.359237427561393474e+01 -2.312874551720120309e+01 -2.405600303402666640e+01
1.294465484074361150e+01 -2.359249610813450460e+01 -2.312883918915377635e+01 -2.405615302711523285e+01
1.295341986578367077e+01 -2.359260544510805246e+01 -2.312892250445977638e+01 -2.405628838575632855e+01
1.296218489082373182e+01 -2.359270437535926490e+01 -2.312899770693366364e+01 -2.405641104378486617e+01
1.297094991586379109e+01 -2.359279575942510121e+01 -2.312906739742225781e+01 -2.405652412142794461e+01
1.297971494090385214e+01 -2.359288052327008955e+01 -2.312913248239169306e+01 -2.405662856414848605e+01
1.298847996594391141e+01 -2.359296226137929864e+01 -2.312919622269130215e+01 -2.405672830006729512e+01
1.299724499098397246e+01 -2.359304202307486165e+01 -2.312925963346402014e+01 -2.405682441268570315e+01
1.300601001602403173e+01 -2.359311752934478790e+01 -2.312932028367240278e+01 -2.405691477501717301e+01
1.301477504106409100e+01 -2.359318891192565459e+01 -2.312936396679089768e+01 -2.405701385706041151e+01
1.302354006610415205e+01 -2.359325761843122393e+01 -2.312940312925424990e+01 -2.405711210760819796e+01
1.303230509114421309e+01 -2.359332426798371785e+01 -2.312945015814416294e+01 -2.405719837782327275e+01
1.304107011618427236e+01 -2.359338877164308812e+01 -2.312950850578265971e+01 -2.405726903750351653e+01
1.304983514122433164e+01 -2.359344994850422239e+01 -2.312956813147764734e+01 -2.405733176553079744e+01
1.305860016626439268e+01 -2.359350830912906005e+01 -2.312962508281395557e+01 -2.405739153544416453e+01
1.306736519130445195e+01 -2.359356447900566778e+01 -2.312967997749362326e+01 -2.405744898051771230e+01
1.307613021634451300e+01 -2.359361771262786434e+01 -2.312973205512856367e+01 -2.405750337012716500e+01
1.308489524138457227e+01 -2.359366734198050963e+01 -2.312978063685546104e+01 -2.405755404710555823e+01
1.309366026642463154e+01 -2.359371452863583940e+01 -2.312982687757766698e+01 -2.405760217969401182e+01
1.310242529146469259e+01 -2.359376211472431706e+01 -2.312987360728195085e+01 -2.405765062216668326e+01
1.311119031650475364e+01 -2.359381168565070652e+01 -2.312992240437609226e+01 -2.405770096692532078e+01
1.311995534154481291e+01 -2.359386140666776654e+01 -2.312997067351071223e+01 -2.405775213982482086e+01
1.312872036658487218e+01 -2.359390938113651970e+01 -2.313000714194374297e+01 -2.405781162032929643e+01
1.313748539162493323e+01 -2.359395592571080158e+01 -2.313002928465239449e+01 -2.405788256676920867e+01
1.314625041666499250e+01 -2.359400077509211968e+01 -2.313005212206016026e+01 -2.405794942812407911e+01
1.315501544170505355e+01 -2.359404324257123164e+01 -2.313007472636061479e+01 -2.405801175878184850e+01
1.316378046674511282e+01 -2.359408269393900071e+01 -2.313009633402665344e+01 -2.405806905385134797e+01
1.317254549178517387e+01 -2.359411934604679928e+01 -2.313011687178606479e+01 -2.405812182030753377e+01
1.318131051682523314e+01 -2.359415366997779273e+01 -2.313013673395633418e+01 -2.405817060599925128e+01
1.319007554186529418e+01 -2.359418584987210821e+01 -2.313015591893703160e+01 -2.405821578080718481e+01
1.319884056690535346e+01 -2.359421603831205516e+01 -2.313017439802761999e+01 -2.405825767859649034e+01
1.320760559194541273e+01 -2.359424467234159550e+01 -2.313019256080808717e+01 -2.405829678387510384e+01
1.321637061698547377e+01 -2.359427125565599326e+01 -2.313020970690903511e+01 -2.405833280440295141e+01
1.322513564202553482e+01 -2.359429506148163824e+01 -2.313022506895152119e+01 -2.405836505401175529e+01
1.323390066706559409e+01 -2.359431654796337341e+01 -2.313023899940143835e+01 -2.405839409652530847e+01
1.324266569210565336e+01 -2.359433683308145291e+01 -2.313025248705856640e+01 -2.405842117910433942e+01
1.325143071714571441e+01 -2.359435531639879713e+01 -2.313026492459368910e+01 -2.405844570820390516e+01
1.326019574218577368e+01 -2.359437189835182380e+01 -2.313027608268935609e+01 -2.405846771401429152e+01
1.326896076722583473e+01 -2.359438669673144773e+01 -2.313028604060778193e+01 -2.405848735285511353e+01
1.327772579226589400e+01 -2.359439989545183991e+01 -2.313029492210591798e+01 -2.405850486879776184e+01
1.328649081730595327e+01 -2.359441173452934137e+01 -2.313030288869219220e+01 -2.405852058036649055e+01
1.329525584234601432e+01 -2.359442225565340578e+01 -2.313030996841969156e+01 -2.405853454288712001e+01
1.330402086738607537e+01 -2.359443167020454979e+01 -2.313031630352763557e+01 -2.405854703688146401e+01
1.331278589242613464e+01 -2.359444005515532439e+01 -2.313032194581131407e+01 -2.405855816449933471e+01
1.332155091746619391e+01 -2.359444750831911719e+01 -2.313032696108994557e+01 -2.405856805554828881e+01
1.333031594250625496e+01 -2.359445416588470934e+01 -2.313033144100576877e+01 -2.405857689076364991e+01
1.333908096754631423e+01 -2.359446007277496093e+01 -2.313033541578765551e+01 -2.405858472976226636e+01
1.334784599258637527e+01 -2.359446533144706137e+01 -2.313033895437965981e+01 -2.405859170851446294e+01
1.335661101762643455e+01 -2.359447000442263231e+01 -2.313034209885295311e+01 -2.405859790999231151e+01
1.336537604266649559e+01 -2.359447414373988039e+01 -2.313034488422436397e+01 -2.405860340325539681e+01
1.337414106770655486e+01 -2.359447782426290274e+01 -2.313034736087038468e+01 -2.405860828765542081e+01
1.338290609274661591e+01 -2.359448108411025657e+01 -2.313034955444122431e+01 -2.405861261377928884e+01
1.339167111778667518e+01 -2.359448397148072019e+01 -2.313035149737012830e+01 -2.405861644559131207e+01
1.340043614282673445e+01 -2.359448653092177040e+01 -2.313035321963337054e+01 -2.405861984221017025e+01
1.340920116786679550e+01 -2.359448879032502333e+01 -2.313035473999937608e+01 -2.405862284065067058e+01
1.341796619290685655e+01 -2.359449078980188119e+01 -2.313035608545934707e+01 -2.405862549414441531e+01
1.342673121794691582e+01 -2.359449255752959829e+01 -2.313035727497392813e+01 -2.405862784008526845e+01
1.343549624298697509e+01 -2.359449411510567884e+01 -2.313035832307621575e+01 -2.405862990713514193e+01
1.344426126802703614e+01 -2.359449549183597838e+01 -2.313035924948629685e+01 -2.405863173418565992e+01
1.345302629306709541e+01 -2.359449670298406687e+01 -2.313036006447510928e+01 -2.405863334149302446e+01
1.346179131810715646e+01 -2.359449776954409828e+01 -2.313036078216975611e+01 -2.405863475691844044e+01
1.347055634314721573e+01 -2.359449871074730609e+01 -2.313036141551103597e+01 -2.405863600598357621e+01
1.347932136818727500e+01 -2.359449953573214032e+01 -2.313036197064828769e+01 -2.405863710081599294e+01
1.348808639322733605e+01 -2.359450026267996492e+01 -2.313036245981583505e+01 -2.405863806554409479e+01
1.349685141826739709e+01 -2.359450089996900601e+01 -2.313036288865145451e+01 -2.405863891128655752e+01
1.350561644330745636e+01 -2.359450145823826617e+01 -2.313036326431418743e+01 -2.405863965216234490e+01
1.351438146834751564e+01 -2.359450194984857774e+01 -2.313036359512171458e+01 -2.405864030457544089e+01
1.352314649338757668e+01 -2.359450237850406040e+01 -2.313036388356656303e+01 -2.405864087344155777e+01
1.353191151842763773e+01 -2.359450275500739380e+01 -2.313036413691791182e+01 -2.405864137309687578e+01
1.354067654346769700e+01 -2.359450308393887497e+01 -2.313036435825788217e+01 -2.405864180961986776e+01
1.354944156850775627e+01 -2.359450337051923441e+01 -2.313036455109952527e+01 -2.405864218993894355e+01
1.355820659354781554e+01 -2.359450362231509857e+01 -2.313036472053447312e+01 -2.405864252409572401e+01
1.356697161858787659e+01 -2.359450384017756619e+01 -2.313036486713543383e+01 -2.405864281321969855e+01
1.357573664362793764e+01 -2.359450403060623103e+01 -2.313036499527602174e+01 -2.405864306593644031e+01
1.358450166866799691e+01 -2.359450419646020691e+01 -2.313036510688015923e+01 -2.405864328604025459e+01
1.359326669370805618e+01 -2.359450434039537825e+01 -2.313036520373499982e+01 -2.405864347705575668e+01
1.360203171874811723e+01 -2.359450446634738441e+01 -2.313036528848886064e+01 -2.405864364420590817e+01
1.361079674378817828e+01 -2.359450457537498025e+01 -2.313036536185418868e+01 -2.405864378889577182e+01
1.361956176882823755e+01 -2.359450467026077547e+01 -2.313036542570340615e+01 -2.405864391481814479e+01
1.362832679386829682e+01 -2.359450475262420355e+01 -2.313036548112624757e+01 -2.405864402412215952e+01
1.363709181890835787e+01 -2.359450482382431602e+01 -2.313036552903723475e+01 -2.405864411861139729e+01
1.364585684394841891e+01 -2.359450488576752036e+01 -2.313036557071918864e+01 -2.405864420081585209e+01
1.365462186898847818e+01 -2.359450493926857817e+01 -2.313036560672037112e+01 -2.405864427181678522e+01
1.366338689402853745e+01 -2.359450498555610665e+01 -2.313036563786752708e+01 -2.405864433324468621e+01
1.367215191906859673e+01 -2.359450502559099050e+01 -2.313036566480723977e+01 -2.405864438637474123e+01
1.368091694410865777e+01 -2.359450506006382753e+01 -2.313036568800421833e+01 -2.405864443212343673e+01
1.368968196914871882e+01 -2.359450508987207229e+01 -2.313036570806236369e+01 -2.405864447168178089e+01
1.369844699418877809e+01 -2.359450511555598240e+01 -2.313036572534522151e+01 -2.405864450576674329e+01
1.370721201922883736e+01 -2.359450513764329926e+01 -2.313036574020791036e+01 -2.405864453507868816e+01
1.371597704426889841e+01 -2.359450515667168347e+01 -2.313036575301222442e+01 -2.405864456033114251e+01
1.372474206930895946e+01 -2.359450517299162797e+01 -2.313036576399401412e+01 -2.405864458198924183e+01
1.373350709434901873e+01 -2.359450518701567034e+01 -2.313036577343087430e+01 -2.405864460060046639e+01
1.374227211938907800e+01 -2.359450519906936350e+01 -2.313036578154187595e+01 -2.405864461659685105e+01
1.375103714442913727e+01 -2.359450520937159368e+01 -2.313036578847430746e+01 -2.405864463026887989e+01
1.375980216946919832e+01 -2.359450521820843250e+01 -2.313036579442066909e+01 -2.405864464199619590e+01
1.376856719450925937e+01 -2.359450522575664877e+01 -2.313036579949991278e+01 -2.405864465201338476e+01
1.377733221954931864e+01 -2.359450523220104756e+01 -2.313036580383638707e+01 -2.405864466056570805e+01
1.378609724458937791e+01 -2.359450523772562747e+01 -2.313036580755390759e+01 -2.405864466789734735e+01
1.379486226962943896e+01 -2.359450524241847091e+01 -2.313036581071175135e+01 -2.405864467412519048e+01
1.380362729466950000e+01 -2.359450524642543101e+01 -2.313036581340805498e+01 -2.405864467944280705e+01
1.381239231970955927e+01 -2.359450524983397912e+01 -2.313036581570169403e+01 -2.405864468396626421e+01
1.382115734474961855e+01 -2.359450525272425381e+01 -2.313036581764657029e+01 -2.405864468780193732e+01
1.382992236978967959e+01 -2.359450525519464748e+01 -2.313036581930892055e+01 -2.405864469108037440e+01
1.383868739482974064e+01 -2.359450525728006909e+01 -2.313036582071221048e+01 -2.405864469384792770e+01
1.384745241986979991e+01 -2.359450525905206320e+01 -2.313036582190459356e+01 -2.405864469619953283e+01
1.385621744490985918e+01 -2.359450526055312380e+01 -2.313036582291466914e+01 -2.405864469819157847e+01
1.386498246994991845e+01 -2.359450526181706209e+01 -2.313036582376517813e+01 -2.405864469986894605e+01
1.387374749498997950e+01 -2.359450526289412764e+01 -2.313036582448994238e+01 -2.405864470129831290e+01
1.450000000000000000e+01 -2.359450526289412764e+01 -2.313036582448994238e+01 -2.405864470129831290e+01
