# # Muv, logPhi, -err(logPhi), +err(logPhi)
-3.000000000000000000e+01 -1.438483762473658345e+01 -1.558410372932273624e+01 -1.318557152015043066e+01
-2.989898989898989967e+01 -1.415575996158158034e+01 -1.531134863775431754e+01 -1.300017128540884315e+01
-2.979797979797979579e+01 -1.391990500401990438e+01 -1.502850171777790322e+01 -1.281130829026190554e+01
-2.969696969696969546e+01 -1.369687638546244379e+01 -1.476372367003419761e+01 -1.263002910089068997e+01
-2.959595959595959869e+01 -1.346697164368995203e+01 -1.448900618746360713e+01 -1.244493709991629693e+01
-2.949494949494949481e+01 -1.324717459821964205e+01 -1.422822601645819951e+01 -1.226612317998108459e+01
-2.939393939393939448e+01 -1.302611544840352131e+01 -1.396563060731113737e+01 -1.208660028949590526e+01
-2.929292929292929060e+01 -1.281004603002974918e+01 -1.370961468368997238e+01 -1.191047737636952597e+01
-2.919191919191919027e+01 -1.259745615175928535e+01 -1.345844306226803155e+01 -1.173646924125053914e+01
-2.909090909090909349e+01 -1.238557255811254976e+01 -1.320786192078130306e+01 -1.156328319544379646e+01
-2.898989898989898961e+01 -1.218115065101304317e+01 -1.296755849871577837e+01 -1.139474280331030798e+01
-2.888888888888888928e+01 -1.197388112861904474e+01 -1.272300931836250015e+01 -1.122475293887558934e+01
-2.878787878787878896e+01 -1.177738759336116203e+01 -1.249313105658615619e+01 -1.106164413013616787e+01
-2.868686868686868507e+01 -1.157513549401857134e+01 -1.225515302303893073e+01 -1.089511796499821195e+01
-2.858585858585858475e+01 -1.138310987611890468e+01 -1.203090512655132471e+01 -1.073531462568648465e+01
-2.848484848484848442e+01 -1.118952800913386980e+01 -1.180443097546626063e+01 -1.057462504280147897e+01
-2.838383838383838054e+01 -1.100228654801215278e+01 -1.158626320125593523e+01 -1.041830989476837033e+01
-2.828282828282828376e+01 -1.081727158269750078e+01 -1.137101159750446655e+01 -1.026353156789053500e+01
-2.818181818181818343e+01 -1.063526317467561633e+01 -1.115953005246393914e+01 -1.011099629688729351e+01
-2.808080808080807955e+01 -1.045859195380252338e+01 -1.095508367390653426e+01 -9.962100233698512497e+00
-2.797979797979797922e+01 -1.028222908749581421e+01 -1.075082648641574679e+01 -9.813631688575881640e+00
-2.787878787878788245e+01 -1.011372047472466740e+01 -1.055684733414527976e+01 -9.670593615304055035e+00
-2.777777777777777857e+01 -9.943381591690748422e+00 -1.036029397231988014e+01 -9.526469211061616704e+00
-2.767676767676767824e+01 -9.781586451360071877e+00 -1.017480855653535521e+01 -9.388364346184788545e+00
-2.757575757575757791e+01 -9.618918484503012678e+00 -9.988083879243397689e+00 -9.249753089762627667e+00
-2.747474747474747403e+01 -9.463025478682078884e+00 -9.810020021680212921e+00 -9.116030935683944847e+00
-2.737373737373737370e+01 -9.309031683186406170e+00 -9.639003708309912710e+00 -8.979059658062899629e+00
-2.727272727272726982e+01 -9.159415623903965908e+00 -9.475825470430340403e+00 -8.843005777377591414e+00
-2.717171717171716949e+01 -9.013901878581211946e+00 -9.317433872002634843e+00 -8.710369885159789050e+00
-2.707070707070707272e+01 -8.870894525062055891e+00 -9.161922442080507878e+00 -8.579866608043603904e+00
-2.696969696969696884e+01 -8.733694098372081882e+00 -9.013166745054562057e+00 -8.454221451689601707e+00
-2.686868686868686851e+01 -8.597586645081291223e+00 -8.865653850830319982e+00 -8.329519439332262465e+00
-2.676767676767676818e+01 -8.468364209827837996e+00 -8.726111835239658276e+00 -8.210616584416017716e+00
-2.666666666666666430e+01 -8.339599052054545325e+00 -8.594409004358496418e+00 -8.084789099750594232e+00
-2.656565656565656752e+01 -8.217184694983087567e+00 -8.469549464163458552e+00 -7.964819925802716583e+00
-2.646464646464646364e+01 -8.097017928873285086e+00 -8.346946781417171835e+00 -7.847089076329398338e+00
-2.636363636363636331e+01 -7.981664850041744863e+00 -8.229263935916796058e+00 -7.734065764166694557e+00
-2.626262626262626299e+01 -7.869905587738593944e+00 -8.115235957749273865e+00 -7.624575217727914023e+00
-2.616161616161615910e+01 -7.761822826921324747e+00 -8.004944666503668316e+00 -7.518700987338980291e+00
-2.606060606060605878e+01 -7.658297780614195638e+00 -7.899310702303347753e+00 -7.417284858925043523e+00
-2.595959595959595845e+01 -7.557652415155419412e+00 -7.796582917033916260e+00 -7.318721913276922564e+00
-2.585858585858585457e+01 -7.462201108719276554e+00 -7.699176254601842295e+00 -7.225225962836710814e+00
-2.575757575757575779e+01 -7.369119780469710612e+00 -7.604142689859830107e+00 -7.134096871079591118e+00
-2.565656565656565746e+01 -7.281185736283300791e+00 -7.514382925155401516e+00 -7.047988547411200067e+00
-2.555555555555555358e+01 -7.196160152075753658e+00 -7.427557329809059361e+00 -6.964762974342447954e+00
-2.545454545454545325e+01 -7.115650015468633072e+00 -7.345346957650757957e+00 -6.885953073286508186e+00
-2.535353535353535648e+01 -7.038674234877959179e+00 -7.266725858514585745e+00 -6.810622611241332613e+00
-2.525252525252525260e+01 -6.965648698194514488e+00 -7.192129331460058950e+00 -6.739168064928970026e+00
-2.515151515151515227e+01 -6.896524120146676040e+00 -7.121508809216337887e+00 -6.671539431077014193e+00
-2.505050505050505194e+01 -6.830999353120596140e+00 -7.054545301601479856e+00 -6.607453404639712424e+00
-2.494949494949494806e+01 -6.769528453761649800e+00 -6.991723314763643948e+00 -6.547333592759655652e+00
-2.484848484848484773e+01 -6.711475522374264813e+00 -6.932366203828519424e+00 -6.490584840920010201e+00
-2.474747474747474740e+01 -6.657422385309556212e+00 -6.877099991896137077e+00 -6.437744778722975347e+00
-2.464646464646464352e+01 -6.606799916667774220e+00 -6.825312524899239897e+00 -6.388287308436308543e+00
-2.454545454545454675e+01 -6.559958209472344315e+00 -6.777389093200543613e+00 -6.342527325744145017e+00
-2.444444444444444642e+01 -6.516636237248702557e+00 -6.733045578580846069e+00 -6.300226895916559045e+00
-2.434343434343434254e+01 -6.476876970252116728e+00 -6.692337351956301639e+00 -6.261416588547931816e+00
-2.424242424242424221e+01 -6.440579282262020477e+00 -6.655157430879116376e+00 -6.226001133644924579e+00
-2.414141414141414543e+01 -6.407715900539021625e+00 -6.621478411679761145e+00 -6.193953389398282106e+00
-2.404040404040404155e+01 -6.378143008468505570e+00 -6.591158727776688764e+00 -6.165127289160322377e+00
-2.393939393939394122e+01 -6.351926424198425458e+00 -6.564259445402190529e+00 -6.139593402994660387e+00
-2.383838383838383734e+01 -6.328746301931888141e+00 -6.540464156931133921e+00 -6.117028446932642360e+00
-2.373737373737373701e+01 -6.308858664879966049e+00 -6.520025294357798984e+00 -6.097692035402133115e+00
-2.363636363636363313e+01 -6.291784098486338017e+00 -6.502463705697594243e+00 -6.081104491275081791e+00
-2.353535353535353281e+01 -6.277743897237286319e+00 -6.494102647905863890e+00 -6.061385146568708748e+00
-2.343434343434343248e+01 -6.266363142885829518e+00 -6.488636219797402127e+00 -6.044090065974256909e+00
-2.333333333333332860e+01 -6.257675730998180086e+00 -6.485999398548766948e+00 -6.029352063447593224e+00
-2.323232323232323182e+01 -6.251479319805480550e+00 -6.485913880719849089e+00 -6.017044758891112011e+00
-2.313131313131313149e+01 -6.247591871266068075e+00 -6.488140077498065317e+00 -6.007043665034070834e+00
-2.303030303030302761e+01 -6.245976301529118757e+00 -6.492570701464307703e+00 -5.999381901593929811e+00
-2.292929292929292728e+01 -6.246259884767638049e+00 -6.498952325115070039e+00 -5.993567444420206058e+00
-2.282828282828283051e+01 -6.248526396491131507e+00 -6.507895562557254543e+00 -5.989157230425008471e+00
-2.272727272727272663e+01 -6.252300977201602272e+00 -6.518003869905963477e+00 -5.986598084497241068e+00
-2.262626262626262630e+01 -6.257633692527771352e+00 -6.529147565777726037e+00 -5.986119819277816667e+00
-2.252525252525252597e+01 -6.264117797928700604e+00 -6.540920126630867415e+00 -5.987315469226533793e+00
-2.242424242424242209e+01 -6.271658487128249249e+00 -6.553072773729565093e+00 -5.990244200526933405e+00
-2.232323232323232176e+01 -6.279973849209848247e+00 -6.565300009766875000e+00 -5.994647688652821493e+00
-2.222222222222222143e+01 -6.288870907239969554e+00 -6.577338894546569392e+00 -6.000402919933369716e+00
-2.212121212121211755e+01 -6.298125290687904609e+00 -6.588906757015029925e+00 -6.007343824360779294e+00
-2.202020202020202078e+01 -6.307537533640633853e+00 -6.599846535307801076e+00 -6.015228531973466630e+00
-2.191919191919192045e+01 -6.316882379288903060e+00 -6.609848424544840562e+00 -6.023916334032965558e+00
-2.181818181818181657e+01 -6.326034082408193981e+00 -6.618936583690231856e+00 -6.033131581126156107e+00
-2.171717171717171624e+01 -6.334730947677879698e+00 -6.626766857240116160e+00 -6.042695038115643236e+00
-2.161616161616161946e+01 -6.342942146533463443e+00 -6.633506127726123580e+00 -6.052378165340803307e+00
-2.151515151515151558e+01 -6.350450199056095535e+00 -6.638943105861922156e+00 -6.061957292250268914e+00
-2.141414141414141525e+01 -6.357239276685138663e+00 -6.643212787179328060e+00 -6.071265766190949265e+00
-2.131313131313131493e+01 -6.363196995435091985e+00 -6.646284060059484133e+00 -6.080109930810699836e+00
-2.121212121212121104e+01 -6.368291583508925768e+00 -6.648241958585368927e+00 -6.088341208432482610e+00
-2.111111111111111072e+01 -6.372532756902399065e+00 -6.649197591702306731e+00 -6.095867922102491399e+00
-2.101010101010100684e+01 -6.375857492422578154e+00 -6.649185005193473330e+00 -6.102529979651682979e+00
-2.090909090909090651e+01 -6.378386803966420437e+00 -6.648401054395243648e+00 -6.108372553537597227e+00
-2.080808080808080973e+01 -6.380023098184946839e+00 -6.646837450619234033e+00 -6.113208745750659645e+00
-2.070707070707070585e+01 -6.380950690033629691e+00 -6.644708156817547895e+00 -6.117193223249711487e+00
-2.060606060606060552e+01 -6.381102321824035251e+00 -6.642351980063033956e+00 -6.119852663585036545e+00
-2.050505050505050164e+01 -6.380629228150943355e+00 -6.639673089317778221e+00 -6.121585366984108489e+00
-2.040404040404040131e+01 -6.379530876240851356e+00 -6.636602756415610038e+00 -6.122458996066092674e+00
-2.030303030303030454e+01 -6.377896435483737747e+00 -6.633224058503393472e+00 -6.122568812464082022e+00
-2.020202020202020066e+01 -6.375777190655586679e+00 -6.629585356608524549e+00 -6.121969024702648809e+00
-2.010101010101010033e+01 -6.373211808862617289e+00 -6.625721090846744765e+00 -6.120702526878489813e+00
-2.000000000000000000e+01 -6.370281542493480664e+00 -6.621681250009539887e+00 -6.118881834977421441e+00
