# # Muv, logPhi, -err(logPhi), +err(logPhi)
-3.000000000000000000e+01 -1.681382322139280205e+01 -1.729596746443241173e+01 -1.633167897835319238e+01
-2.989898989898989967e+01 -1.668807914490692568e+01 -1.715623864022592571e+01 -1.621991964958792565e+01
-2.979797979797979579e+01 -1.656117700108703872e+01 -1.701502086215818466e+01 -1.610733314001589278e+01
-2.969696969696969546e+01 -1.643873027130103281e+01 -1.687922715372586424e+01 -1.599823338887620139e+01
-2.959595959595959869e+01 -1.631499162312243101e+01 -1.674180483967353084e+01 -1.588817840657133118e+01
-2.949494949494949481e+01 -1.619498803483992688e+01 -1.660889929479132476e+01 -1.578107677488852723e+01
-2.939393939393939448e+01 -1.607524386142023687e+01 -1.647627972433780030e+01 -1.567420799850267521e+01
-2.929292929292929060e+01 -1.595777295369740401e+01 -1.634637728998581707e+01 -1.556916861740899094e+01
-2.919191919191919027e+01 -1.584190897384565488e+01 -1.621840480475593083e+01 -1.546541314293537894e+01
-2.909090909090909349e+01 -1.572704918875131419e+01 -1.609160480982744090e+01 -1.536249356767518570e+01
-2.898989898989898961e+01 -1.561495996704257472e+01 -1.596813731945423243e+01 -1.526178261463091701e+01
-2.888888888888888928e+01 -1.550277937651921434e+01 -1.584452477027108408e+01 -1.516103398276734460e+01
-2.878787878787878896e+01 -1.539436689270105774e+01 -1.572543149784049632e+01 -1.506330228756161915e+01
-2.868686868686868507e+01 -1.528492377462534968e+01 -1.560507810019887920e+01 -1.496476944905182016e+01
-2.858585858585858475e+01 -1.517912947747428909e+01 -1.548908202915321475e+01 -1.486917692579536343e+01
-2.848484848484848442e+01 -1.507343945557792431e+01 -1.537320259394201472e+01 -1.477367631721383390e+01
-2.838383838383838054e+01 -1.497027572730181788e+01 -1.526032209879571688e+01 -1.468022935580791888e+01
-2.828282828282828376e+01 -1.486827953757818221e+01 -1.514883182590147470e+01 -1.458772724925488973e+01
-2.818181818181818343e+01 -1.476779785511003595e+01 -1.503913062730463146e+01 -1.449646508291544045e+01
-2.808080808080807955e+01 -1.466939244341944537e+01 -1.493189410941985429e+01 -1.440689077741903645e+01
-2.797979797979797922e+01 -1.457163382701301302e+01 -1.482542193472940006e+01 -1.431784571929662597e+01
-2.787878787878788245e+01 -1.447672118067394820e+01 -1.472305542986985927e+01 -1.423038693147803713e+01
-2.777777777777777857e+01 -1.438171658574085932e+01 -1.462100857271118670e+01 -1.414242459877053193e+01
-2.767676767676767824e+01 -1.428979334058126582e+01 -1.452250814062846018e+01 -1.405707854053407146e+01
-2.757575757575757791e+01 -1.419797324974266850e+01 -1.442413883150927134e+01 -1.397180766797606566e+01
-2.747474747474747403e+01 -1.410869449622468430e+01 -1.432868562978898908e+01 -1.388870336266037953e+01
-2.737373737373737370e+01 -1.402032434355306201e+01 -1.423428815705381645e+01 -1.380636053005230757e+01
-2.727272727272726982e+01 -1.393370947680066685e+01 -1.414190375216534967e+01 -1.372551520143598403e+01
-2.717171717171716949e+01 -1.384868305757168017e+01 -1.405134548611268208e+01 -1.364602062903067825e+01
-2.707070707070707272e+01 -1.376474075387964824e+01 -1.396284355702633029e+01 -1.356663795073296619e+01
-2.696969696969696884e+01 -1.368295453886755730e+01 -1.387721972393842762e+01 -1.348868935379668699e+01
-2.686868686868686851e+01 -1.360168301944348990e+01 -1.379217765345261704e+01 -1.341118838543436276e+01
-2.676767676767676818e+01 -1.352296483344129818e+01 -1.370994007203479192e+01 -1.333598959484780444e+01
-2.666666666666666430e+01 -1.344442245682072112e+01 -1.362791797624461942e+01 -1.326092693739682282e+01
-2.656565656565656752e+01 -1.336825086990273448e+01 -1.354849401268710984e+01 -1.318800772711835911e+01
-2.646464646464646364e+01 -1.329283607743264994e+01 -1.346991744241334743e+01 -1.311575471245195246e+01
-2.636363636363636331e+01 -1.321919356850339788e+01 -1.339328382978176002e+01 -1.304510330722503575e+01
-2.626262626262626299e+01 -1.314679113707507518e+01 -1.331801761951593477e+01 -1.297556465463421560e+01
-2.616161616161615910e+01 -1.307564934067394091e+01 -1.324413822163041132e+01 -1.290716045971747050e+01
-2.606060606060605878e+01 -1.300614465043499379e+01 -1.317204814414203007e+01 -1.284024115672795752e+01
-2.595959595959595845e+01 -1.293746466216749802e+01 -1.310087437421255352e+01 -1.277405495012244252e+01
-2.585858585858585457e+01 -1.287074302735834941e+01 -1.303182631185553220e+01 -1.270965974286116662e+01
-2.575757575757575779e+01 -1.280447572830134462e+01 -1.296329758127426146e+01 -1.264565387532842777e+01
-2.565656565656565746e+01 -1.274017376545899083e+01 -1.289689379399756852e+01 -1.258345373692041314e+01
-2.555555555555555358e+01 -1.267650828526046070e+01 -1.283120111218202375e+01 -1.252181545833889764e+01
-2.545454545454545325e+01 -1.261446255132809036e+01 -1.276725853132422372e+01 -1.246166657133195699e+01
-2.535353535353535648e+01 -1.255337766839525671e+01 -1.270436636968902633e+01 -1.240238896710148708e+01
-2.525252525252525260e+01 -1.249352167027173799e+01 -1.264280433696140626e+01 -1.234423900358206971e+01
-2.515151515151515227e+01 -1.243488907964618484e+01 -1.258256337992920848e+01 -1.228721477936316120e+01
-2.505050505050505194e+01 -1.237714713641924291e+01 -1.252329078859516720e+01 -1.223100348424331862e+01
-2.494949494949494806e+01 -1.232083813484874391e+01 -1.246555165275130683e+01 -1.217612461694618098e+01
-2.484848484848484773e+01 -1.226512617768799984e+01 -1.240846805400695274e+01 -1.212178430136904694e+01
-2.474747474747474740e+01 -1.221093812519418798e+01 -1.235300477153810483e+01 -1.206887147885027112e+01
-2.464646464646464352e+01 -1.215723821086706913e+01 -1.229807832528517153e+01 -1.201639809644896673e+01
-2.454545454545454675e+01 -1.210489912753404163e+01 -1.224459418249452725e+01 -1.196520407257355600e+01
-2.444444444444444642e+01 -1.205325613995377054e+01 -1.219185767009623866e+01 -1.191465460981130242e+01
-2.434343434343434254e+01 -1.200266985248875606e+01 -1.214023993415519698e+01 -1.186509977082231515e+01
-2.424242424242424221e+01 -1.195294797292268640e+01 -1.208953827544999626e+01 -1.181635767039537654e+01
-2.414141414141414543e+01 -1.190401332978135152e+01 -1.203966955588762566e+01 -1.176835710367507737e+01
-2.404040404040404155e+01 -1.185607873362766540e+01 -1.199085103039212008e+01 -1.172130643686321072e+01
-2.393939393939394122e+01 -1.180869105679759024e+01 -1.194261116897417629e+01 -1.167477094462100418e+01
-2.383838383838383734e+01 -1.176241262442131230e+01 -1.189552836314022422e+01 -1.162929688570240039e+01
-2.373737373737373701e+01 -1.171646524231682207e+01 -1.184879637976009548e+01 -1.158413410487354867e+01
-2.363636363636363313e+01 -1.167156798919274152e+01 -1.180354767661185100e+01 -1.153958830177363204e+01
-2.353535353535353281e+01 -1.162710119326897384e+01 -1.175884400679533393e+01 -1.149535837974261376e+01
-2.343434343434343248e+01 -1.158346240576352493e+01 -1.171498281515541073e+01 -1.145194199637163912e+01
-2.333333333333332860e+01 -1.154036974789059578e+01 -1.167167868119089746e+01 -1.140906081459029409e+01
-2.323232323232323182e+01 -1.149788708330622100e+01 -1.162899491788422957e+01 -1.136677924872821244e+01
-2.313131313131313149e+01 -1.145604964655722391e+01 -1.158696607400353962e+01 -1.132513321911090820e+01
-2.303030303030302761e+01 -1.141462379498890378e+01 -1.154535568728930173e+01 -1.128389190268850584e+01
-2.292929292929292728e+01 -1.137392972786597589e+01 -1.150448570459970199e+01 -1.124337375113224979e+01
-2.282828282828283051e+01 -1.133346572224078486e+01 -1.146384966221860502e+01 -1.120308178226296469e+01
-2.272727272727272663e+01 -1.129374658745494031e+01 -1.142396579482283414e+01 -1.116352738008704648e+01
-2.262626262626262630e+01 -1.125421915961177888e+01 -1.138427599835757498e+01 -1.112416232086598278e+01
-2.252525252525252597e+01 -1.121531747059594863e+01 -1.134521724296281064e+01 -1.108541769822908662e+01
-2.242424242424242209e+01 -1.117670481145343508e+01 -1.130644977456920586e+01 -1.104695984833766431e+01
-2.232323232323232176e+01 -1.113854201988696957e+01 -1.126813536235310842e+01 -1.100894867742083072e+01
-2.222222222222222143e+01 -1.110075863141779173e+01 -1.123020277493323604e+01 -1.097131448790234742e+01
-2.212121212121211755e+01 -1.106326307318575708e+01 -1.119255950147315559e+01 -1.093396664489835857e+01
-2.202020202020202078e+01 -1.102623218834701468e+01 -1.115538373524934457e+01 -1.089708064144468480e+01
-2.191919191919192045e+01 -1.098933928544905214e+01 -1.111834609012314878e+01 -1.086033248077495550e+01
-2.181818181818181657e+01 -1.095298457413136362e+01 -1.108185001647355961e+01 -1.082411913178916762e+01
-2.171717171717171624e+01 -1.091664478721904885e+01 -1.104536810409070036e+01 -1.078792147034739735e+01
-2.161616161616161946e+01 -1.088080100090731328e+01 -1.100938536320719585e+01 -1.075221663860743071e+01
-2.151515151515151558e+01 -1.084506846379126799e+01 -1.097351412428062822e+01 -1.071662280330190775e+01
-2.141414141414141525e+01 -1.080968869296155432e+01 -1.093799794341892628e+01 -1.068137944250418236e+01
-2.131313131313131493e+01 -1.077451292893430335e+01 -1.090268708214988180e+01 -1.064633877571872489e+01
-2.121212121212121104e+01 -1.073955624730801617e+01 -1.086759690441475890e+01 -1.061151559020127344e+01
-2.111111111111111072e+01 -1.070489327525069001e+01 -1.083288829920872587e+01 -1.057689825129265415e+01
-2.101010101010100684e+01 -1.067032414195824330e+01 -1.079850400595067939e+01 -1.054214427796580722e+01
-2.090909090909090651e+01 -1.063613568347719962e+01 -1.076448678414864624e+01 -1.050778458280575300e+01
-2.080808080808080973e+01 -1.060192328162078823e+01 -1.073043369078942000e+01 -1.047341287245215646e+01
-2.070707070707070585e+01 -1.056810808931855483e+01 -1.069676337817506351e+01 -1.043945280046204616e+01
-2.060606060606060552e+01 -1.053429351749479181e+01 -1.066308028483595471e+01 -1.040550675015362891e+01
-2.050505050505050164e+01 -1.050079057753985268e+01 -1.062969409264039733e+01 -1.037188706243930802e+01
-2.040404040404040131e+01 -1.046738220133029351e+01 -1.059638782332175388e+01 -1.033837657933883314e+01
-2.030303030303030454e+01 -1.043416984427937244e+01 -1.056326243549084687e+01 -1.030507725306789801e+01
-2.020202020202020066e+01 -1.040114282196252482e+01 -1.053030713838895949e+01 -1.027197850553609015e+01
-2.010101010101010033e+01 -1.036820176614606837e+01 -1.049742202774587696e+01 -1.023898150454625977e+01
-2.000000000000000000e+01 -1.033553376119018274e+01 -1.046479477761490173e+01 -1.020627274476546376e+01
