# # Muv, logPhi, -err(logPhi), +err(logPhi)
-3.000000000000000000e+01 -1.082173343063774418e+01 -1.107746661367321472e+01 -1.056600024760227363e+01
-2.989898989898989967e+01 -1.070081354198925538e+01 -1.094346597567611568e+01 -1.045816110830239509e+01
-2.979797979797979579e+01 -1.057910528868214683e+01 -1.080843897837713641e+01 -1.034977159898715726e+01
-2.969696969696969546e+01 -1.046173441776904767e+01 -1.067865273325073439e+01 -1.024481610228736095e+01
-2.959595959595959869e+01 -1.034347307290270201e+01 -1.054773681142276942e+01 -1.013920933438263461e+01
-2.949494949494949481e+01 -1.022889081783596765e+01 -1.042123828271620134e+01 -1.003654335295573397e+01
-2.939393939393939448e+01 -1.011483863465260313e+01 -1.029534931927387298e+01 -9.934327950031333287e+00
-2.929292929292929060e+01 -1.000314702391499999e+01 -1.017226603310516531e+01 -9.834028014724834676e+00
-2.919191919191919027e+01 -9.893203263178612872e+00 -1.005126590360417715e+01 -9.735140622753048589e+00
-2.909090909090909349e+01 -9.784493958513456491e+00 -9.931710961194381682e+00 -9.637276955832531300e+00
-2.898989898989898961e+01 -9.678567115196337056e+00 -9.815475362588280461e+00 -9.541658867804393651e+00
-2.888888888888888928e+01 -9.572922194995653555e+00 -9.699548763982679844e+00 -9.446295626008627266e+00
-2.878787878787878896e+01 -9.470928683032983741e+00 -9.587965152491349841e+00 -9.353892213574617642e+00
-2.868686868686868507e+01 -9.368421283429894331e+00 -9.475754866340439619e+00 -9.261087700519349042e+00
-2.858585858585858475e+01 -9.269455991027072628e+00 -9.367740578676336582e+00 -9.171171403377808673e+00
-2.848484848484848442e+01 -9.170979125909882512e+00 -9.260303512993633746e+00 -9.081654738826131279e+00
-2.838383838383838054e+01 -9.075076358827166345e+00 -9.155901897777068754e+00 -8.994250819877263936e+00
-2.828282828282828376e+01 -8.980581386480327666e+00 -9.053166918162068200e+00 -8.907995854798587132e+00
-2.818181818181818343e+01 -8.887809013963808624e+00 -8.952459816388737224e+00 -8.823158211538880025e+00
-2.808080808080807955e+01 -8.797210922198610561e+00 -8.854314449529546494e+00 -8.740107394867674628e+00
-2.797979797979797922e+01 -8.707627539065699196e+00 -8.757371396791763019e+00 -8.657883681339635373e+00
-2.787878787878788245e+01 -8.620847222838772694e+00 -8.663711825513514597e+00 -8.577982620164030791e+00
-2.777777777777777857e+01 -8.534502589777188675e+00 -8.570590752463617790e+00 -8.498414427090759560e+00
-2.767676767676767824e+01 -8.451142502277990687e+00 -8.480949512348752606e+00 -8.421335492207228768e+00
-2.757575757575757791e+01 -8.368401222154615127e+00 -8.392490925851644690e+00 -8.344311518457585564e+00
-2.747474747474747403e+01 -8.288209081749082330e+00 -8.309388944257877441e+00 -8.267029219240287219e+00
-2.737373737373737370e+01 -8.209286215919144425e+00 -8.227679577660460097e+00 -8.190892854177828752e+00
-2.727272727272726982e+01 -8.132302478120104539e+00 -8.148076376671435028e+00 -8.116528579568774049e+00
-2.717171717171716949e+01 -8.057115379484919515e+00 -8.070426648749661425e+00 -8.043804110220177606e+00
-2.707070707070707272e+01 -7.983371134366559652e+00 -7.994353838945332136e+00 -7.972388429787787167e+00
-2.696969696969696884e+01 -7.911840823358197383e+00 -7.922479537071893674e+00 -7.901202109644501093e+00
-2.686868686868686851e+01 -7.841357984915446444e+00 -7.853093391821710512e+00 -7.829622578009182376e+00
-2.676767676767676818e+01 -7.773359743627525908e+00 -7.787406814158705615e+00 -7.759312673096346202e+00
-2.666666666666666430e+01 -7.706199578292172170e+00 -7.723697213665004391e+00 -7.688701942919339949e+00
-2.656565656565656752e+01 -7.641384396249433664e+00 -7.661993567838595531e+00 -7.620775224660271796e+00
-2.646464646464646364e+01 -7.577825149485990508e+00 -7.601301019951112181e+00 -7.554349279020868835e+00
-2.636363636363636331e+01 -7.516200824430259608e+00 -7.542249230093667656e+00 -7.490152418766851561e+00
-2.626262626262626299e+01 -7.456155629002370056e+00 -7.484511524205466948e+00 -7.427799733799273163e+00
-2.616161616161615910e+01 -7.397719746105153149e+00 -7.428117123029807978e+00 -7.367322369180498320e+00
-2.606060606060605878e+01 -7.341102577372725868e+00 -7.373272778892605572e+00 -7.308932375852846164e+00
-2.595959595959595845e+01 -7.285842389210882786e+00 -7.319534437854783526e+00 -7.252150340566982045e+00
-2.585858585858585457e+01 -7.232567036370891600e+00 -7.267522174692270021e+00 -7.197611898049513179e+00
-2.575757575757575779e+01 -7.180459242017675159e+00 -7.216431655352105956e+00 -7.144486828683244362e+00
-2.565656565656565746e+01 -7.130314800500261008e+00 -7.167063790538145795e+00 -7.093565810462376220e+00
-2.555555555555555358e+01 -7.081448724461641753e+00 -7.118731933173636506e+00 -7.044165515749647000e+00
-2.545454545454545325e+01 -7.034344562439465598e+00 -7.071937431147330422e+00 -6.996751693731600774e+00
-2.535353535353535648e+01 -6.988675782549791826e+00 -7.026350455329509082e+00 -6.951001109770074571e+00
-2.525252525252525260e+01 -6.944566494662839595e+00 -6.982107639941627752e+00 -6.907025349384051438e+00
-2.515151515151515227e+01 -6.901990416607103107e+00 -6.939193738500132547e+00 -6.864787094714073667e+00
-2.505050505050505194e+01 -6.860818116020557689e+00 -6.897473156074496181e+00 -6.824163075966619196e+00
-2.494949494949494806e+01 -6.821226165735300384e+00 -6.857158888549451881e+00 -6.785293442921148888e+00
-2.484848484848484773e+01 -6.782920048083450837e+00 -6.817923113541097813e+00 -6.747916982625803861e+00
-2.474747474747474740e+01 -6.746177648367980950e+00 -6.780107259444534407e+00 -6.712248037291427494e+00
-2.464646464646464352e+01 -6.710674487551385958e+00 -6.743336188462872194e+00 -6.678012786639899723e+00
-2.454545454545454675e+01 -6.676634908662526513e+00 -6.707902322553827013e+00 -6.645367494771226013e+00
-2.444444444444444642e+01 -6.643863775201556798e+00 -6.673579675328633165e+00 -6.614147875074480432e+00
-2.434343434343434254e+01 -6.612426343472352031e+00 -6.640472572421298736e+00 -6.584380114523405325e+00
-2.424242424242424221e+01 -6.582249153760783678e+00 -6.608508480619921244e+00 -6.555989826901646111e+00
-2.414141414141414543e+01 -6.553298686723111111e+00 -6.577663592441224338e+00 -6.528933781004997883e+00
-2.404040404040404155e+01 -6.525569835067463131e+00 -6.547964025108182540e+00 -6.503175645026743723e+00
-2.393939393939394122e+01 -6.498976671907704450e+00 -6.519307073476671377e+00 -6.478646270338737523e+00
-2.383838383838383734e+01 -6.473542525490117328e+00 -6.491773055282131111e+00 -6.455311995698103544e+00
-2.373737373737373701e+01 -6.449162855323200105e+00 -6.465219576988371131e+00 -6.433106133658029080e+00
-2.363636363636363313e+01 -6.425854223444249946e+00 -6.439729714083015644e+00 -6.411978732805484249e+00
-2.353535353535353281e+01 -6.403538173209204487e+00 -6.415623296714810131e+00 -6.391453049703598843e+00
-2.343434343434343248e+01 -6.382192804966752675e+00 -6.393262684612830427e+00 -6.371122925320674923e+00
-2.333333333333332860e+01 -6.361763423679303919e+00 -6.372451319535613834e+00 -6.351075527822994005e+00
-2.323232323232323182e+01 -6.342208950176459581e+00 -6.352507935612433876e+00 -6.331909964740485286e+00
-2.313131313131313149e+01 -6.323481851576466362e+00 -6.333387649299031530e+00 -6.313576053853901193e+00
-2.303030303030302761e+01 -6.305536404632204217e+00 -6.315482613475866813e+00 -6.295590195788541621e+00
-2.292929292929292728e+01 -6.288322971719421339e+00 -6.298580962818294715e+00 -6.278064980620547963e+00
-2.282828282828283051e+01 -6.271797993790217518e+00 -6.282591524169547803e+00 -6.261004463410887233e+00
-2.272727272727272663e+01 -6.255908317630701987e+00 -6.267437497622246667e+00 -6.244379137639157307e+00
-2.262626262626262630e+01 -6.240611376578015346e+00 -6.252820693530371621e+00 -6.228402059625659071e+00
-2.252525252525252597e+01 -6.225855437921680391e+00 -6.238686430713245912e+00 -6.213024445130114870e+00
-2.242424242424242209e+01 -6.211595932948124954e+00 -6.224985917737729579e+00 -6.198205948158520329e+00
-2.232323232323232176e+01 -6.197785641228789721e+00 -6.211823702772457878e+00 -6.183747579685121565e+00
-2.222222222222222143e+01 -6.184380484766725417e+00 -6.199226952077345310e+00 -6.169534017456105524e+00
-2.212121212121211755e+01 -6.171334803415160053e+00 -6.186902809185988339e+00 -6.155766797644331767e+00
-2.202020202020202078e+01 -6.158611387067093546e+00 -6.174816050921529964e+00 -6.142406723212657127e+00
-2.191919191919192045e+01 -6.146160694338778541e+00 -6.162911325061815937e+00 -6.129410063615741144e+00
-2.181818181818181657e+01 -6.133960009449958228e+00 -6.151174912928166982e+00 -6.116745105971749474e+00
-2.171717171717171624e+01 -6.121950430753226868e+00 -6.139538734123454411e+00 -6.104362127382999326e+00
-2.161616161616161946e+01 -6.110123651532008537e+00 -6.128008201484977491e+00 -6.092239101579039584e+00
-2.151515151515151558e+01 -6.098426708562899812e+00 -6.116525042747883667e+00 -6.080328374377915956e+00
-2.141414141414141525e+01 -6.086848109772089899e+00 -6.105088068709749294e+00 -6.068608150834430504e+00
-2.131313131313131493e+01 -6.075352244523060996e+00 -6.093662924311440854e+00 -6.057041564734681138e+00
-2.121212121212121104e+01 -6.063917352374904368e+00 -6.082233818798187919e+00 -6.045600885951620818e+00
-2.111111111111111072e+01 -6.052532039610155401e+00 -6.070796688676501240e+00 -6.034267390543809562e+00
-2.101010101010100684e+01 -6.041158001867613869e+00 -6.059314783752359546e+00 -6.023001219982868193e+00
-2.090909090909090651e+01 -6.029813327771580411e+00 -6.047818347234538372e+00 -6.011808308308622451e+00
-2.080808080808080973e+01 -6.018438092736155376e+00 -6.036245083238278575e+00 -6.000631102234032177e+00
-2.070707070707070585e+01 -6.007074430855974256e+00 -6.024651277769022428e+00 -5.989497583942926084e+00
-2.060606060606060552e+01 -5.995663826271066199e+00 -6.012976556269361339e+00 -5.978351096272771059e+00
-2.050505050505050164e+01 -5.984241857148243859e+00 -6.001267248519520869e+00 -5.967216465776966849e+00
-2.040404040404040131e+01 -5.972774795597145747e+00 -5.989490790205218573e+00 -5.956058800989072921e+00
-2.030303030303030454e+01 -5.961274530863041043e+00 -5.977665168742969826e+00 -5.944883892983112261e+00
-2.020202020202020066e+01 -5.949738265839136453e+00 -5.965791150096224627e+00 -5.933685381582048279e+00
-2.010101010101010033e+01 -5.938151571602854339e+00 -5.953856749410200599e+00 -5.922446393795508079e+00
-2.000000000000000000e+01 -5.926543106193038035e+00 -5.941895544058211520e+00 -5.911190668327864550e+00
