# # Muv, logPhi, -err(logPhi), +err(logPhi)
-3.000000000000000000e+01 -1.155806795476773985e+01 -1.185473056926215740e+01 -1.126140534027332230e+01
-2.989898989898989967e+01 -1.143637979655570547e+01 -1.171980997045497830e+01 -1.115294962265643264e+01
-2.979797979797979579e+01 -1.131384412010254614e+01 -1.158378823416826009e+01 -1.104390000603683220e+01
-2.969696969696969546e+01 -1.119566322094881272e+01 -1.145303440150920160e+01 -1.093829204038842384e+01
-2.959595959595959869e+01 -1.107652763612985858e+01 -1.132107017936482229e+01 -1.083198509289489486e+01
-2.949494949494949481e+01 -1.096107882823092083e+01 -1.119353727916399066e+01 -1.072862037729785101e+01
-2.939393939393939448e+01 -1.084611636250788536e+01 -1.106656078405843679e+01 -1.062567194095733392e+01
-2.929292929292929060e+01 -1.073349966225286423e+01 -1.094237416435816534e+01 -1.052462516014756311e+01
-2.919191919191919027e+01 -1.062260742055541130e+01 -1.082024438494546459e+01 -1.042497045616535800e+01
-2.909090909090909349e+01 -1.051291235369103738e+01 -1.069951476481923081e+01 -1.032630994256284396e+01
-2.898989898989898961e+01 -1.040599658747837886e+01 -1.058210443268111511e+01 -1.022988874227564260e+01
-2.888888888888888928e+01 -1.029930295733661083e+01 -1.046492921383454799e+01 -1.013367670083867367e+01
-2.878787878787878896e+01 -1.019627772658892262e+01 -1.035212270544637470e+01 -1.004043274773147054e+01
-2.868686868686868507e+01 -1.009265623791365840e+01 -1.023858702583070901e+01 -9.946725449996607793e+00
-2.858585858585858475e+01 -9.992592251528437330e+00 -1.012927065807559757e+01 -9.855913844981277094e+00
-2.848484848484848442e+01 -9.892955003154650484e+00 -1.002045613365229926e+01 -9.765453872657001710e+00
-2.838383838383838054e+01 -9.795882974943687316e+00 -9.914668969632046469e+00 -9.677096980255328162e+00
-2.828282828282828376e+01 -9.700179469363925833e+00 -9.810501980813535639e+00 -9.589856957914316027e+00
-2.818181818181818343e+01 -9.606164499764680897e+00 -9.708322603757617131e+00 -9.504006395771744664e+00
-2.808080808080807955e+01 -9.514306646170275883e+00 -9.608686645509624924e+00 -9.419926646830926842e+00
-2.797979797979797922e+01 -9.423404319795675832e+00 -9.510180993997911614e+00 -9.336627645593440050e+00
-2.787878787878788245e+01 -9.335309728251264261e+00 -9.414967975675089917e+00 -9.255651480827438604e+00
-2.777777777777777857e+01 -9.247566532555964613e+00 -9.320786318524152847e+00 -9.174346746587776380e+00
-2.767676767676767824e+01 -9.162820759641851609e+00 -9.230511471367764287e+00 -9.095130047915938931e+00
-2.757575757575757791e+01 -9.078611116812309589e+00 -9.140875127590728511e+00 -9.016347106033890668e+00
-2.747474747474747403e+01 -8.996946970973095148e+00 -9.054141712001714026e+00 -8.939752229944476269e+00
-2.737373737373737370e+01 -8.916493206048450304e+00 -8.968810264007471389e+00 -8.864176148089429219e+00
-2.727272727272726982e+01 -8.837947264412086668e+00 -8.885658839433322242e+00 -8.790235689390851093e+00
-2.717171717171716949e+01 -8.761162344972376559e+00 -8.804821671224033253e+00 -8.717503018720719865e+00
-2.707070707070707272e+01 -8.685761467187354867e+00 -8.726380007920143456e+00 -8.645142926454566279e+00
-2.696969696969696884e+01 -8.612561717348055979e+00 -8.650354141073124836e+00 -8.574769293622987121e+00
-2.686868686868686851e+01 -8.540323218594684462e+00 -8.575412481870738901e+00 -8.505233955318630024e+00
-2.676767676767676818e+01 -8.470575508947428389e+00 -8.503188904196678166e+00 -8.437962113698178612e+00
-2.666666666666666430e+01 -8.401559056454184216e+00 -8.432589250496642208e+00 -8.370528862411726223e+00
-2.656565656565656752e+01 -8.334886527241492260e+00 -8.364943627675197391e+00 -8.304829426807787129e+00
-2.646464646464646364e+01 -8.269387464074023697e+00 -8.299941310486046220e+00 -8.238833617662001174e+00
-2.636363636363636331e+01 -8.205792498455208417e+00 -8.237086151387346789e+00 -8.174498845523070045e+00
-2.626262626262626299e+01 -8.143717869613604776e+00 -8.175681174754364733e+00 -8.111754564472844820e+00
-2.616161616161615910e+01 -8.083192246432099992e+00 -8.116180625094779444e+00 -8.050203867769420540e+00
-2.606060606060605878e+01 -8.024449592999577163e+00 -8.058581441059567751e+00 -7.990317744939587463e+00
-2.595959595959595845e+01 -7.966974392315648856e+00 -8.002128337614394127e+00 -7.931820447016903586e+00
-2.585858585858585457e+01 -7.911470739746178538e+00 -7.947512635963516203e+00 -7.875428843528840872e+00
-2.575757575757575779e+01 -7.857016167340136192e+00 -7.893830684696042432e+00 -7.820201649984229952e+00
-2.565656565656565746e+01 -7.804514610380239859e+00 -7.841976925970866930e+00 -7.767052294789612787e+00
-2.555555555555555358e+01 -7.753182193014668933e+00 -7.791177733461194244e+00 -7.715186652568143622e+00
-2.545454545454545325e+01 -7.703577847429760261e+00 -7.741993030006907972e+00 -7.665162664852612551e+00
-2.535353535353535648e+01 -7.655323243941460909e+00 -7.694048494870442845e+00 -7.616597993012478973e+00
-2.525252525252525260e+01 -7.608563891963677328e+00 -7.647497458983670171e+00 -7.569630324943684485e+00
-2.515151515151515227e+01 -7.563275019131391552e+00 -7.602330261898813113e+00 -7.524219776363969991e+00
-2.505050505050505194e+01 -7.519296035510867782e+00 -7.558358024801369979e+00 -7.480234046220365585e+00
-2.494949494949494806e+01 -7.476856960659373108e+00 -7.515826693743169251e+00 -7.437887227575576965e+00
-2.484848484848484773e+01 -7.435581100075220995e+00 -7.474364086602608204e+00 -7.396798113547833786e+00
-2.474747474747474740e+01 -7.395842354744035951e+00 -7.434377282966939227e+00 -7.357307426521132676e+00
-2.464646464646464352e+01 -7.357208413981480177e+00 -7.395407178057060271e+00 -7.319009649905900083e+00
-2.454545454545454675e+01 -7.319999620465686974e+00 -7.357800550096544434e+00 -7.282198690834829513e+00
-2.444444444444444642e+01 -7.283949012927417144e+00 -7.321280620071767054e+00 -7.246617405783067234e+00
-2.434343434343434254e+01 -7.249165219594245535e+00 -7.285972201292571171e+00 -7.212358237895919899e+00
-2.424242424242424221e+01 -7.215555165119975634e+00 -7.251784141373368797e+00 -7.179326188866582470e+00
-2.414141414141414543e+01 -7.183078478061883487e+00 -7.218681034960062526e+00 -7.147475921163704449e+00
-2.404040404040404155e+01 -7.151760336248384142e+00 -7.186701708225855079e+00 -7.116818964270913206e+00
-2.393939393939394122e+01 -7.121460460759763578e+00 -7.155700265498451174e+00 -7.087220656021075982e+00
-2.383838383838383734e+01 -7.092279721960113470e+00 -7.125801425056587313e+00 -7.058758018863639627e+00
-2.373737373737373701e+01 -7.064014838657506345e+00 -7.096787603243761566e+00 -7.031242074071251125e+00
-2.363636363636363313e+01 -7.036783908310571434e+00 -7.068804485609015309e+00 -7.004763331012127558e+00
-2.353535353535353281e+01 -7.010429520633099543e+00 -7.041685774165663325e+00 -6.979173267100535760e+00
-2.343434343434343248e+01 -6.984990536224933599e+00 -7.015487964212688610e+00 -6.954493108237178589e+00
-2.333333333333332860e+01 -6.960379153788901263e+00 -6.990123576209784417e+00 -6.930634731368018109e+00
-2.323232323232323182e+01 -6.936570524019726847e+00 -6.965945206023254954e+00 -6.907195842016198739e+00
-2.313131313131313149e+01 -6.913528553953296019e+00 -6.942568665549372575e+00 -6.884488442357219462e+00
-2.303030303030302761e+01 -6.891183376199546906e+00 -6.919909380569007062e+00 -6.862457371830086750e+00
-2.292929292929292728e+01 -6.869537062430813634e+00 -6.897972684490682127e+00 -6.841101440370945141e+00
-2.282828282828283051e+01 -6.848486019337723718e+00 -6.876656926249544277e+00 -6.820315112425903159e+00
-2.272727272727272663e+01 -6.828055775959867901e+00 -6.856226440441840708e+00 -6.799885111477895094e+00
-2.262626262626262630e+01 -6.808138334571566475e+00 -6.836614120533638150e+00 -6.779662548609494799e+00
-2.252525252525252597e+01 -6.788749375480872317e+00 -6.817512990335415246e+00 -6.759985760626329387e+00
-2.242424242424242209e+01 -6.769809182479050058e+00 -6.798884385626179139e+00 -6.740733979331920978e+00
-2.232323232323232176e+01 -6.751301677733339446e+00 -6.780756705130102091e+00 -6.721846650336576801e+00
-2.222222222222222143e+01 -6.733182571469940925e+00 -6.762958119485309894e+00 -6.703407023454571956e+00
-2.212121212121211755e+01 -6.715405790687142051e+00 -6.745441399496501234e+00 -6.685370181877782869e+00
-2.202020202020202078e+01 -6.697963549755362678e+00 -6.728202319585546931e+00 -6.667724779925178424e+00
-2.191919191919192045e+01 -6.680778871298904242e+00 -6.711160712117444582e+00 -6.650397030480363902e+00
-2.181818181818181657e+01 -6.663882137184156562e+00 -6.694355875702196812e+00 -6.633408398666116312e+00
-2.171717171717171624e+01 -6.647166722502557690e+00 -6.677675446230264100e+00 -6.616657998774851279e+00
-2.161616161616161946e+01 -6.630683404540117287e+00 -6.661182188094270984e+00 -6.600184620985963591e+00
-2.151515151515151558e+01 -6.614347080392119160e+00 -6.644825046871654095e+00 -6.583869113912584226e+00
-2.141414141414141525e+01 -6.598177799285966927e+00 -6.628722688153777298e+00 -6.567632910418156555e+00
-2.131313131313131493e+01 -6.582131350161823491e+00 -6.612721759975907609e+00 -6.551540940347739372e+00
-2.121212121212121104e+01 -6.566193773254327404e+00 -6.596809279571017370e+00 -6.535578266937637437e+00
-2.111111111111111072e+01 -6.550364711407167917e+00 -6.580987030025521989e+00 -6.519742392788813845e+00
-2.101010101010100684e+01 -6.534593109819863521e+00 -6.565204391781437998e+00 -6.503981827858289044e+00
-2.090909090909090651e+01 -6.518924684929725544e+00 -6.549510784743824310e+00 -6.488338585115626778e+00
-2.080808080808080973e+01 -6.503268753609643404e+00 -6.533814816960028971e+00 -6.472722690259257838e+00
-2.070707070707070585e+01 -6.487704065308432355e+00 -6.518199706783197378e+00 -6.457208423833667332e+00
-2.060606060606060552e+01 -6.472141519632068629e+00 -6.502575858702110523e+00 -6.441707180562026736e+00
-2.050505050505050164e+01 -6.456642411798637404e+00 -6.487008093627335548e+00 -6.426276729969939261e+00
-2.040404040404040131e+01 -6.441156061154326373e+00 -6.471446264152438843e+00 -6.410865858156213903e+00
-2.030303030303030454e+01 -6.425702248080654932e+00 -6.455912280091849809e+00 -6.395492216069460056e+00
-2.020202020202020066e+01 -6.410276490545713024e+00 -6.440403003456745878e+00 -6.380149977634680170e+00
-2.010101010101010033e+01 -6.394855932193570958e+00 -6.424896624400997069e+00 -6.364815239986144846e+00
-2.000000000000000000e+01 -6.379482009976527479e+00 -6.409436310834938588e+00 -6.349527709118116370e+00
