# # Muv, logPhi, -err(logPhi), +err(logPhi)
-3.000000000000000000e+01 -1.243944578087520370e+01 -1.277596892372646664e+01 -1.210292263802394075e+01
-2.989898989898989967e+01 -1.231696655107548466e+01 -1.264010133663212088e+01 -1.199383176551884844e+01
-2.979797979797979579e+01 -1.219357893497132395e+01 -1.250305579817959867e+01 -1.188410207176304922e+01
-2.969696969696969546e+01 -1.207456450965138828e+01 -1.237130701399029853e+01 -1.177782200531247803e+01
-2.959595959595959869e+01 -1.195452931385324646e+01 -1.223826495901015399e+01 -1.167079366869633894e+01
-2.949494949494949481e+01 -1.183818924260693350e+01 -1.210966936829605700e+01 -1.156670911691781001e+01
-2.939393939393939448e+01 -1.172229065831552219e+01 -1.198157591779043685e+01 -1.146300539884060754e+01
-2.929292929292929060e+01 -1.160872288841582645e+01 -1.185625670382606955e+01 -1.136118907300558334e+01
-2.919191919191919027e+01 -1.149685580107545846e+01 -1.173296792121522891e+01 -1.126074368093568800e+01
-2.909090909090909349e+01 -1.138614766590144178e+01 -1.161103343722022885e+01 -1.116126189458265472e+01
-2.898989898989898961e+01 -1.127821602802645096e+01 -1.149241906606879837e+01 -1.106401298998410354e+01
-2.888888888888888928e+01 -1.117044500197665080e+01 -1.137396413753559621e+01 -1.096692586641770539e+01
-2.878787878787878896e+01 -1.106636047337628348e+01 -1.125990546879035925e+01 -1.087281547796220771e+01
-2.868686868686868507e+01 -1.096159478049597702e+01 -1.114501243403707598e+01 -1.077817712695487806e+01
-2.858585858585858475e+01 -1.086040305047197663e+01 -1.103436379671826728e+01 -1.068644230422568597e+01
-2.848484848484848442e+01 -1.075957463690173910e+01 -1.092414000415359965e+01 -1.059500926964987855e+01
-2.838383838383838054e+01 -1.066130275741387656e+01 -1.081693619256926908e+01 -1.050566932225848404e+01
-2.828282828282828376e+01 -1.056435928422546411e+01 -1.071130561513603574e+01 -1.041741295331489248e+01
-2.818181818181818343e+01 -1.046906956606882311e+01 -1.060762203629692202e+01 -1.033051709584072420e+01
-2.808080808080807955e+01 -1.037591985759413227e+01 -1.050646419669528520e+01 -1.024537551849297934e+01
-2.797979797979797922e+01 -1.028366486893740728e+01 -1.040636329652704539e+01 -1.016096644134776916e+01
-2.787878787878788245e+01 -1.019422326563464765e+01 -1.031050105052354837e+01 -1.007794548074574692e+01
-2.777777777777777857e+01 -1.010504623399729596e+01 -1.021513011663910930e+01 -9.994962351355482610e+00
-2.767676767676767824e+01 -1.001888089675557580e+01 -1.012320491561870028e+01 -9.914556877892451325e+00
-2.757575757575757791e+01 -9.933166643177889554e+00 -1.003181688847480402e+01 -9.834516397880975092e+00
-2.747474747474747403e+01 -9.849995076448157860e+00 -9.943331442173841239e+00 -9.756658710722474481e+00
-2.737373737373737370e+01 -9.767973729583731668e+00 -9.856177507945725225e+00 -9.679769951221738111e+00
-2.727272727272726982e+01 -9.687828728789861898e+00 -9.771232572093936142e+00 -9.604424885485787655e+00
-2.717171717171716949e+01 -9.609409002309670100e+00 -9.689395539268211621e+00 -9.529422465351128579e+00
-2.707070707070707272e+01 -9.532313340284433778e+00 -9.609028232173351114e+00 -9.455598448395516442e+00
-2.696969696969696884e+01 -9.457407049443682823e+00 -9.531065595564225390e+00 -9.383748503323140255e+00
-2.686868686868686851e+01 -9.383373645645752603e+00 -9.454086288894329115e+00 -9.312661002397176091e+00
-2.676767676767676818e+01 -9.311839353448549517e+00 -9.379837279813125761e+00 -9.243841427083973272e+00
-2.666666666666666430e+01 -9.240926705930135654e+00 -9.306304785248519451e+00 -9.175548626611751857e+00
-2.656565656565656752e+01 -9.172359013739496802e+00 -9.235329475582240377e+00 -9.109388551896753228e+00
-2.646464646464646364e+01 -9.104880963495206814e+00 -9.165571573319995835e+00 -9.044190353670417792e+00
-2.636363636363636331e+01 -9.039277267382773928e+00 -9.097862596610221786e+00 -8.980691938155326071e+00
-2.626262626262626299e+01 -8.975135271106244872e+00 -9.031763061371036017e+00 -8.918507480841453727e+00
-2.616161616161615910e+01 -8.912482095456853770e+00 -8.968165949794174807e+00 -8.856798241119532733e+00
-2.606060606060605878e+01 -8.851577896981902782e+00 -8.906502231329751496e+00 -8.796653562634054069e+00
-2.595959595959595845e+01 -8.791850851430650593e+00 -8.846067851524990644e+00 -8.737633851336310542e+00
-2.585858585858585457e+01 -8.734085513050755978e+00 -8.788471734781717615e+00 -8.679699291319794341e+00
-2.575757575757575779e+01 -8.677249190972361248e+00 -8.732093206592187684e+00 -8.622405175352534812e+00
-2.565656565656565746e+01 -8.622359822172056099e+00 -8.677598731409162269e+00 -8.567120912934949928e+00
-2.555555555555555358e+01 -8.568530019885841398e+00 -8.624110210702884416e+00 -8.512949829068798380e+00
-2.545454545454545325e+01 -8.516398308183234178e+00 -8.572264137121010208e+00 -8.460532479245458148e+00
-2.535353535353535648e+01 -8.465532485930205908e+00 -8.521632622339458507e+00 -8.409432349520953309e+00
-2.525252525252525260e+01 -8.416100862485043521e+00 -8.472385637479865395e+00 -8.359816087490221648e+00
-2.515151515151515227e+01 -8.368081051085649591e+00 -8.424503939649877537e+00 -8.311658162521421644e+00
-2.505050505050505194e+01 -8.321279893227600866e+00 -8.377795866894627963e+00 -8.264763919560573768e+00
-2.494949494949494806e+01 -8.275984692925591801e+00 -8.332553854963396844e+00 -8.219415530887786758e+00
-2.484848484848484773e+01 -8.231732352455463086e+00 -8.288313633746145825e+00 -8.175151071164780348e+00
-2.474747474747474740e+01 -8.188999127521459087e+00 -8.245559931088795480e+00 -8.132438323954122694e+00
-2.464646464646464352e+01 -8.147239230496392537e+00 -8.203743345836448597e+00 -8.090735115156336477e+00
-2.454545454545454675e+01 -8.106875375979255338e+00 -8.163296226426339786e+00 -8.050454525532170891e+00
-2.444444444444444642e+01 -8.067565365315203962e+00 -8.123874650942294551e+00 -8.011256079688113374e+00
-2.434343434343434254e+01 -8.029464398113423940e+00 -8.085640320345792276e+00 -7.973288475881054715e+00
-2.424242424242424221e+01 -7.992459655413900244e+00 -8.048482360214181952e+00 -7.936436950613619423e+00
-2.414141414141414543e+01 -7.956503907988876634e+00 -8.012356450440165645e+00 -7.900651365537588511e+00
-2.404040404040404155e+01 -7.921655769137199599e+00 -7.977326730055501081e+00 -7.865984808218898117e+00
-2.393939393939394122e+01 -7.887717327997774142e+00 -7.943194917831911006e+00 -7.832239738163637277e+00
-2.383838383838383734e+01 -7.854873439425478665e+00 -7.910154182258916755e+00 -7.799592696592040575e+00
-2.373737373737373701e+01 -7.822815403201114570e+00 -7.877893052747167779e+00 -7.767737753655061361e+00
-2.363636363636363313e+01 -7.791771045860370393e+00 -7.846648224359572765e+00 -7.736893867361168020e+00
-2.353535353535353281e+01 -7.761498505082056631e+00 -7.816176735666452657e+00 -7.706820274497660606e+00
-2.343434343434343248e+01 -7.732102405920353583e+00 -7.786588799283220119e+00 -7.677616012557487046e+00
-2.333333333333332860e+01 -7.703459646957018236e+00 -7.757762530219701524e+00 -7.649156763694334948e+00
-2.323232323232323182e+01 -7.675562658862355114e+00 -7.729693452547786059e+00 -7.621431865176924170e+00
-2.313131313131313149e+01 -7.648388181392173024e+00 -7.702360455383698401e+00 -7.594415907400647647e+00
-2.303030303030302761e+01 -7.621839004541738127e+00 -7.675668255437638088e+00 -7.568009753645838167e+00
-2.292929292929292728e+01 -7.595974085452018798e+00 -7.649677382128883707e+00 -7.542270788775153889e+00
-2.282828282828283051e+01 -7.570621958507818938e+00 -7.624218380627920233e+00 -7.517025536387717644e+00
-2.272727272727272663e+01 -7.545895006945882777e+00 -7.599403561695259768e+00 -7.492386452196505786e+00
-2.262626262626262630e+01 -7.521610167606554320e+00 -7.575052274219522985e+00 -7.468168060993585655e+00
-2.252525252525252597e+01 -7.497857456891778405e+00 -7.551253152618032871e+00 -7.444461761165523939e+00
-2.242424242424242209e+01 -7.474515267094649751e+00 -7.527886146470490480e+00 -7.421144387718809021e+00
-2.232323232323232176e+01 -7.451600518771575921e+00 -7.504966962895121441e+00 -7.398234074648030401e+00
-2.222222222222222143e+01 -7.429066473987210983e+00 -7.482448545646240845e+00 -7.375684402328181122e+00
-2.212121212121211755e+01 -7.406863004273388285e+00 -7.460280521411218224e+00 -7.353445487135558345e+00
-2.202020202020202078e+01 -7.385014603247029186e+00 -7.438484730816280255e+00 -7.331544475677778117e+00
-2.191919191919192045e+01 -7.363407292345794275e+00 -7.416948355887869937e+00 -7.309866228803718613e+00
-2.181818181818181657e+01 -7.342132923437818093e+00 -7.395758303573868098e+00 -7.288507543301768088e+00
-2.171717171717171624e+01 -7.321021919092429719e+00 -7.374747455514525818e+00 -7.267296382670333621e+00
-2.161616161616161946e+01 -7.300195071959209692e+00 -7.354030727812688184e+00 -7.246359416105731199e+00
-2.151515151515151558e+01 -7.279523022291249923e+00 -7.333479809798991944e+00 -7.225566234783507902e+00
-2.141414141414141525e+01 -7.259062364066850570e+00 -7.313147325982639835e+00 -7.204977402151061305e+00
-2.131313131313131493e+01 -7.238754586524740908e+00 -7.292973839976300887e+00 -7.184535333073180929e+00
-2.121212121212121104e+01 -7.218592372090423481e+00 -7.272949782078106828e+00 -7.164234962102740134e+00
-2.111111111111111072e+01 -7.198587549038863109e+00 -7.253084646784569323e+00 -7.144090451293156896e+00
-2.101010101010100684e+01 -7.178668880697602006e+00 -7.233306258710393344e+00 -7.124031502684810668e+00
-2.090909090909090651e+01 -7.158917926997784065e+00 -7.213693117778756658e+00 -7.104142736216811471e+00
-2.080808080808080973e+01 -7.139199569256028610e+00 -7.194109942631598642e+00 -7.084289195880458578e+00
-2.070707070707070585e+01 -7.119642231914318664e+00 -7.174682223205571141e+00 -7.064602240623066187e+00
-2.060606060606060552e+01 -7.100113089294051605e+00 -7.155276721895463155e+00 -7.044949456692640055e+00
-2.050505050505050164e+01 -7.080709149781581502e+00 -7.135988549651369084e+00 -7.025429749911793920e+00
-2.040404040404040131e+01 -7.061355808951168100e+00 -7.116742262137337072e+00 -7.005969355764999129e+00
-2.030303030303030454e+01 -7.042084286490252865e+00 -7.097567958165419633e+00 -6.986600614815086097e+00
-2.020202020202020066e+01 -7.022888477931536144e+00 -7.078458772931497833e+00 -6.967318182931574455e+00
-2.010101010101010033e+01 -7.003734435015592119e+00 -7.059379780460542264e+00 -6.948089089570641974e+00
-2.000000000000000000e+01 -6.984683023598034168e+00 -7.040391739368359048e+00 -6.928974307827709289e+00
