# # Muv, logPhi, -err(logPhi), +err(logPhi)
-3.000000000000000000e+01 -1.342871237046485078e+01 -1.380375648363771646e+01 -1.305366825729198510e+01
-2.989898989898989967e+01 -1.330542816144420826e+01 -1.366692785961771150e+01 -1.294392846327070501e+01
-2.979797979797979579e+01 -1.318117376098096116e+01 -1.352884357136301041e+01 -1.283350395059891191e+01
-2.969696969696969546e+01 -1.306131188109580243e+01 -1.339608629624242653e+01 -1.272653746594917834e+01
-2.959595959595959869e+01 -1.294036211954355053e+01 -1.326195192733554507e+01 -1.261877231175155600e+01
-2.949494949494949481e+01 -1.282311649688703348e+01 -1.313228026533178827e+01 -1.251395272844227868e+01
-2.939393939393939448e+01 -1.270626699429781858e+01 -1.300305621349556162e+01 -1.240947777510007555e+01
-2.929292929292929060e+01 -1.259173348035239570e+01 -1.287659122420250490e+01 -1.230687573650228650e+01
-2.919191919191919027e+01 -1.247887686256529705e+01 -1.275213061858536179e+01 -1.220562310654523230e+01
-2.909090909090909349e+01 -1.236714057247214704e+01 -1.262897833303474471e+01 -1.210530281190954938e+01
-2.898989898989898961e+01 -1.225817846226067687e+01 -1.250914793540278147e+01 -1.200720898911857226e+01
-2.888888888888888928e+01 -1.214931451870613088e+01 -1.238940065211124164e+01 -1.190922838530102013e+01
-2.878787878787878896e+01 -1.204415615563643982e+01 -1.227407869089098469e+01 -1.181423362038189495e+01
-2.868686868686868507e+01 -1.193823028483859261e+01 -1.215781600665162188e+01 -1.171864456302556334e+01
-2.858585858585858475e+01 -1.183589579567465044e+01 -1.204582428701189301e+01 -1.162596730433740788e+01
-2.848484848484848442e+01 -1.173386031797327789e+01 -1.193417993138250388e+01 -1.153354070456405189e+01
-2.838383838383838054e+01 -1.163437306943012928e+01 -1.182554903939544211e+01 -1.144319709946481645e+01
-2.828282828282828376e+01 -1.153617383878417080e+01 -1.171844466892371983e+01 -1.135390300864462176e+01
-2.818181818181818343e+01 -1.143959336735339427e+01 -1.161324694209188912e+01 -1.126593979261489942e+01
-2.808080808080807955e+01 -1.134513615287287713e+01 -1.151055820010055797e+01 -1.117971410564519630e+01
-2.797979797979797922e+01 -1.125151204330306065e+01 -1.140933154606497624e+01 -1.109369254054114506e+01
-2.787878787878788245e+01 -1.116070797053102126e+01 -1.131206824701457059e+01 -1.100934769404747193e+01
-2.777777777777777857e+01 -1.107008024662184376e+01 -1.121501636075362818e+01 -1.092514413249005933e+01
-2.767676767676767824e+01 -1.098247979444836275e+01 -1.112143304746195938e+01 -1.084352654143476613e+01
-2.757575757575757791e+01 -1.089524413323372443e+01 -1.102828495874672399e+01 -1.076220330772072487e+01
-2.747474747474747403e+01 -1.081054929879424087e+01 -1.093804070256171990e+01 -1.068305789502676184e+01
-2.737373737373737370e+01 -1.072694408079965633e+01 -1.084905777573992580e+01 -1.060483038585938687e+01
-2.727272727272726982e+01 -1.064518402670021224e+01 -1.076243512634756350e+01 -1.052793292705286099e+01
-2.717171717171716949e+01 -1.056511389891734432e+01 -1.067873609981225336e+01 -1.045149169802243527e+01
-2.707070707070707272e+01 -1.048630751167389441e+01 -1.059643922148292283e+01 -1.037617580186486599e+01
-2.696969696969696884e+01 -1.040968002766345357e+01 -1.051653777782484944e+01 -1.030282227750205770e+01
-2.686868686868686851e+01 -1.033383609524289959e+01 -1.043751852305099348e+01 -1.023015366743480570e+01
-2.676767676767676818e+01 -1.026050172033673213e+01 -1.036124451835752325e+01 -1.015975892231594102e+01
-2.666666666666666430e+01 -1.018767802270495615e+01 -1.028556112630861463e+01 -1.008979491910129767e+01
-2.656565656565656752e+01 -1.011720248361803165e+01 -1.021244133550701250e+01 -1.002196363172905080e+01
-2.646464646464646364e+01 -1.004773253594876081e+01 -1.014044453500912546e+01 -9.955020536888396165e+00
-2.636363636363636331e+01 -9.980108732178379682e+00 -1.007046669685667339e+01 -9.889750767500085971e+00
-2.626262626262626299e+01 -9.913888965980653722e+00 -1.000203450228867119e+01 -9.825743429672636253e+00
-2.616161616161615910e+01 -9.849098778378966301e+00 -9.935173179472291949e+00 -9.763024377285640654e+00
-2.606060606060605878e+01 -9.786025833072022451e+00 -9.870183887364923692e+00 -9.701867778779121210e+00
-2.595959595959595845e+01 -9.724040152224505462e+00 -9.806400505850307425e+00 -9.641679798598703499e+00
-2.585858585858585457e+01 -9.664009968613241242e+00 -9.744731549809127813e+00 -9.583288387417354670e+00
-2.575757575757575779e+01 -9.604788687678025738e+00 -9.683974397107478538e+00 -9.525602978248572938e+00
-2.565656565656565746e+01 -9.547512671833988662e+00 -9.625377936223284081e+00 -9.469647407444693243e+00
-2.555555555555555358e+01 -9.491187676656096528e+00 -9.568463963054091082e+00 -9.413911390258101974e+00
-2.545454545454545325e+01 -9.436534990823687963e+00 -9.513277662139286051e+00 -9.359792319508089875e+00
-2.535353535353535648e+01 -9.383067123266510379e+00 -9.459322558610665510e+00 -9.306811687922355247e+00
-2.525252525252525260e+01 -9.330976237239202220e+00 -9.406792404885187864e+00 -9.255160069593216576e+00
-2.515151515151515227e+01 -9.280243140333475083e+00 -9.355665947627620938e+00 -9.204820333039329228e+00
-2.505050505050505194e+01 -9.230641030746276954e+00 -9.305712927880676943e+00 -9.155569133611876964e+00
-2.494949494949494806e+01 -9.182517539763113135e+00 -9.257281873122467530e+00 -9.107753206403758739e+00
-2.484848484848484773e+01 -9.135319952619363804e+00 -9.210224695485591084e+00 -9.060415209753136523e+00
-2.474747474747474740e+01 -9.089631798090762160e+00 -9.164666492225054029e+00 -9.014597103956470292e+00
-2.464646464646464352e+01 -9.044789521956806411e+00 -9.119923975860404042e+00 -8.969655068053208780e+00
-2.454545454545454675e+01 -9.001323102941666932e+00 -9.076531108445170304e+00 -8.926115097438163559e+00
-2.444444444444444642e+01 -8.958812535312128844e+00 -9.034069772021954492e+00 -8.883555298602303196e+00
-2.434343434343434254e+01 -8.917461983391515190e+00 -8.992747940690136943e+00 -8.842176026092893437e+00
-2.424242424242424221e+01 -8.877138837452283937e+00 -8.952435608373187748e+00 -8.801842066531380127e+00
-2.414141414141414543e+01 -8.837788864761051855e+00 -8.913081330379720058e+00 -8.762496399142383652e+00
-2.404040404040404155e+01 -8.799506584410250909e+00 -8.874783261245708488e+00 -8.724229907574793330e+00
-2.393939393939394122e+01 -8.762033695847343040e+00 -8.837284749732189582e+00 -8.686782641962496498e+00
-2.383838383838383734e+01 -8.725644044784340636e+00 -8.800863973018554276e+00 -8.650424116550126996e+00
-2.373737373737373701e+01 -8.689918022164265565e+00 -8.765102244486168814e+00 -8.614733799842362316e+00
-2.363636363636363313e+01 -8.655199511725944816e+00 -8.730347524356961486e+00 -8.580051499094928147e+00
-2.353535353535353281e+01 -8.621157617014612029e+00 -8.696270371159709356e+00 -8.546044862869514702e+00
-2.343434343434343248e+01 -8.587966444259373944e+00 -8.663047584234337961e+00 -8.512885304284409926e+00
-2.333333333333332860e+01 -8.555465631523224701e+00 -8.630520635805678964e+00 -8.480410627240770438e+00
-2.323232323232323182e+01 -8.523665376817771033e+00 -8.598701645194864795e+00 -8.448629108440677271e+00
-2.313131313131313149e+01 -8.492556176859794803e+00 -8.567582407226018049e+00 -8.417529946493571558e+00
-2.303030303030302761e+01 -8.462010500374894661e+00 -8.537037378388010467e+00 -8.386983622361778856e+00
-2.292929292929292728e+01 -8.432148201356174155e+00 -8.507186235587793632e+00 -8.357110167124554678e+00
-2.282828282828283051e+01 -8.402723194896170256e+00 -8.477785739130945686e+00 -8.327660650661394826e+00
-2.272727272727272663e+01 -8.373941205334885396e+00 -8.449039564679978298e+00 -8.298842845989792494e+00
-2.262626262626262630e+01 -8.345535966850780696e+00 -8.420684645948323777e+00 -8.270387287753237615e+00
-2.252525252525252597e+01 -8.317677327934209330e+00 -8.392888120725171319e+00 -8.242466535143247341e+00
-2.242424242424242209e+01 -8.290196157403785904e+00 -8.365482685399488361e+00 -8.214909629408083447e+00
-2.232323232323232176e+01 -8.263143768123173416e+00 -8.338517954586395220e+00 -8.187769581659951612e+00
-2.222222222222222143e+01 -8.236469191245308963e+00 -8.311942628738787420e+00 -8.160995753751830506e+00
-2.212121212121211755e+01 -8.210115222712573768e+00 -8.285699265564995031e+00 -8.134531179860152506e+00
-2.202020202020202078e+01 -8.184141161165142009e+00 -8.259844536544752813e+00 -8.108437785785531204e+00
-2.191919191919192045e+01 -8.158388289270094518e+00 -8.234221119112170584e+00 -8.082555459428018452e+00
-2.181818181818181657e+01 -8.133017060350576699e+00 -8.208984774025775977e+00 -8.057049346675377421e+00
-2.171717171717171624e+01 -8.107782739666284044e+00 -8.183893516144687297e+00 -8.031671963187880792e+00
-2.161616161616161946e+01 -8.082885386633273939e+00 -8.159142033093736757e+00 -8.006628740172811121e+00
-2.151515151515151558e+01 -8.058141879304562494e+00 -8.134548616702431900e+00 -7.981735141906692199e+00
-2.141414141414141525e+01 -8.033649758452609646e+00 -8.110207439306913457e+00 -7.957092077598305835e+00
-2.131313131313131493e+01 -8.009332029368604111e+00 -8.086041061552114328e+00 -7.932622997185093006e+00
-2.121212121212121104e+01 -7.985187386203056015e+00 -8.062046502416675864e+00 -7.908328269989435277e+00
-2.111111111111111072e+01 -7.961241240210030767e+00 -8.038247418737748617e+00 -7.884235061682313805e+00
-2.101010101010100684e+01 -7.937396411066242941e+00 -8.014546184861721656e+00 -7.860246637270764225e+00
-2.090909090909090651e+01 -7.913777396290706534e+00 -7.991064860292449445e+00 -7.836489932288963622e+00
-2.080808080808080973e+01 -7.890193743275712990e+00 -7.967613217784450974e+00 -7.812774268766975005e+00
-2.070707070707070585e+01 -7.866834498711678947e+00 -7.944377958087775582e+00 -7.789291039335582312e+00
-2.060606060606060552e+01 -7.843512585202961240e+00 -7.921171918842182080e+00 -7.765853251563740400e+00
-2.050505050505050164e+01 -7.820369054252760854e+00 -7.898134717554792239e+00 -7.742603390950729469e+00
-2.040404040404040131e+01 -7.797299825396292405e+00 -7.875161722586657476e+00 -7.719437928205927335e+00
-2.030303030303030454e+01 -7.774350481778753874e+00 -7.852297715808295386e+00 -7.696403247749212362e+00
-2.020202020202020066e+01 -7.751513464456717628e+00 -7.829534628534387863e+00 -7.673492300379047393e+00
-2.010101010101010033e+01 -7.728741405551016186e+00 -7.806824298185314426e+00 -7.650658512916717946e+00
-2.000000000000000000e+01 -7.706120198329546866e+00 -7.784252744194968265e+00 -7.627987652464125468e+00
