# # Muv, logPhi, -err(logPhi), +err(logPhi)
-3.000000000000000000e+01 -1.449951120944236393e+01 -1.491164883504779759e+01 -1.408737358383693028e+01
-2.989898989898989967e+01 -1.437541301463532761e+01 -1.477385326137676991e+01 -1.397697276789388532e+01
-2.979797979797979579e+01 -1.425028229651104006e+01 -1.463472407018200805e+01 -1.386584052284007207e+01
-2.969696969696969546e+01 -1.412956427450532892e+01 -1.450095332222249134e+01 -1.375817522678816651e+01
-2.959595959595959869e+01 -1.400769068081297419e+01 -1.436572142209598013e+01 -1.364965993952996826e+01
-2.949494949494949481e+01 -1.388953089626037141e+01 -1.423496944421687260e+01 -1.354409234830387021e+01
-2.939393939393939448e+01 -1.377172167349052678e+01 -1.410461074007750071e+01 -1.343883260690355286e+01
-2.929292929292929060e+01 -1.365621387164331146e+01 -1.397699651494315276e+01 -1.333543122834347017e+01
-2.919191919191919027e+01 -1.354235935906852539e+01 -1.385136120323805109e+01 -1.323335751489899970e+01
-2.909090909090909349e+01 -1.342958642725143115e+01 -1.372698848791254456e+01 -1.313218436659031774e+01
-2.898989898989898961e+01 -1.331958590064711601e+01 -1.360594036403268881e+01 -1.303323143726154321e+01
-2.888888888888888928e+01 -1.320962060367596891e+01 -1.348489898276674559e+01 -1.293434222458519223e+01
-2.878787878787878896e+01 -1.310338087647307148e+01 -1.336831324362068329e+01 -1.283844850932545967e+01
-2.868686868686868507e+01 -1.299628644286916135e+01 -1.325068011224867703e+01 -1.274189277348964566e+01
-2.858585858585858475e+01 -1.289280169708905355e+01 -1.313734574939395827e+01 -1.264825764478414882e+01
-2.848484848484848442e+01 -1.278955122086835239e+01 -1.302428138957819925e+01 -1.255482105215850552e+01
-2.838383838383838054e+01 -1.268884113965935789e+01 -1.291422485206309467e+01 -1.246345742725562111e+01
-2.828282828282828376e+01 -1.258937871271328923e+01 -1.280564869110662940e+01 -1.237310873431994906e+01
-2.818181818181818343e+01 -1.249150009322883115e+01 -1.269893935207248425e+01 -1.228406083438517804e+01
-2.808080808080807955e+01 -1.239572847832414126e+01 -1.259472325348354893e+01 -1.219673370316473360e+01
-2.797979797979797922e+01 -1.230072797636105442e+01 -1.249199457714509620e+01 -1.210946137557701263e+01
-2.787878787878788245e+01 -1.220855515978314720e+01 -1.239315910354019579e+01 -1.202395121602609862e+01
-2.777777777777777857e+01 -1.211646967514867868e+01 -1.229443007302917401e+01 -1.193850927726818334e+01
-2.767676767676767824e+01 -1.202742828257122376e+01 -1.219919414230040466e+01 -1.185566242284204286e+01
-2.757575757575757791e+01 -1.193866473881643486e+01 -1.210429158687568396e+01 -1.177303789075718576e+01
-2.747474747474747403e+01 -1.185244116025264738e+01 -1.201229561797542722e+01 -1.169258670252986754e+01
-2.737373737373737370e+01 -1.176724658684770120e+01 -1.192149152179820959e+01 -1.161300165189719280e+01
-2.727272727272726982e+01 -1.168386652873885900e+01 -1.183276388804753232e+01 -1.153496916943018569e+01
-2.717171717171716949e+01 -1.160214172099309771e+01 -1.174712088618284334e+01 -1.145716255580335208e+01
-2.707070707070707272e+01 -1.152162041334726794e+01 -1.166290446036926909e+01 -1.138033636632526679e+01
-2.696969696969696884e+01 -1.144326893832982606e+01 -1.158107609098364321e+01 -1.130546178567600890e+01
-2.686868686868686851e+01 -1.136561133170313198e+01 -1.150002911495118241e+01 -1.123119354845508155e+01
-2.676767676767676818e+01 -1.129047581805283507e+01 -1.142174485500983394e+01 -1.115920678109583619e+01
-2.666666666666666430e+01 -1.121573942996634976e+01 -1.134392553325493580e+01 -1.108755332667776372e+01
-2.656565656565656752e+01 -1.114335658118906203e+01 -1.126867888604327739e+01 -1.101803427633484667e+01
-2.646464646464646364e+01 -1.107189563867731685e+01 -1.119446196984458197e+01 -1.094932930751005173e+01
-2.636363636363636331e+01 -1.100225436886645092e+01 -1.112223640947308745e+01 -1.088227232825981439e+01
-2.626262626262626299e+01 -1.093396085556886455e+01 -1.105149485867497461e+01 -1.081642685246275448e+01
-2.616161616161615910e+01 -1.086703902398935462e+01 -1.098226067552266549e+01 -1.075181737245604374e+01
-2.606060606060605878e+01 -1.080180516831241455e+01 -1.091486783974515440e+01 -1.068874249687967470e+01
-2.595959595959595845e+01 -1.073756969329028443e+01 -1.084858229917558781e+01 -1.062655708740498106e+01
-2.585858585858585457e+01 -1.067528713640835214e+01 -1.078441087431948020e+01 -1.056616339849722408e+01
-2.575757575757575779e+01 -1.061369409503211614e+01 -1.072101836291122190e+01 -1.050636982715301038e+01
-2.565656565656565746e+01 -1.055404892047567600e+01 -1.065972565004596007e+01 -1.044837219090539193e+01
-2.555555555555555358e+01 -1.049524789874253550e+01 -1.059937168542985475e+01 -1.039112411205521624e+01
-2.545454545454545325e+01 -1.043809762056590174e+01 -1.054079695744853495e+01 -1.033539828368326852e+01
-2.535353535353535648e+01 -1.038205425240174407e+01 -1.048343030820876365e+01 -1.028067819659472448e+01
-2.525252525252525260e+01 -1.032733463316056977e+01 -1.042749387731299215e+01 -1.022717538900814738e+01
-2.515151515151515227e+01 -1.027392349961037432e+01 -1.037296726137162395e+01 -1.017487973784912469e+01
-2.505050505050505194e+01 -1.022155950930402035e+01 -1.031957683970227002e+01 -1.012354217890577068e+01
-2.494949494949494806e+01 -1.017065313521773007e+01 -1.026782179352630742e+01 -1.007348447690915272e+01
-2.484848484848484773e+01 -1.012055942559855914e+01 -1.021735146156521346e+01 -1.002376738963190483e+01
-2.474747474747474740e+01 -1.007197317184938790e+01 -1.016842869089758850e+01 -9.975517652801187296e+00
-2.464646464646464352e+01 -1.002410957523177792e+01 -1.012025990364566574e+01 -9.927959246817890104e+00
-2.454545454545454675e+01 -9.977609793285523665e+00 -1.007348970189821635e+01 -9.881729884672830977e+00
-2.444444444444444642e+01 -9.931973934450514463e+00 -1.002761283938831127e+01 -9.836335029512717654e+00
-2.434343434343434254e+01 -9.887456966318856288e+00 -9.982883981409480967e+00 -9.792029951228231610e+00
-2.424242424242424221e+01 -9.843906446828050605e+00 -9.939147891004411761e+00 -9.748665002651689448e+00
-2.414141414141414543e+01 -9.801260873292624964e+00 -9.896341035523770202e+00 -9.706180711061479727e+00
-2.404040404040404155e+01 -9.759652653675253475e+00 -9.854594013753043669e+00 -9.664711293597463282e+00
-2.393939393939394122e+01 -9.718760669164954180e+00 -9.813583236689270350e+00 -9.623938101640638010e+00
-2.383838383838383734e+01 -9.678951777567645465e+00 -9.773673838975440731e+00 -9.584229716159850199e+00
-2.373737373737373701e+01 -9.639690773858376360e+00 -9.734328398688738559e+00 -9.545053149028014161e+00
-2.363636363636363313e+01 -9.601442660253418637e+00 -9.696009959759596342e+00 -9.506875360747240933e+00
-2.353535353535353281e+01 -9.563783573072463184e+00 -9.658292801450970799e+00 -9.469274344693955570e+00
-2.343434343434343248e+01 -9.526959961539144928e+00 -9.621421368239847283e+00 -9.432498554838442573e+00
-2.333333333333332860e+01 -9.490772450976827201e+00 -9.585194574370625276e+00 -9.396350327583029127e+00
-2.323232323232323182e+01 -9.455249172576477790e+00 -9.549638778709715226e+00 -9.360859566443240354e+00
-2.313131313131313149e+01 -9.420395041350884568e+00 -9.514757304013055972e+00 -9.326032778688713165e+00
-2.303030303030302761e+01 -9.386049497889011661e+00 -9.480388027243325411e+00 -9.291710968534697912e+00
-2.292929292929292728e+01 -9.352396551044604323e+00 -9.446713694521870153e+00 -9.258079407567338492e+00
-2.282828282828283051e+01 -9.319109692742738815e+00 -9.413406224182756077e+00 -9.224813161302721554e+00
-2.272727272727272663e+01 -9.286493337575283391e+00 -9.380769346931510100e+00 -9.192217328219056682e+00
-2.262626262626262630e+01 -9.254191144040952111e+00 -9.348445085198807902e+00 -9.159937202883096319e+00
-2.252525252525252597e+01 -9.222457333980129235e+00 -9.316687439271408522e+00 -9.128227228688849948e+00
-2.242424242424242209e+01 -9.191070585679366189e+00 -9.285273808504292958e+00 -9.096867362854439421e+00
-2.232323232323232176e+01 -9.160117756257458055e+00 -9.254363968609709445e+00 -9.065871543905206664e+00
-2.222222222222222143e+01 -9.129542293080115556e+00 -9.223959408345653088e+00 -9.035125177814578024e+00
-2.212121212121211755e+01 -9.099277450707148773e+00 -9.193870290729721617e+00 -9.004684610684575929e+00
-2.202020202020202078e+01 -9.069419639126206079e+00 -9.164190266682332719e+00 -8.974649011570079438e+00
-2.191919191919192045e+01 -9.039759096049568399e+00 -9.134711578970041046e+00 -8.944806613129095751e+00
-2.181818181818181657e+01 -9.010531035893965424e+00 -9.105664530930763334e+00 -8.915397540857167513e+00
-2.171717171717171624e+01 -8.981405651275128577e+00 -9.076722876252198091e+00 -8.886088426298059062e+00
-2.161616161616161946e+01 -8.952670167726898498e+00 -9.048168359350823309e+00 -8.857171976102973687e+00
-2.151515151515151558e+01 -8.924080107427547759e+00 -9.019758574503832449e+00 -8.828401640351263069e+00
-2.141414141414141525e+01 -8.895777801205481339e+00 -8.991632691734047000e+00 -8.799922910676915677e+00
-2.131313131313131493e+01 -8.867664616438792891e+00 -8.963692105129936749e+00 -8.771637127747649032e+00
-2.121212121212121104e+01 -8.839744905559184573e+00 -8.935939867571534023e+00 -8.743549943546835124e+00
-2.111111111111111072e+01 -8.812059109774585508e+00 -8.908415006628736421e+00 -8.715703212920434595e+00
-2.101010101010100684e+01 -8.784479473604624999e+00 -8.880989763786818258e+00 -8.687969183422431740e+00
-2.090909090909090651e+01 -8.757179543046973436e+00 -8.853835489258999658e+00 -8.660523596834947213e+00
-2.080808080808080973e+01 -8.729904605394239070e+00 -8.826698133435725069e+00 -8.633111077352753071e+00
-2.070707070707070585e+01 -8.702913564630719634e+00 -8.799834438707531348e+00 -8.605992690553907920e+00
-2.060606060606060552e+01 -8.675956435421500856e+00 -8.772994677332659919e+00 -8.578918193510341794e+00
-2.050505050505050164e+01 -8.649225293455478081e+00 -8.746369677189067104e+00 -8.552080909721889057e+00
-2.040404040404040131e+01 -8.622582028983936553e+00 -8.719821006916706807e+00 -8.525343051051166299e+00
-2.030303030303030454e+01 -8.596088985541900485e+00 -8.693410379880528893e+00 -8.498767591203272076e+00
-2.020202020202020066e+01 -8.569737350828628308e+00 -8.667128639918020738e+00 -8.472346061739235878e+00
-2.010101010101010033e+01 -8.543464255142581010e+00 -8.640912232356452449e+00 -8.446016277928709570e+00
-2.000000000000000000e+01 -8.517385383589752834e+00 -8.614877141617595768e+00 -8.419893625561909900e+00
