# # Muv, logPhi, -err(logPhi), +err(logPhi)
-3.000000000000000000e+01 -1.563264833895012629e+01 -1.608046410584663732e+01 -1.518483257205361703e+01
-2.989898989898989967e+01 -1.550772976226598843e+01 -1.594170076717359308e+01 -1.507375875735838378e+01
-2.979797979797979579e+01 -1.538171600780153092e+01 -1.580152598562209931e+01 -1.496190602998096253e+01
-2.969696969696969546e+01 -1.526013592369710281e+01 -1.566674205282129861e+01 -1.485352979457290701e+01
-2.959595959595959869e+01 -1.513733222301176262e+01 -1.553041306549009093e+01 -1.474425138053343431e+01
-2.949494949494949481e+01 -1.501825264275205818e+01 -1.539858206059804502e+01 -1.463792322490607134e+01
-2.939393939393939448e+01 -1.489947803289514106e+01 -1.526709041897015062e+01 -1.453186564682013149e+01
-2.929292929292929060e+01 -1.478299059503781443e+01 -1.513832928981137194e+01 -1.442765190026425692e+01
-2.919191919191919027e+01 -1.466813311051418722e+01 -1.501152226135641321e+01 -1.432474395967196124e+01
-2.909090909090909349e+01 -1.455431847526860700e+01 -1.488593253372535941e+01 -1.422270441681185460e+01
-2.898989898989898961e+01 -1.444327503659673262e+01 -1.476367096364420739e+01 -1.412287910954925785e+01
-2.888888888888888928e+01 -1.433220361552291067e+01 -1.464134003388956629e+01 -1.402306719715625505e+01
-2.878787878787878896e+01 -1.422487861352751182e+01 -1.452349611810248753e+01 -1.392626110895253611e+01
-2.868686868686868507e+01 -1.411661114906024750e+01 -1.440449827457217147e+01 -1.382872402354832353e+01
-2.858585858585858475e+01 -1.401197252480687716e+01 -1.428982803939563340e+01 -1.373411701021812092e+01
-2.848484848484848442e+01 -1.390750322055592925e+01 -1.417535085936514605e+01 -1.363965558174671244e+01
-2.838383838383838054e+01 -1.380556699139395604e+01 -1.406387668526946477e+01 -1.354725729751844732e+01
-2.828282828282828376e+01 -1.370483823047442229e+01 -1.395383744584360564e+01 -1.345583901510523894e+01
-2.818181818181818343e+01 -1.360565850291349044e+01 -1.384562583678070169e+01 -1.336569116904627919e+01
-2.808080808080807955e+01 -1.350857010343465348e+01 -1.373989271887831798e+01 -1.327724748799098897e+01
-2.797979797979797922e+01 -1.341219067391564757e+01 -1.363524449411183248e+01 -1.318913685371946265e+01
-2.787878787878788245e+01 -1.331864757233212337e+01 -1.353484759051380060e+01 -1.310244755415044615e+01
-2.777777777777777857e+01 -1.322510231297688321e+01 -1.343445242558495956e+01 -1.301575220036880687e+01
-2.767676767676767824e+01 -1.313461917478937124e+01 -1.333757636471514374e+01 -1.293166198486359875e+01
-2.757575757575757791e+01 -1.304432661448219122e+01 -1.324093226792088451e+01 -1.284772096104349792e+01
-2.747474747474747403e+01 -1.295657418202172906e+01 -1.314719888812985715e+01 -1.276594947591360096e+01
-2.737373737373737370e+01 -1.286979037114635815e+01 -1.305458883204010156e+01 -1.268499191025261474e+01
-2.727272727272726982e+01 -1.278479108995179558e+01 -1.296402297940431225e+01 -1.260555920049927892e+01
-2.717171717171716949e+01 -1.270141320307084420e+01 -1.287581172433857546e+01 -1.252701468180311295e+01
-2.707070707070707272e+01 -1.261917889503404488e+01 -1.278969253997745170e+01 -1.244866525009063807e+01
-2.696969696969696884e+01 -1.253910680233605213e+01 -1.270595581289440013e+01 -1.237225779177770413e+01
-2.686868686868686851e+01 -1.245963889192241858e+01 -1.262290030034994537e+01 -1.229637748349489179e+01
-2.676767676767676818e+01 -1.238270767135023220e+01 -1.254262729545053290e+01 -1.222278804724993151e+01
-2.666666666666666430e+01 -1.230606386939465224e+01 -1.246269413480356292e+01 -1.214943360398574157e+01
-2.656565656565656752e+01 -1.223178115389037401e+01 -1.238534520379299764e+01 -1.207821710398775039e+01
-2.646464646464646364e+01 -1.215833734924740916e+01 -1.230893411302105989e+01 -1.200774058547375844e+01
-2.636363636363636331e+01 -1.208668858142463165e+01 -1.223448906908982003e+01 -1.193888809375944327e+01
-2.626262626262626299e+01 -1.201633287927413996e+01 -1.216146862605475754e+01 -1.187119713249352237e+01
-2.616161616161615910e+01 -1.194729250942669552e+01 -1.208989420600037690e+01 -1.180469081285301414e+01
-2.606060606060605878e+01 -1.187991339693783921e+01 -1.202013360363835837e+01 -1.173969319023732005e+01
-2.595959595959595845e+01 -1.181344509093299955e+01 -1.195138375501806749e+01 -1.167550642684793161e+01
-2.585858585858585457e+01 -1.174893068610235325e+01 -1.188475186539620054e+01 -1.161310950680850596e+01
-2.575757575757575779e+01 -1.168498753753691943e+01 -1.181876804527818159e+01 -1.155120702979565728e+01
-2.565656565656565746e+01 -1.162299900105421457e+01 -1.175489437079137289e+01 -1.149110363131705626e+01
-2.555555555555555358e+01 -1.156174972898767983e+01 -1.169184417095896222e+01 -1.143165528701639744e+01
-2.545454545454545325e+01 -1.150213373506239378e+01 -1.163055638122492930e+01 -1.137371108889985827e+01
-2.535353535353535648e+01 -1.144355000605058592e+01 -1.157039583037979114e+01 -1.131670418172138071e+01
-2.525252525252525260e+01 -1.138624071284117178e+01 -1.151161321861821563e+01 -1.126086820706412794e+01
-2.515151515151515227e+01 -1.133019518547519233e+01 -1.145419348176264407e+01 -1.120619688918774060e+01
-2.505050505050505194e+01 -1.127511674235363515e+01 -1.139782380795632832e+01 -1.115240967675094197e+01
-2.494949494949494806e+01 -1.122148083805689822e+01 -1.134299487079759317e+01 -1.109996680531620328e+01
-2.484848484848484773e+01 -1.116854804031036075e+01 -1.128893529299693377e+01 -1.104816078762378773e+01
-2.474747474747474740e+01 -1.111712774449707553e+01 -1.123647973070547401e+01 -1.099777575828867704e+01
-2.464646464646464352e+01 -1.106631095702701018e+01 -1.118468418690112109e+01 -1.094793772715289926e+01
-2.454545454545454675e+01 -1.101685324295279678e+01 -1.113432482553302449e+01 -1.089938166037256906e+01
-2.444444444444444642e+01 -1.096817306042256313e+01 -1.108479800783371694e+01 -1.085154811301140931e+01
-2.434343434343434254e+01 -1.092057762186313496e+01 -1.103641594675115911e+01 -1.080473929697511082e+01
-2.424242424242424221e+01 -1.087389459632427879e+01 -1.098907999949953940e+01 -1.075870919314901819e+01
-2.414141414141414543e+01 -1.082805485521948263e+01 -1.094298011379012614e+01 -1.071312959664883913e+01
-2.404040404040404155e+01 -1.078323032444190765e+01 -1.089791877223275485e+01 -1.066854187665106046e+01
-2.393939393939394122e+01 -1.073903487818851055e+01 -1.085350549789057695e+01 -1.062456425848644415e+01
-2.383838383838383734e+01 -1.069593170645133284e+01 -1.081020483943123800e+01 -1.058165857347142769e+01
-2.373737373737373701e+01 -1.065326591782185517e+01 -1.076735633233025879e+01 -1.053917550331345154e+01
-2.363636363636363313e+01 -1.061162779882331364e+01 -1.072555207054395332e+01 -1.049770352710267396e+01
-2.353535353535353281e+01 -1.057049708960613721e+01 -1.068426743771046006e+01 -1.045672674150181436e+01
-2.343434343434343248e+01 -1.053019485927178778e+01 -1.064382367435294263e+01 -1.041656604419063292e+01
-2.333333333333332860e+01 -1.049048116579897716e+01 -1.060397824106734710e+01 -1.037698409053060722e+01
-2.323232323232323182e+01 -1.045140206104475489e+01 -1.056477606311991835e+01 -1.033802805896959143e+01
-2.313131313131313149e+01 -1.041297739760202745e+01 -1.052623587073886746e+01 -1.029971892446518744e+01
-2.303030303030302761e+01 -1.037501115888685632e+01 -1.048815951445238603e+01 -1.026186280332132661e+01
-2.292929292929292728e+01 -1.033775425689729310e+01 -1.045079813681484104e+01 -1.022471037697974516e+01
-2.282828282828283051e+01 -1.030079475049826598e+01 -1.041373673439608716e+01 -1.018785276660044481e+01
-2.272727272727272663e+01 -1.026454028462028667e+01 -1.037738427661049379e+01 -1.015169629263007955e+01
-2.262626262626262630e+01 -1.022853860463222375e+01 -1.034128533133174166e+01 -1.011579187793270584e+01
-2.252525252525252597e+01 -1.019313216555300805e+01 -1.030578366366841969e+01 -1.008048066743759641e+01
-2.242424242424242209e+01 -1.015804357603179398e+01 -1.027059979792616318e+01 -1.004548735413742477e+01
-2.232323232323232176e+01 -1.012339623875250183e+01 -1.023585746628328863e+01 -1.001093501122171503e+01
-2.222222222222222143e+01 -1.008912701321902716e+01 -1.020149289939367243e+01 -9.976761127044381894e+00
-2.212121212121211755e+01 -1.005515758586077979e+01 -1.016742704135361564e+01 -9.942888130367943944e+00
-2.202020202020202078e+01 -1.002162360300748567e+01 -1.013379641262260122e+01 -9.909450793392370116e+00
-2.191919191919192045e+01 -9.988259036209051089e+00 -1.010033309211430819e+01 -9.876184980303793992e+00
-2.181818181818181657e+01 -9.955379234961656110e+00 -1.006735476207291846e+01 -9.843403707850393758e+00
-2.171717171717171624e+01 -9.922561115550546873e+00 -1.003456866699339400e+01 -9.810553564107699742e+00
-2.161616161616161946e+01 -9.890185874319250559e+00 -1.000240825917555476e+01 -9.777963489462946356e+00
-2.151515151515151558e+01 -9.857941478072758557e+00 -9.970374312241409243e+00 -9.745508643904107871e+00
-2.141414141414141525e+01 -9.826018393746855040e+00 -9.938654049775454524e+00 -9.713382737718255555e+00
-2.131313131313131493e+01 -9.794293901767543886e+00 -9.907125234050303320e+00 -9.681462569484784453e+00
-2.121212121212121104e+01 -9.762777794865192149e+00 -9.875796591022194093e+00 -9.649758998708190205e+00
-2.111111111111111072e+01 -9.731526946999506933e+00 -9.844723753224112528e+00 -9.618330140774901338e+00
-2.101010101010100684e+01 -9.700379182495183272e+00 -9.813744956600872982e+00 -9.587013408389493563e+00
-2.090909090909090651e+01 -9.669562385839560292e+00 -9.783085872897251178e+00 -9.556038898781869406e+00
-2.080808080808080973e+01 -9.638750094690506032e+00 -9.752421190762403214e+00 -9.525078998618608850e+00
-2.070707070707070585e+01 -9.608278944063544103e+00 -9.722085298318917879e+00 -9.494472589808170326e+00
-2.060606060606060552e+01 -9.577828761575897687e+00 -9.691758653634279241e+00 -9.463898869517516133e+00
-2.050505050505050164e+01 -9.547648559425168102e+00 -9.661689031187439269e+00 -9.433608087662896935e+00
-2.040404040404040131e+01 -9.517562378519443200e+00 -9.631700359043021464e+00 -9.403424397995864936e+00
-2.030303030303030454e+01 -9.487651297767081715e+00 -9.601873173287685859e+00 -9.373429422246477571e+00
-2.020202020202020066e+01 -9.457905462047150991e+00 -9.572197400913770693e+00 -9.343613523180531288e+00
-2.010101010101010033e+01 -9.428244613391798978e+00 -9.542592178098066924e+00 -9.313897048685531033e+00
-2.000000000000000000e+01 -9.398818339554676271e+00 -9.513207538386618367e+00 -9.284429140722734175e+00
